4 151 8
300.0440999999999 302.0443999999999 304.0446999999999 306.0449999999999 308.0452999999999 310.0455999999999 312.0458999999999 314.0461999999999 316.04649999999987 318.0467999999999 320.0470999999999 322.04739999999987 324.0476999999999 326.0479999999999 328.04829999999987 330.0485999999999 332.0488999999999 334.04919999999987 336.0494999999999 338.0497999999999 340.0500999999999 342.05039999999985 344.0506999999999 346.0509999999999 348.05129999999986 350.0515999999999 352.0518999999999 354.05219999999986 356.0524999999999 358.0527999999999 360.05309999999986 362.0533999999999 364.0536999999999 366.05399999999986 368.0542999999999 369.99 372.04 373.98 376.04 377.98 380.03 381.97 384.02 385.96 388.01 389.95 392.0 394.05 395.99 398.05 399.99 402.04 403.99 406.05 407.99 410.06 412.01 413.96 416.02 417.97 420.04 422.0 423.95 426.02 427.98 430.05 432.01 433.96 436.03 437.99 440.06 442.01 443.96 446.03 447.98 450.04 451.98 454.04 455.99 458.04 459.98 462.03 463.97 466.02 467.95 470.0 472.05 473.98 476.02 477.96 480.0 482.05 483.98 486.03 487.96 490.01 492.06 493.99 496.05 497.98 500.04 501.98 504.04 505.98 508.04 509.99 512.05 514.0 515.95 518.01 519.96 522.03 523.98 526.04 527.99 530.05 532.0 534.06 536.0 538.06 540.0 542.05 543.99 546.04 547.98 550.03 551.96 554.0 556.04 557.97 560.01 562.05 563.98 566.01 568.05 569.98 572.01 574.05 575.97 578.01 580.05 581.98 584.02 585.95 588.0 590.04 591.97 594.02 595.96 598.01 599.95
0.0 39.77 47.82 50.0 60.0 70.0 80.0 90.0
71.26779678068006 73.32175368493485 75.01714187500619 76.24416891811545 77.14412143968059 77.99209585180297 79.05148360768523 80.39415730529218 81.82038918500812 82.96467963102775 83.51450624736678 83.4556785296219 83.12805325891539 82.98077182156888 83.32868552379186 84.25771881722747 85.4041796533665 86.14172499639037 86.01162614459474 85.03272263755538 83.68616753627195 82.59144669411103 82.32928298733809 83.07212773082574 84.4362743610707 85.1343384425031 83.9432221707475 81.06072522290289 77.43194310569811 74.07210670836604 71.50062218476317 69.37144387418654 66.03080241384177 60.61492849369617 53.39197175371593 45.05729571939347 36.8851824971442 30.07430314021079 24.634473253178864 20.07898349405399 15.811754188511832 11.373955128172213 6.879444748423365 3.594647048254884 1.8901485309714736 1.1345604678802506 0.766899760162593 0.5830530903267431 0.5013752584239687 0.4708179731540226 0.4914121185590873 0.573452344748872 0.7067218386316433 0.8502833063380044 0.9528881371384146 1.0042825623348364 1.0249206289755328 1.0353004283948135 1.0354252650195102 1.0252793885958624 1.0048734221234124 0.9536853167401595 0.8614591659927374 0.7384478733504048 0.6359257045449592 0.6257064584088466 0.6359966784470521 0.6257677308456153 0.6052777470164858 0.5745228455559261 0.5540243709476166 0.5232614917058551 0.49249528022552774 0.4514662197799123 0.40017246275750723 0.3283538682692346 0.21548627030583303 0.12313723222272072 0.0820927558202653 0.06157047132458035 0.0513093716492422 0.0410479912643937 0.04104841431803529 0.030786614209086915 0.030786872848103677 0.030787121566008914 0.0307873460568061 0.03078753738278861 0.03078772051642461 0.030787878173760948 0.03078802826407439 0.030788164432255176 0.030788280483215212 0.030788392081572625 0.030788487192466348 0.04105143820540874 0.04105154827434132 0.04105164208160243 0.051314665884005836 0.06157771432374593 0.08210376756963164 0.10262986760043936 0.14368202736850938 0.21552331294715055 0.28736476559842244 0.3592063298343486 0.4105219270273847 0.4515745032858603 0.4823640456114628 0.5131536178609496 0.5336800990570076 0.5336804221093105 0.5644699683218318 0.5644702465131045 0.5439442852751012 0.49262898534086186 0.4413136184340854 0.441313764080083 0.44131388818305156 0.44131400742804755 0.4413141090350714 0.4413142062146553 0.4413142894451268 0.44131436904889454 0.44131443722636926 0.44131450243305864 0.44131455800579916 0.4413146111983485 0.44131465923280355 0.4413147003815507 0.44131473976788665 0.4413147753349179 0.44131480580343674 0.4413148348311543 0.4413148611798699 0.4413148837515123 0.4413149052557816 0.44131492477539613 0.4413149414143373 0.4413149574276431 0.4413149718881325 0.44131498427571836 0.4413149961327393 0.44131500629006243 0.44131501605760126 0.44131502483272006 0.4413150323499301 0.4413150395786692 0.4413150457697962 0.4413150516911474 0.44131505676254884
7.780079405254469 6.513359495319115 5.866611574327834 5.713281470167507 5.823626862975622 6.053870958569897 6.272804571995802 6.444671108097485 6.567336567300118 6.629971816607208 6.63986456619932 6.5773329940964755 6.450172159855713 6.285690534703605 6.159945020533771 6.161078150813626 6.321598245274631 6.635398339368217 6.988067814033325 7.291642610327352 7.48594574907705 7.57933139169323 7.580596247735079 7.4889079659169315 7.273507139418368 6.943662537587515 6.478654247926546 5.9487413632243245 5.4249710517371135 5.039975083834142 4.856057634397817 4.894956529916174 5.117029682109152 5.441283245299088 5.796400064997617 6.130952875585387 6.394111053436158 6.574625791763098 6.662691994091871 6.6574236699462634 6.548957750194707 6.346936773735433 6.072333310011006 5.745338253464158 5.417891765331228 5.14139330609238 4.978186852261098 4.948978601249966 5.09519200909534 5.427518616703665 5.956263811035225 6.671382434593366 7.58315987678398 8.691838795086161 9.945558495743072 11.334197659633006 12.805801060812133 14.339750994798893 15.915418691770578 17.501519170434126 19.108582478089506 20.736384515778663 22.41607047472519 24.209893375982087 26.12802537855651 28.253532663732678 30.60697900786268 33.21954377204617 36.03952763511094 39.025314186090384 42.07343395201665 45.04898970952531 47.84841175417891 50.32665651948157 52.41099000896817 54.04970004231381 55.19080624018384 55.865504294297175 56.10475778493276 56.001932267241436 55.639858350558974 55.16372754191989 54.67712548013006 54.2837779574092 54.0769235746262 54.05662923618257 54.27470269037311 54.68966977058338 55.343040890721575 56.265885793108275 57.644826133121335 59.60424675864572 62.06121224942481 64.74623964740952 67.32758975233833 69.50466979692386 71.26709710245339 72.80144969712438 74.22177567440893 75.6420825242465 77.05202359022303 78.31682163381296 79.22916664026997 79.76831171369295 80.04829755903741 80.26607243368844 80.60823948970132 81.04369233571293 81.41694167593202 81.62432783279903 81.57254771189056 81.22014210209667 81.20981765791029 80.87813500479723 80.21472350286841 79.31288408298798 78.26591054966227 78.26593637963022 78.2659583889937 78.26597953680741 78.2659975565691 78.26601479113496 78.26602955185923 78.2660436693963 78.26605576050773 78.26606732475751 78.26607718044961 78.26608661402051 78.26609513281578 78.26610243044728 78.26610941551938 78.26611572324697 78.26612112676563 78.26612627476163 78.26613094764306 78.26613495066965 78.26613876440017 78.26614222615694 78.26614517703321 78.26614801695453 78.26615058148762 78.26615277839622 78.26615488121041 78.26615668258728 78.26615841483684 78.26615997108308 78.26616130424223 78.26616258624175 78.26616368422326 78.26616473436069 78.26616563376155
11.140373105062466 11.34508477775659 11.4905473179278 11.599062813779499 11.75497912206091 12.014773560043839 12.482304742979853 13.150542122160207 13.946410785755253 14.754342354548948 15.498819628070457 16.10100720033495 16.55568525294272 16.858444051893184 16.986183872243952 16.935422245482698 16.72305511426152 16.37700273838374 15.976264170048713 15.621949979876367 15.39700265937707 15.29434768454639 15.265609536717243 15.261297362223905 15.2105159272715 15.072235348029222 14.825619253310787 14.449709431038816 13.975256064759844 13.412613434585731 12.824271726099525 12.262760497467701 11.812200729905896 11.557103687230144 11.55088276978139 11.836121615649555 12.436008167185435 13.339538261052818 14.548850655739486 16.02105323375167 17.705303279675437 19.56892780376301 21.55014109142333 23.594929409587643 25.6412252195462 27.677030802272935 29.671783598052023 31.603562417508755 33.50332335671101 35.34045497687808 37.166482276908944 39.01413623941222 40.87187779546127 42.761712001867764 44.67213232537272 46.56177520375799 48.37682842904074 50.10711551421644 51.66828391651533 53.0278827211446 54.16533227133474 55.05882912769015 55.719188640327786 56.188969991901146 56.467701738362315 56.62987235788247 56.71747199998863 56.81538086005522 56.92377983767215 57.08475709259253 57.31975942303291 57.61799404149445 57.96901981027067 58.34117624422871 58.713117598707555 59.063838325894714 59.37202528472639 59.680179964700855 60.030547325483056 60.55031081881015 61.493542988688006 63.01919716915933 65.0001375953551 67.21406647337373 69.32203804062061 71.14409010868525 72.78608168640655 74.40683660120762 76.16526501216711 78.0825048104453 80.08446763288218 81.84283299173671 83.06104537608071 83.71795788202886 83.85589351827872 83.79259919706851 83.6975084692862 83.5600216180835 83.253077317568 82.68133713628522 81.79186901699914 80.59524566989867 79.16561804706113 77.7147877042206 76.4334018438642 75.52267621967886 75.0779389695115 75.16272893743574 75.72409834633893 76.75146081008923 78.1918576561107 80.00293245008264 80.71255793207611 81.57045368896344 82.55543428077705 83.68868566772632 84.97020462917953 84.97023267175449 84.97025656645022 84.97027952579542 84.97029908913824 84.97031780002497 84.9703338251597 84.97034915201152 84.97036227885314 84.97037483370192 84.97038553363716 84.9703957752921 84.97040502381131 84.97041294656128 84.9704205299779 84.97042737802836 84.97043324441492 84.97043883339065 84.97044390655327 84.97044825248095 84.9704523928974 84.97045615118985 84.97045935483953 84.97046243802984 84.97046522224201 84.97046760733882 84.97046989028105 84.9704718459647 84.97047372659955 84.97047541615457 84.97047686351274 84.97047825532894 84.97047944736406 84.97048058745673 84.97048156390069
11.140373105062466 11.34508477775659 11.4905473179278 11.599062813779499 11.75497912206091 12.014773560043839 12.482304742979853 13.150542122160207 13.946410785755253 14.754342354548948 15.498819628070457 16.10100720033495 16.55568525294272 16.858444051893184 16.986183872243952 16.935422245482698 16.72305511426152 16.37700273838374 15.976264170048713 15.621949979876367 15.39700265937707 15.29434768454639 15.265609536717243 15.261297362223905 15.2105159272715 15.072235348029222 14.825619253310787 14.449709431038816 13.975256064759844 13.412613434585731 12.824271726099525 12.262760497467701 11.812200729905896 11.557103687230144 11.55088276978139 11.836121615649555 12.436008167185435 13.339538261052818 14.548850655739486 16.02105323375167 17.705303279675437 19.56892780376301 21.55014109142333 23.594929409587643 25.6412252195462 27.677030802272935 29.671783598052023 31.603562417508755 33.50332335671101 35.34045497687808 37.166482276908944 39.01413623941222 40.87187779546127 42.761712001867764 44.67213232537272 46.56177520375799 48.37682842904074 50.10711551421644 51.66828391651533 53.0278827211446 54.16533227133474 55.05882912769015 55.719188640327786 56.188969991901146 56.467701738362315 56.62987235788247 56.71747199998863 56.81538086005522 56.92377983767215 57.08475709259253 57.31975942303291 57.61799404149445 57.96901981027067 58.34117624422871 58.713117598707555 59.063838325894714 59.37202528472639 59.680179964700855 60.030547325483056 60.55031081881015 61.493542988688006 63.01919716915933 65.0001375953551 67.21406647337373 69.32203804062061 71.14409010868525 72.78608168640655 74.40683660120762 76.16526501216711 78.0825048104453 80.08446763288218 81.84283299173671 83.06104537608071 83.71795788202886 83.85589351827872 83.79259919706851 83.6975084692862 83.5600216180835 83.253077317568 82.68133713628522 81.79186901699914 80.59524566989867 79.16561804706113 77.7147877042206 76.4334018438642 75.52267621967886 75.0779389695115 75.16272893743574 75.72409834633893 76.75146081008923 78.1918576561107 80.00293245008264 80.71255793207611 81.57045368896344 82.55543428077705 83.68868566772632 84.97020462917953 84.97023267175449 84.97025656645022 84.97027952579542 84.97029908913824 84.97031780002497 84.9703338251597 84.97034915201152 84.97036227885314 84.97037483370192 84.97038553363716 84.9703957752921 84.97040502381131 84.97041294656128 84.9704205299779 84.97042737802836 84.97043324441492 84.97043883339065 84.97044390655327 84.97044825248095 84.9704523928974 84.97045615118985 84.97045935483953 84.97046243802984 84.97046522224201 84.97046760733882 84.97046989028105 84.9704718459647 84.97047372659955 84.97047541615457 84.97047686351274 84.97047825532894 84.97047944736406 84.97048058745673 84.97048156390069
11.140373105062466 11.34508477775659 11.4905473179278 11.599062813779499 11.75497912206091 12.014773560043839 12.482304742979853 13.150542122160207 13.946410785755253 14.754342354548948 15.498819628070457 16.10100720033495 16.55568525294272 16.858444051893184 16.986183872243952 16.935422245482698 16.72305511426152 16.37700273838374 15.976264170048713 15.621949979876367 15.39700265937707 15.29434768454639 15.265609536717243 15.261297362223905 15.2105159272715 15.072235348029222 14.825619253310787 14.449709431038816 13.975256064759844 13.412613434585731 12.824271726099525 12.262760497467701 11.812200729905896 11.557103687230144 11.55088276978139 11.836121615649555 12.436008167185435 13.339538261052818 14.548850655739486 16.02105323375167 17.705303279675437 19.56892780376301 21.55014109142333 23.594929409587643 25.6412252195462 27.677030802272935 29.671783598052023 31.603562417508755 33.50332335671101 35.34045497687808 37.166482276908944 39.01413623941222 40.87187779546127 42.761712001867764 44.67213232537272 46.56177520375799 48.37682842904074 50.10711551421644 51.66828391651533 53.0278827211446 54.16533227133474 55.05882912769015 55.719188640327786 56.188969991901146 56.467701738362315 56.62987235788247 56.71747199998863 56.81538086005522 56.92377983767215 57.08475709259253 57.31975942303291 57.61799404149445 57.96901981027067 58.34117624422871 58.713117598707555 59.063838325894714 59.37202528472639 59.680179964700855 60.030547325483056 60.55031081881015 61.493542988688006 63.01919716915933 65.0001375953551 67.21406647337373 69.32203804062061 71.14409010868525 72.78608168640655 74.40683660120762 76.16526501216711 78.0825048104453 80.08446763288218 81.84283299173671 83.06104537608071 83.71795788202886 83.85589351827872 83.79259919706851 83.6975084692862 83.5600216180835 83.253077317568 82.68133713628522 81.79186901699914 80.59524566989867 79.16561804706113 77.7147877042206 76.4334018438642 75.52267621967886 75.0779389695115 75.16272893743574 75.72409834633893 76.75146081008923 78.1918576561107 80.00293245008264 80.71255793207611 81.57045368896344 82.55543428077705 83.68868566772632 84.97020462917953 84.97023267175449 84.97025656645022 84.97027952579542 84.97029908913824 84.97031780002497 84.9703338251597 84.97034915201152 84.97036227885314 84.97037483370192 84.97038553363716 84.9703957752921 84.97040502381131 84.97041294656128 84.9704205299779 84.97042737802836 84.97043324441492 84.97043883339065 84.97044390655327 84.97044825248095 84.9704523928974 84.97045615118985 84.97045935483953 84.97046243802984 84.97046522224201 84.97046760733882 84.97046989028105 84.9704718459647 84.97047372659955 84.97047541615457 84.97047686351274 84.97047825532894 84.97047944736406 84.97048058745673 84.97048156390069
11.140373105062466 11.34508477775659 11.4905473179278 11.599062813779499 11.75497912206091 12.014773560043839 12.482304742979853 13.150542122160207 13.946410785755253 14.754342354548948 15.498819628070457 16.10100720033495 16.55568525294272 16.858444051893184 16.986183872243952 16.935422245482698 16.72305511426152 16.37700273838374 15.976264170048713 15.621949979876367 15.39700265937707 15.29434768454639 15.265609536717243 15.261297362223905 15.2105159272715 15.072235348029222 14.825619253310787 14.449709431038816 13.975256064759844 13.412613434585731 12.824271726099525 12.262760497467701 11.812200729905896 11.557103687230144 11.55088276978139 11.836121615649555 12.436008167185435 13.339538261052818 14.548850655739486 16.02105323375167 17.705303279675437 19.56892780376301 21.55014109142333 23.594929409587643 25.6412252195462 27.677030802272935 29.671783598052023 31.603562417508755 33.50332335671101 35.34045497687808 37.166482276908944 39.01413623941222 40.87187779546127 42.761712001867764 44.67213232537272 46.56177520375799 48.37682842904074 50.10711551421644 51.66828391651533 53.0278827211446 54.16533227133474 55.05882912769015 55.719188640327786 56.188969991901146 56.467701738362315 56.62987235788247 56.71747199998863 56.81538086005522 56.92377983767215 57.08475709259253 57.31975942303291 57.61799404149445 57.96901981027067 58.34117624422871 58.713117598707555 59.063838325894714 59.37202528472639 59.680179964700855 60.030547325483056 60.55031081881015 61.493542988688006 63.01919716915933 65.0001375953551 67.21406647337373 69.32203804062061 71.14409010868525 72.78608168640655 74.40683660120762 76.16526501216711 78.0825048104453 80.08446763288218 81.84283299173671 83.06104537608071 83.71795788202886 83.85589351827872 83.79259919706851 83.6975084692862 83.5600216180835 83.253077317568 82.68133713628522 81.79186901699914 80.59524566989867 79.16561804706113 77.7147877042206 76.4334018438642 75.52267621967886 75.0779389695115 75.16272893743574 75.72409834633893 76.75146081008923 78.1918576561107 80.00293245008264 80.71255793207611 81.57045368896344 82.55543428077705 83.68868566772632 84.97020462917953 84.97023267175449 84.97025656645022 84.97027952579542 84.97029908913824 84.97031780002497 84.9703338251597 84.97034915201152 84.97036227885314 84.97037483370192 84.97038553363716 84.9703957752921 84.97040502381131 84.97041294656128 84.9704205299779 84.97042737802836 84.97043324441492 84.97043883339065 84.97044390655327 84.97044825248095 84.9704523928974 84.97045615118985 84.97045935483953 84.97046243802984 84.97046522224201 84.97046760733882 84.97046989028105 84.9704718459647 84.97047372659955 84.97047541615457 84.97047686351274 84.97047825532894 84.97047944736406 84.97048058745673 84.97048156390069
11.140373105062466 11.34508477775659 11.4905473179278 11.599062813779499 11.75497912206091 12.014773560043839 12.482304742979853 13.150542122160207 13.946410785755253 14.754342354548948 15.498819628070457 16.10100720033495 16.55568525294272 16.858444051893184 16.986183872243952 16.935422245482698 16.72305511426152 16.37700273838374 15.976264170048713 15.621949979876367 15.39700265937707 15.29434768454639 15.265609536717243 15.261297362223905 15.2105159272715 15.072235348029222 14.825619253310787 14.449709431038816 13.975256064759844 13.412613434585731 12.824271726099525 12.262760497467701 11.812200729905896 11.557103687230144 11.55088276978139 11.836121615649555 12.436008167185435 13.339538261052818 14.548850655739486 16.02105323375167 17.705303279675437 19.56892780376301 21.55014109142333 23.594929409587643 25.6412252195462 27.677030802272935 29.671783598052023 31.603562417508755 33.50332335671101 35.34045497687808 37.166482276908944 39.01413623941222 40.87187779546127 42.761712001867764 44.67213232537272 46.56177520375799 48.37682842904074 50.10711551421644 51.66828391651533 53.0278827211446 54.16533227133474 55.05882912769015 55.719188640327786 56.188969991901146 56.467701738362315 56.62987235788247 56.71747199998863 56.81538086005522 56.92377983767215 57.08475709259253 57.31975942303291 57.61799404149445 57.96901981027067 58.34117624422871 58.713117598707555 59.063838325894714 59.37202528472639 59.680179964700855 60.030547325483056 60.55031081881015 61.493542988688006 63.01919716915933 65.0001375953551 67.21406647337373 69.32203804062061 71.14409010868525 72.78608168640655 74.40683660120762 76.16526501216711 78.0825048104453 80.08446763288218 81.84283299173671 83.06104537608071 83.71795788202886 83.85589351827872 83.79259919706851 83.6975084692862 83.5600216180835 83.253077317568 82.68133713628522 81.79186901699914 80.59524566989867 79.16561804706113 77.7147877042206 76.4334018438642 75.52267621967886 75.0779389695115 75.16272893743574 75.72409834633893 76.75146081008923 78.1918576561107 80.00293245008264 80.71255793207611 81.57045368896344 82.55543428077705 83.68868566772632 84.97020462917953 84.97023267175449 84.97025656645022 84.97027952579542 84.97029908913824 84.97031780002497 84.9703338251597 84.97034915201152 84.97036227885314 84.97037483370192 84.97038553363716 84.9703957752921 84.97040502381131 84.97041294656128 84.9704205299779 84.97042737802836 84.97043324441492 84.97043883339065 84.97044390655327 84.97044825248095 84.9704523928974 84.97045615118985 84.97045935483953 84.97046243802984 84.97046522224201 84.97046760733882 84.97046989028105 84.9704718459647 84.97047372659955 84.97047541615457 84.97047686351274 84.97047825532894 84.97047944736406 84.97048058745673 84.97048156390069
11.140373105062466 11.34508477775659 11.4905473179278 11.599062813779499 11.75497912206091 12.014773560043839 12.482304742979853 13.150542122160207 13.946410785755253 14.754342354548948 15.498819628070457 16.10100720033495 16.55568525294272 16.858444051893184 16.986183872243952 16.935422245482698 16.72305511426152 16.37700273838374 15.976264170048713 15.621949979876367 15.39700265937707 15.29434768454639 15.265609536717243 15.261297362223905 15.2105159272715 15.072235348029222 14.825619253310787 14.449709431038816 13.975256064759844 13.412613434585731 12.824271726099525 12.262760497467701 11.812200729905896 11.557103687230144 11.55088276978139 11.836121615649555 12.436008167185435 13.339538261052818 14.548850655739486 16.02105323375167 17.705303279675437 19.56892780376301 21.55014109142333 23.594929409587643 25.6412252195462 27.677030802272935 29.671783598052023 31.603562417508755 33.50332335671101 35.34045497687808 37.166482276908944 39.01413623941222 40.87187779546127 42.761712001867764 44.67213232537272 46.56177520375799 48.37682842904074 50.10711551421644 51.66828391651533 53.0278827211446 54.16533227133474 55.05882912769015 55.719188640327786 56.188969991901146 56.467701738362315 56.62987235788247 56.71747199998863 56.81538086005522 56.92377983767215 57.08475709259253 57.31975942303291 57.61799404149445 57.96901981027067 58.34117624422871 58.713117598707555 59.063838325894714 59.37202528472639 59.680179964700855 60.030547325483056 60.55031081881015 61.493542988688006 63.01919716915933 65.0001375953551 67.21406647337373 69.32203804062061 71.14409010868525 72.78608168640655 74.40683660120762 76.16526501216711 78.0825048104453 80.08446763288218 81.84283299173671 83.06104537608071 83.71795788202886 83.85589351827872 83.79259919706851 83.6975084692862 83.5600216180835 83.253077317568 82.68133713628522 81.79186901699914 80.59524566989867 79.16561804706113 77.7147877042206 76.4334018438642 75.52267621967886 75.0779389695115 75.16272893743574 75.72409834633893 76.75146081008923 78.1918576561107 80.00293245008264 80.71255793207611 81.57045368896344 82.55543428077705 83.68868566772632 84.97020462917953 84.97023267175449 84.97025656645022 84.97027952579542 84.97029908913824 84.97031780002497 84.9703338251597 84.97034915201152 84.97036227885314 84.97037483370192 84.97038553363716 84.9703957752921 84.97040502381131 84.97041294656128 84.9704205299779 84.97042737802836 84.97043324441492 84.97043883339065 84.97044390655327 84.97044825248095 84.9704523928974 84.97045615118985 84.97045935483953 84.97046243802984 84.97046522224201 84.97046760733882 84.97046989028105 84.9704718459647 84.97047372659955 84.97047541615457 84.97047686351274 84.97047825532894 84.97047944736406 84.97048058745673 84.97048156390069