4 151 8
300.0440999999999 302.0443999999999 304.0446999999999 306.0449999999999 308.0452999999999 310.0455999999999 312.0458999999999 314.0461999999999 316.04649999999987 318.0467999999999 320.0470999999999 322.04739999999987 324.0476999999999 326.0479999999999 328.04829999999987 330.0485999999999 332.0488999999999 334.04919999999987 336.0494999999999 338.0497999999999 340.0500999999999 342.05039999999985 344.0506999999999 346.0509999999999 348.05129999999986 350.0515999999999 352.0518999999999 354.05219999999986 356.0524999999999 358.0527999999999 360.05309999999986 362.0533999999999 364.0536999999999 366.05399999999986 368.0542999999999 369.99 372.04 373.98 376.04 377.98 380.03 381.97 384.02 385.96 388.01 389.95 392.0 394.05 395.99 398.05 399.99 402.04 403.99 406.05 407.99 410.06 412.01 413.96 416.02 417.97 420.04 422.0 423.95 426.02 427.98 430.05 432.01 433.96 436.03 437.99 440.06 442.01 443.96 446.03 447.98 450.04 451.98 454.04 455.99 458.04 459.98 462.03 463.97 466.02 467.95 470.0 472.05 473.98 476.02 477.96 480.0 482.05 483.98 486.03 487.96 490.01 492.06 493.99 496.05 497.98 500.04 501.98 504.04 505.98 508.04 509.99 512.05 514.0 515.95 518.01 519.96 522.03 523.98 526.04 527.99 530.05 532.0 534.06 536.0 538.06 540.0 542.05 543.99 546.04 547.98 550.03 551.96 554.0 556.04 557.97 560.01 562.05 563.98 566.01 568.05 569.98 572.01 574.05 575.97 578.01 580.05 581.98 584.02 585.95 588.0 590.04 591.97 594.02 595.96 598.01 599.95
0.0 39.77 47.82 50.0 60.0 70.0 80.0 90.0
72.20622242037088 74.23856451697301 76.23244166974119 78.0596983928298 79.65628853759885 81.02246358428613 82.28051546458008 83.58006117431736 84.88634110019956 86.04571455812189 86.91440385986246 87.46155109904375 87.85050297712614 88.33617580465642 89.0978841036523 90.05387578607751 90.9366276304642 91.43180413306015 91.43029085839528 91.12316707360911 90.8433441499594 90.89086070963295 91.33343192929298 91.93170284034541 92.27302538693647 92.01881215388632 91.1666153663498 90.09529511676898 89.28817606405795 89.07163286647739 89.52192363195186 90.24042575279861 90.5623072616182 90.01104232884485 88.61485627183389 86.87663754500758 85.445592181401 84.9037141070273 85.42665270275911 86.60144022473513 87.11246907855165 85.70759729767079 82.60437143767108 78.76566103178953 75.22791153266465 72.50965728957205 70.258243361029 66.79538034795848 61.249638712773006 53.89842275280614 45.4453832142456 37.17200020425722 30.286615606286514 24.79139278720447 20.195080841933496 15.894308716136033 11.427865013077191 6.908836522159449 3.6086108246224513 1.8967668689023456 1.1381729577112123 0.7691010618872254 0.5845615769236432 0.5025548026968032 0.4718158453075504 0.4923591803872892 0.5744486127908858 0.7078356299729092 0.8514924237689546 0.9541182970839488 1.005451636164193 1.0260029249134412 1.0362921521412147 1.0363201863129805 1.0260832378397622 1.0055837215745307 0.9542963399258322 0.861960625559045 0.7388348023823877 0.6362282036873302 0.6259743341207548 0.6362438645981023 0.6259883183500381 0.605470079445376 0.574688293164602 0.5541681881881605 0.5233848829657038 0.49260059812461776 0.4515532342408943 0.40024241625889234 0.32840563481679347 0.21551715102578625 0.12315312193286085 0.08210237888419367 0.061576974384932696 0.051314297756760927 0.04105154827434132 0.04105164208160243 0.0307887995304035 0.030788857161872966 0.030788912838611866 0.030788960280131807 0.030789005864680575 0.030789044706735793 0.0307890820284024 0.030789113985801305 0.03078914452705385 0.030789170678581383 0.03078919440073167 0.030789217071656976 0.04105231531207751 0.041052340162254654 0.04105236133249685 0.05131547695573677 0.06157859833303031 0.08210483089014364 0.10263107405443847 0.143683551095841 0.21552538725218798 0.2873672606508217 0.3592091585169186 0.41052484299037706 0.45157741245547856 0.4823668684953033 0.5131563223562433 0.5336826541050942 0.5336827213093386 0.5644721771141669 0.5644722385535861 0.5439460260516789 0.4926304071827572 0.4413147753349179 0.44131480580343674 0.4413148348311543 0.4413148611798699 0.4413148837515123 0.4413149052557816 0.44131492477539613 0.4413149414143373 0.4413149574276431 0.4413149718881325 0.44131498427571836 0.4413149961327393 0.44131500629006243 0.44131501605760126 0.44131502483272006 0.4413150323499301 0.4413150395786692 0.4413150457697962 0.4413150516911474 0.44131505676254884
34.980025630057376 35.562787208612136 36.26777535759734 36.85514808573105 36.98835004684231 36.340183373152065 34.89301470309632 32.78452418119251 30.273819785846886 27.557229795557856 24.73281051618674 21.801272283802927 18.697098171043404 15.49276647534142 12.41495092101405 9.830896085124074 8.078133940908193 7.150297478440715 6.851238514178126 6.878908122950333 7.05140536258709 7.212269531100756 7.321600843738873 7.378924003800662 7.373831375824138 7.316003862066846 7.185049570909191 6.990782792496613 6.7634685822591685 6.584483577267187 6.5460064128255695 6.679576098114778 6.9759107243124765 7.313002857873773 7.598814219484508 7.771341604839002 7.841253362480296 7.817640980518308 7.701167135146314 7.4600187955348405 7.105001332758408 6.614826962237253 6.062023745817439 5.5184128646379245 5.11861774400817 4.924587564269206 4.957530475280761 5.176280332413847 5.498259936792539 5.851381975341476 6.183759998262265 6.443831405816538 6.621040001557636 6.705132784780752 6.695917114199549 6.583150421485473 6.377019768359156 6.098276776849493 5.767656611136117 5.436862464188117 5.157763725793266 4.992476192110548 4.9617826975015555 5.107179047650479 5.439021936456054 5.967742872867627 6.682972735298385 7.595110912323719 8.704198738784703 9.95839801721531 11.347391669324686 12.819323733766462 14.35348717338917 15.929174437900155 17.51524087703306 19.1220894684696 20.74967025217804 22.42911897826699 24.22257878133897 26.14045403997462 28.265628487700138 30.618874701020548 33.231253893705585 36.05097951801971 39.036552459659234 42.08435564696093 45.05961279508249 47.85864392167996 50.33635635237759 52.42015188941572 54.05822123435133 55.19871547648495 55.872713216034704 56.11133448790069 56.00784717965882 55.645200219222566 55.168507749710095 54.68142491133862 54.2876311741452 54.080409007673566 54.05977438759762 54.27754838843741 54.69227831925478 55.34542121369807 56.268085878069805 57.64685894404512 59.60614416998233 62.063006653097126 64.74792687902615 67.32918583617344 69.50615483647557 71.26847185091445 72.8027252248537 74.22294881240042 75.64316844151341 77.05302148592989 78.3177422785031 79.23000685424024 79.76907944414657 80.04899258055984 80.26670451397544 80.60881205508151 81.04421444191199 81.41741814297198 81.62475802095867 81.57293824881017 81.22049201441361 81.21013543499825 80.87842042731506 80.21498021282132 79.31311299842898 78.26611572324697 78.26612112676563 78.26612627476163 78.26613094764306 78.26613495066965 78.26613876440017 78.26614222615694 78.26614517703321 78.26614801695453 78.26615058148762 78.26615277839622 78.26615488121041 78.26615668258728 78.26615841483684 78.26615997108308 78.26616130424223 78.26616258624175 78.26616368422326 78.26616473436069 78.26616563376155
27.62626598932737 26.140601786449665 24.455076963669164 22.565298079929963 20.509591194167008 18.381650680903405 16.387432568643746 14.816755224831732 13.81003779893235 13.371986731074653 13.343354646683174 13.496154921734455 13.70421642193473 13.893052408270625 14.024042030600498 14.076957912719143 14.070636584935842 14.004818705369368 13.909334993048661 13.885062225044356 13.994523386996065 14.351753692059436 14.939943199933941 15.669899701239272 16.409727762507867 17.077068835659304 17.588669294957025 17.943272941547484 18.13986165262749 18.156858279481764 17.99350371950704 17.670044013343436 17.217430392530677 16.719137341381764 16.280048541467252 15.984001403080727 15.822880543240153 15.742964116112686 15.69385045463884 15.600553148876296 15.42244480570659 15.137234094573003 14.724876464227671 14.215971314664461 13.621900897883918 13.005251135366818 12.419519663907264 11.948975503213061 11.678120274983415 11.660448982209621 11.93806849713107 12.532710070407065 13.433710027936714 14.641525617450394 16.113687494406634 17.797744189853436 19.66167994088035 21.642212020706534 23.686586340925025 25.731007736995945 27.76515567102605 29.756953201434694 31.685327785212042 33.582143865945056 35.415357079017866 37.23811045888421 39.08191612989138 40.93629174321475 42.82251988904293 44.729803174370076 46.61597723302806 48.42791340422558 50.155113578310896 51.71294097582814 53.069458143322315 54.203619288321086 55.09410514650105 55.75162305077182 56.2184116688992 56.494562472604436 56.65411658162232 56.739515784297716 56.83540867941851 56.94186787889249 57.10119601512777 57.334638858056245 57.63158104720273 57.98141622425443 58.352420775450604 58.72338114389246 59.07315002065813 59.38053371954811 59.6878811347177 60.03758421672632 60.55670613002244 61.49944685760576 63.02465809195523 65.00524875688168 67.21883751871314 69.32650607072155 71.14822945179338 72.78989796178891 74.41038560517077 76.16854090607177 78.08555795965233 80.08729176457882 81.8454383349393 83.06344695734938 83.7201395003929 83.8578814260089 83.79438951309061 83.69912300145658 83.5614856428396 83.25439320292674 82.68252410904762 81.79292829813345 80.59619309834927 79.16645758710766 77.7155356705237 76.4340654789562 75.5232709466091 75.07847225282028 75.16321315681895 75.72454149780411 76.75186531657096 78.19223200763072 80.00327711842144 80.71287376336795 81.57074155470455 82.55569848167086 83.68892721274902 84.97042737802836 84.97043324441492 84.97043883339065 84.97044390655327 84.97044825248095 84.9704523928974 84.97045615118985 84.97045935483953 84.97046243802984 84.97046522224201 84.97046760733882 84.97046989028105 84.9704718459647 84.97047372659955 84.97047541615457 84.97047686351274 84.97047825532894 84.97047944736406 84.97048058745673 84.97048156390069
27.62626598932737 26.140601786449665 24.455076963669164 22.565298079929963 20.509591194167008 18.381650680903405 16.387432568643746 14.816755224831732 13.81003779893235 13.371986731074653 13.343354646683174 13.496154921734455 13.70421642193473 13.893052408270625 14.024042030600498 14.076957912719143 14.070636584935842 14.004818705369368 13.909334993048661 13.885062225044356 13.994523386996065 14.351753692059436 14.939943199933941 15.669899701239272 16.409727762507867 17.077068835659304 17.588669294957025 17.943272941547484 18.13986165262749 18.156858279481764 17.99350371950704 17.670044013343436 17.217430392530677 16.719137341381764 16.280048541467252 15.984001403080727 15.822880543240153 15.742964116112686 15.69385045463884 15.600553148876296 15.42244480570659 15.137234094573003 14.724876464227671 14.215971314664461 13.621900897883918 13.005251135366818 12.419519663907264 11.948975503213061 11.678120274983415 11.660448982209621 11.93806849713107 12.532710070407065 13.433710027936714 14.641525617450394 16.113687494406634 17.797744189853436 19.66167994088035 21.642212020706534 23.686586340925025 25.731007736995945 27.76515567102605 29.756953201434694 31.685327785212042 33.582143865945056 35.415357079017866 37.23811045888421 39.08191612989138 40.93629174321475 42.82251988904293 44.729803174370076 46.61597723302806 48.42791340422558 50.155113578310896 51.71294097582814 53.069458143322315 54.203619288321086 55.09410514650105 55.75162305077182 56.2184116688992 56.494562472604436 56.65411658162232 56.739515784297716 56.83540867941851 56.94186787889249 57.10119601512777 57.334638858056245 57.63158104720273 57.98141622425443 58.352420775450604 58.72338114389246 59.07315002065813 59.38053371954811 59.6878811347177 60.03758421672632 60.55670613002244 61.49944685760576 63.02465809195523 65.00524875688168 67.21883751871314 69.32650607072155 71.14822945179338 72.78989796178891 74.41038560517077 76.16854090607177 78.08555795965233 80.08729176457882 81.8454383349393 83.06344695734938 83.7201395003929 83.8578814260089 83.79438951309061 83.69912300145658 83.5614856428396 83.25439320292674 82.68252410904762 81.79292829813345 80.59619309834927 79.16645758710766 77.7155356705237 76.4340654789562 75.5232709466091 75.07847225282028 75.16321315681895 75.72454149780411 76.75186531657096 78.19223200763072 80.00327711842144 80.71287376336795 81.57074155470455 82.55569848167086 83.68892721274902 84.97042737802836 84.97043324441492 84.97043883339065 84.97044390655327 84.97044825248095 84.9704523928974 84.97045615118985 84.97045935483953 84.97046243802984 84.97046522224201 84.97046760733882 84.97046989028105 84.9704718459647 84.97047372659955 84.97047541615457 84.97047686351274 84.97047825532894 84.97047944736406 84.97048058745673 84.97048156390069
27.62626598932737 26.140601786449665 24.455076963669164 22.565298079929963 20.509591194167008 18.381650680903405 16.387432568643746 14.816755224831732 13.81003779893235 13.371986731074653 13.343354646683174 13.496154921734455 13.70421642193473 13.893052408270625 14.024042030600498 14.076957912719143 14.070636584935842 14.004818705369368 13.909334993048661 13.885062225044356 13.994523386996065 14.351753692059436 14.939943199933941 15.669899701239272 16.409727762507867 17.077068835659304 17.588669294957025 17.943272941547484 18.13986165262749 18.156858279481764 17.99350371950704 17.670044013343436 17.217430392530677 16.719137341381764 16.280048541467252 15.984001403080727 15.822880543240153 15.742964116112686 15.69385045463884 15.600553148876296 15.42244480570659 15.137234094573003 14.724876464227671 14.215971314664461 13.621900897883918 13.005251135366818 12.419519663907264 11.948975503213061 11.678120274983415 11.660448982209621 11.93806849713107 12.532710070407065 13.433710027936714 14.641525617450394 16.113687494406634 17.797744189853436 19.66167994088035 21.642212020706534 23.686586340925025 25.731007736995945 27.76515567102605 29.756953201434694 31.685327785212042 33.582143865945056 35.415357079017866 37.23811045888421 39.08191612989138 40.93629174321475 42.82251988904293 44.729803174370076 46.61597723302806 48.42791340422558 50.155113578310896 51.71294097582814 53.069458143322315 54.203619288321086 55.09410514650105 55.75162305077182 56.2184116688992 56.494562472604436 56.65411658162232 56.739515784297716 56.83540867941851 56.94186787889249 57.10119601512777 57.334638858056245 57.63158104720273 57.98141622425443 58.352420775450604 58.72338114389246 59.07315002065813 59.38053371954811 59.6878811347177 60.03758421672632 60.55670613002244 61.49944685760576 63.02465809195523 65.00524875688168 67.21883751871314 69.32650607072155 71.14822945179338 72.78989796178891 74.41038560517077 76.16854090607177 78.08555795965233 80.08729176457882 81.8454383349393 83.06344695734938 83.7201395003929 83.8578814260089 83.79438951309061 83.69912300145658 83.5614856428396 83.25439320292674 82.68252410904762 81.79292829813345 80.59619309834927 79.16645758710766 77.7155356705237 76.4340654789562 75.5232709466091 75.07847225282028 75.16321315681895 75.72454149780411 76.75186531657096 78.19223200763072 80.00327711842144 80.71287376336795 81.57074155470455 82.55569848167086 83.68892721274902 84.97042737802836 84.97043324441492 84.97043883339065 84.97044390655327 84.97044825248095 84.9704523928974 84.97045615118985 84.97045935483953 84.97046243802984 84.97046522224201 84.97046760733882 84.97046989028105 84.9704718459647 84.97047372659955 84.97047541615457 84.97047686351274 84.97047825532894 84.97047944736406 84.97048058745673 84.97048156390069
27.62626598932737 26.140601786449665 24.455076963669164 22.565298079929963 20.509591194167008 18.381650680903405 16.387432568643746 14.816755224831732 13.81003779893235 13.371986731074653 13.343354646683174 13.496154921734455 13.70421642193473 13.893052408270625 14.024042030600498 14.076957912719143 14.070636584935842 14.004818705369368 13.909334993048661 13.885062225044356 13.994523386996065 14.351753692059436 14.939943199933941 15.669899701239272 16.409727762507867 17.077068835659304 17.588669294957025 17.943272941547484 18.13986165262749 18.156858279481764 17.99350371950704 17.670044013343436 17.217430392530677 16.719137341381764 16.280048541467252 15.984001403080727 15.822880543240153 15.742964116112686 15.69385045463884 15.600553148876296 15.42244480570659 15.137234094573003 14.724876464227671 14.215971314664461 13.621900897883918 13.005251135366818 12.419519663907264 11.948975503213061 11.678120274983415 11.660448982209621 11.93806849713107 12.532710070407065 13.433710027936714 14.641525617450394 16.113687494406634 17.797744189853436 19.66167994088035 21.642212020706534 23.686586340925025 25.731007736995945 27.76515567102605 29.756953201434694 31.685327785212042 33.582143865945056 35.415357079017866 37.23811045888421 39.08191612989138 40.93629174321475 42.82251988904293 44.729803174370076 46.61597723302806 48.42791340422558 50.155113578310896 51.71294097582814 53.069458143322315 54.203619288321086 55.09410514650105 55.75162305077182 56.2184116688992 56.494562472604436 56.65411658162232 56.739515784297716 56.83540867941851 56.94186787889249 57.10119601512777 57.334638858056245 57.63158104720273 57.98141622425443 58.352420775450604 58.72338114389246 59.07315002065813 59.38053371954811 59.6878811347177 60.03758421672632 60.55670613002244 61.49944685760576 63.02465809195523 65.00524875688168 67.21883751871314 69.32650607072155 71.14822945179338 72.78989796178891 74.41038560517077 76.16854090607177 78.08555795965233 80.08729176457882 81.8454383349393 83.06344695734938 83.7201395003929 83.8578814260089 83.79438951309061 83.69912300145658 83.5614856428396 83.25439320292674 82.68252410904762 81.79292829813345 80.59619309834927 79.16645758710766 77.7155356705237 76.4340654789562 75.5232709466091 75.07847225282028 75.16321315681895 75.72454149780411 76.75186531657096 78.19223200763072 80.00327711842144 80.71287376336795 81.57074155470455 82.55569848167086 83.68892721274902 84.97042737802836 84.97043324441492 84.97043883339065 84.97044390655327 84.97044825248095 84.9704523928974 84.97045615118985 84.97045935483953 84.97046243802984 84.97046522224201 84.97046760733882 84.97046989028105 84.9704718459647 84.97047372659955 84.97047541615457 84.97047686351274 84.97047825532894 84.97047944736406 84.97048058745673 84.97048156390069
27.62626598932737 26.140601786449665 24.455076963669164 22.565298079929963 20.509591194167008 18.381650680903405 16.387432568643746 14.816755224831732 13.81003779893235 13.371986731074653 13.343354646683174 13.496154921734455 13.70421642193473 13.893052408270625 14.024042030600498 14.076957912719143 14.070636584935842 14.004818705369368 13.909334993048661 13.885062225044356 13.994523386996065 14.351753692059436 14.939943199933941 15.669899701239272 16.409727762507867 17.077068835659304 17.588669294957025 17.943272941547484 18.13986165262749 18.156858279481764 17.99350371950704 17.670044013343436 17.217430392530677 16.719137341381764 16.280048541467252 15.984001403080727 15.822880543240153 15.742964116112686 15.69385045463884 15.600553148876296 15.42244480570659 15.137234094573003 14.724876464227671 14.215971314664461 13.621900897883918 13.005251135366818 12.419519663907264 11.948975503213061 11.678120274983415 11.660448982209621 11.93806849713107 12.532710070407065 13.433710027936714 14.641525617450394 16.113687494406634 17.797744189853436 19.66167994088035 21.642212020706534 23.686586340925025 25.731007736995945 27.76515567102605 29.756953201434694 31.685327785212042 33.582143865945056 35.415357079017866 37.23811045888421 39.08191612989138 40.93629174321475 42.82251988904293 44.729803174370076 46.61597723302806 48.42791340422558 50.155113578310896 51.71294097582814 53.069458143322315 54.203619288321086 55.09410514650105 55.75162305077182 56.2184116688992 56.494562472604436 56.65411658162232 56.739515784297716 56.83540867941851 56.94186787889249 57.10119601512777 57.334638858056245 57.63158104720273 57.98141622425443 58.352420775450604 58.72338114389246 59.07315002065813 59.38053371954811 59.6878811347177 60.03758421672632 60.55670613002244 61.49944685760576 63.02465809195523 65.00524875688168 67.21883751871314 69.32650607072155 71.14822945179338 72.78989796178891 74.41038560517077 76.16854090607177 78.08555795965233 80.08729176457882 81.8454383349393 83.06344695734938 83.7201395003929 83.8578814260089 83.79438951309061 83.69912300145658 83.5614856428396 83.25439320292674 82.68252410904762 81.79292829813345 80.59619309834927 79.16645758710766 77.7155356705237 76.4340654789562 75.5232709466091 75.07847225282028 75.16321315681895 75.72454149780411 76.75186531657096 78.19223200763072 80.00327711842144 80.71287376336795 81.57074155470455 82.55569848167086 83.68892721274902 84.97042737802836 84.97043324441492 84.97043883339065 84.97044390655327 84.97044825248095 84.9704523928974 84.97045615118985 84.97045935483953 84.97046243802984 84.97046522224201 84.97046760733882 84.97046989028105 84.9704718459647 84.97047372659955 84.97047541615457 84.97047686351274 84.97047825532894 84.97047944736406 84.97048058745673 84.97048156390069
27.62626598932737 26.140601786449665 24.455076963669164 22.565298079929963 20.509591194167008 18.381650680903405 16.387432568643746 14.816755224831732 13.81003779893235 13.371986731074653 13.343354646683174 13.496154921734455 13.70421642193473 13.893052408270625 14.024042030600498 14.076957912719143 14.070636584935842 14.004818705369368 13.909334993048661 13.885062225044356 13.994523386996065 14.351753692059436 14.939943199933941 15.669899701239272 16.409727762507867 17.077068835659304 17.588669294957025 17.943272941547484 18.13986165262749 18.156858279481764 17.99350371950704 17.670044013343436 17.217430392530677 16.719137341381764 16.280048541467252 15.984001403080727 15.822880543240153 15.742964116112686 15.69385045463884 15.600553148876296 15.42244480570659 15.137234094573003 14.724876464227671 14.215971314664461 13.621900897883918 13.005251135366818 12.419519663907264 11.948975503213061 11.678120274983415 11.660448982209621 11.93806849713107 12.532710070407065 13.433710027936714 14.641525617450394 16.113687494406634 17.797744189853436 19.66167994088035 21.642212020706534 23.686586340925025 25.731007736995945 27.76515567102605 29.756953201434694 31.685327785212042 33.582143865945056 35.415357079017866 37.23811045888421 39.08191612989138 40.93629174321475 42.82251988904293 44.729803174370076 46.61597723302806 48.42791340422558 50.155113578310896 51.71294097582814 53.069458143322315 54.203619288321086 55.09410514650105 55.75162305077182 56.2184116688992 56.494562472604436 56.65411658162232 56.739515784297716 56.83540867941851 56.94186787889249 57.10119601512777 57.334638858056245 57.63158104720273 57.98141622425443 58.352420775450604 58.72338114389246 59.07315002065813 59.38053371954811 59.6878811347177 60.03758421672632 60.55670613002244 61.49944685760576 63.02465809195523 65.00524875688168 67.21883751871314 69.32650607072155 71.14822945179338 72.78989796178891 74.41038560517077 76.16854090607177 78.08555795965233 80.08729176457882 81.8454383349393 83.06344695734938 83.7201395003929 83.8578814260089 83.79438951309061 83.69912300145658 83.5614856428396 83.25439320292674 82.68252410904762 81.79292829813345 80.59619309834927 79.16645758710766 77.7155356705237 76.4340654789562 75.5232709466091 75.07847225282028 75.16321315681895 75.72454149780411 76.75186531657096 78.19223200763072 80.00327711842144 80.71287376336795 81.57074155470455 82.55569848167086 83.68892721274902 84.97042737802836 84.97043324441492 84.97043883339065 84.97044390655327 84.97044825248095 84.9704523928974 84.97045615118985 84.97045935483953 84.97046243802984 84.97046522224201 84.97046760733882 84.97046989028105 84.9704718459647 84.97047372659955 84.97047541615457 84.97047686351274 84.97047825532894 84.97047944736406 84.97048058745673 84.97048156390069