4 151 8
300.0440999999999 302.0443999999999 304.0446999999999 306.0449999999999 308.0452999999999 310.0455999999999 312.0458999999999 314.0461999999999 316.04649999999987 318.0467999999999 320.0470999999999 322.04739999999987 324.0476999999999 326.0479999999999 328.04829999999987 330.0485999999999 332.0488999999999 334.04919999999987 336.0494999999999 338.0497999999999 340.0500999999999 342.05039999999985 344.0506999999999 346.0509999999999 348.05129999999986 350.0515999999999 352.0518999999999 354.05219999999986 356.0524999999999 358.0527999999999 360.05309999999986 362.0533999999999 364.0536999999999 366.05399999999986 368.0542999999999 369.99 372.04 373.98 376.04 377.98 380.03 381.97 384.02 385.96 388.01 389.95 392.0 394.05 395.99 398.05 399.99 402.04 403.99 406.05 407.99 410.06 412.01 413.96 416.02 417.97 420.04 422.0 423.95 426.02 427.98 430.05 432.01 433.96 436.03 437.99 440.06 442.01 443.96 446.03 447.98 450.04 451.98 454.04 455.99 458.04 459.98 462.03 463.97 466.02 467.95 470.0 472.05 473.98 476.02 477.96 480.0 482.05 483.98 486.03 487.96 490.01 492.06 493.99 496.05 497.98 500.04 501.98 504.04 505.98 508.04 509.99 512.05 514.0 515.95 518.01 519.96 522.03 523.98 526.04 527.99 530.05 532.0 534.06 536.0 538.06 540.0 542.05 543.99 546.04 547.98 550.03 551.96 554.0 556.04 557.97 560.01 562.05 563.98 566.01 568.05 569.98 572.01 574.05 575.97 578.01 580.05 581.98 584.02 585.95 588.0 590.04 591.97 594.02 595.96 598.01 599.95
0.0 39.77 47.82 50.0 60.0 70.0 80.0 90.0
71.69571887237906 73.57599534423954 75.36437038778762 77.059139926765 78.65965831186735 80.16623779837676 81.58003765435421 82.76405309887222 83.88197754177477 85.05442505983942 86.33569788326744 87.6170301713729 88.75617826555013 89.69835173066822 90.48136239278686 91.23966894664422 92.0736937950145 92.9130262913277 93.60743293090444 94.09055613590365 94.37304463840366 94.60349798521553 94.95284338788824 95.37654321812512 95.69974161497662 95.7649223065348 95.54261290393458 95.21354923624301 95.05064661282896 95.23844006629109 95.68020952917351 96.08616378265657 96.1238602980061 95.68166711275227 94.96187000480506 94.30667594703417 94.031812349469 94.1894221783876 94.53733599267443 94.6391459460992 94.15690630889445 93.08281663190263 91.81098740662934 90.8261103613038 90.4614869903861 90.78527996137284 91.39400075111007 91.61093819239146 90.95356473736038 89.4554148992643 87.62492339056726 86.11001369630829 85.50310012894144 85.97081333480162 87.10217262165227 87.56729076684874 86.11383124652427 82.95729076236859 79.07163434748001 75.49132138231336 72.74053118921927 70.459911949695 66.96819468967352 61.3937356927156 54.01265742151218 45.53296670289952 37.236579721980625 30.33434721492598 24.826646572540607 20.221152296263043 15.912811098884319 11.43993261278487 6.915454559833453 3.6117297582392984 1.89825399000356 1.1389774805589075 0.7695938225208324 0.5849018530579233 0.502818129399125 0.472040280155116 0.4925699678327251 0.5746718777015118 0.7080851469861087 0.8517629931180712 0.9543930582912141 1.0057126378229577 1.0262448685602035 1.0365137585538833 1.036519924052962 1.0262626057920317 1.00574225662643 0.9544330973999107 0.8620718535300259 0.7389214099577429 0.6362954019776379 0.6260344326324833 0.6362989982522904 0.626037541744437 0.6055130574312688 0.5747253336882955 0.5542004310950136 0.5234123247622409 0.4926240938348892 0.4515726556987916 0.4002580663692313 0.3284172158485473 0.21552401168937696 0.12315668271432553 0.08210451840195113 0.06157843414331395 0.051315394140096886 0.041052340162254654 0.04105236133249685 0.03078928617344206 0.030789299166515155 0.030789311583803866 0.03078932221633154 0.03078933237768021 0.030789341036026853 0.030789349355445177 0.030789356444307307 0.030789363224278277 0.030789369031055357 0.030789374584806593 0.030789379341374597 0.041052511854238014 0.041052517023795275 0.0410525219719394 0.051315658050326 0.06157879540207684 0.08210506786379286 0.1026313431011437 0.14368389026158407 0.21552584956870327 0.28736781658224086 0.3592097891000681 0.4105254932611922 0.45157806256087046 0.48236749410404306 0.5131569272414455 0.5336832218182068 0.5336832367985431 0.5644726694721085 0.5644726824640335 0.5439464151407645 0.49263072539466424 0.4413150323499301 0.4413150395786692 0.4413150457697962 0.4413150516911474 0.44131505676254884
68.29939103618615 69.1956901223149 69.418913316333 68.81203345595473 67.45423800715191 65.6429537272383 63.40968473122029 60.816651436413814 58.073764821409995 55.34898920639704 52.68965430867108 50.10597494379113 47.78354744761417 45.89402234483742 44.68811966285379 44.20070530280445 44.10641829145812 44.203605335469085 44.19586385322894 43.690893592338824 42.32818401127208 40.118869303674636 37.245531366992715 34.01503991995914 30.649054221962917 27.251359640270998 23.81561374627204 20.264164881867895 16.670378334683768 13.270579555418125 10.44510510040285 8.535580449041328 7.517233225613445 7.169811193523796 7.168692659891046 7.320234704294258 7.461506799114104 7.550546807727932 7.588065882160185 7.562915606507734 7.485994157848352 7.336069777434462 7.123908857754847 6.87996519759532 6.687226407494545 6.638385332966666 6.764963461060204 7.0566855629514125 7.389578674448618 7.670892978274513 7.838277723549827 7.902226635704389 7.872830376852126 7.750222925618493 7.503152871398259 7.142097155385183 6.646179693647041 6.087923166022923 5.539849707285138 5.136540537594869 4.940267665067043 4.971760523263615 5.1896725082427535 5.511195240060964 5.863783649588813 6.1956774964841 6.455026378435495 6.631474739273097 6.714667598491056 6.704561412214678 6.590813791498175 6.383753775262847 6.104118371932289 5.772641614775789 5.441125124522106 5.161409515066592 4.995674855918988 4.9646709753188025 5.109855087377027 5.441609187544281 5.9702977663789065 6.685570136140235 7.597788242073049 8.706964575944957 9.961265776349583 11.350337298872466 12.822346682198537 14.356556602020088 15.932244586821325 17.518302687979546 19.125104156735993 20.75264382796674 22.432013246660315 24.225418196605197 26.143214989283646 28.26834221270863 30.621527976821426 33.233866969810734 36.05353851893775 39.039068492025805 42.086804221216944 45.06197533318132 47.860926648976374 50.338521336152425 52.422201600110355 54.06012756576071 55.20047264437494 55.874328688858114 56.112796701275784 56.009174914987696 55.64638913679356 55.16957195499151 54.682382964702164 54.28848923610908 54.081185385689395 54.06047451219217 54.2781864421234 54.69285832303696 55.34595388593873 56.26857442725703 57.64731290226236 59.60656755616239 62.06340648039486 64.74830579590056 67.32954068403943 69.50648760430452 71.26877888948226 72.80301010467102 74.22321074847164 75.64341052118857 77.05324387888152 78.31794758796435 79.23019387706884 79.76925055421071 80.04914744075495 80.26684542026956 80.60893973933455 81.04433111577417 81.41752373780382 81.62485423649008 81.57302502327498 81.22057046605754 81.21020627011953 80.87848403146305 80.21503759125926 79.3131642302989 78.26616130424223 78.26616258624175 78.26616368422326 78.26616473436069 78.26616563376155
42.06691652328873 40.45115020968853 39.21118733934966 38.52754030104647 38.46079575367 38.75565746765403 39.121799752362 39.55912398600781 40.075475061022914 40.650471034300686 41.09379990489 41.08305061140565 40.426007941949415 39.08925348411555 37.17730809774149 34.90850620080422 32.42063986774286 29.80614498385841 27.05979743802001 24.226070245142463 21.410510906420797 18.841744430465035 16.83287878248688 15.516673824108508 14.872276691692011 14.702112242620592 14.743140147590003 14.852812913020584 14.949069311674169 14.9905679563017 14.9564499125151 14.86742500415158 14.723511687188354 14.5560989478405 14.469991730622885 14.528053699916754 14.847712955088175 15.40711421496895 16.11403386707897 16.83051589713676 17.473861406738507 17.95835978118327 18.284968198783428 18.452309690124146 18.440173893497654 18.24743265546196 17.89592638061744 17.416792915460736 16.894206546088125 16.43447338434617 16.121674802320367 15.945918630897353 15.854103101420197 15.793818969293062 15.690756064107248 15.502966715582376 15.208981040874635 14.78778709919244 14.271194718136606 13.669597860279096 13.046660420112472 12.455168534170921 11.979890131215775 11.705594426642053 11.68516264651396 11.961075843814427 12.554483350501402 13.454881511669496 14.662346117756353 16.134489949760948 17.818462340037748 19.68244228650095 21.662943293481977 23.70705873154775 25.751181605059834 27.78478160042089 29.77601838784566 31.7037719684731 33.59974010650163 35.43220356763533 37.25405273535464 39.09710568787368 40.95072207253799 42.83612712853266 44.7426841921207 46.62807811082779 48.4393332800267 50.165839023615206 51.72290799769524 53.078735129520105 54.212164746459116 55.102000524845515 55.758817277198126 56.2250016945846 56.500529416521466 56.65955582713808 56.744432541874666 56.83987782309938 56.945909774400604 57.10487637233893 57.337974732362206 57.634602751062886 57.984181780288914 58.35493053287756 58.72567732080186 59.075233200584584 59.38242400931738 59.689606917202745 60.039148744810554 60.5581417016821 61.50076085724432 63.025873843055564 65.00638769020905 67.21989996933927 69.32750132161212 71.14915088784934 72.79075363534227 74.411174716658 76.16927399051602 78.08623593963476 80.08792243700154 81.8460196882205 83.06398207537426 83.72062944617363 83.85832338576084 83.79479068730521 83.69948359370989 83.56181262209333 83.25468701136492 82.68278871666507 81.79316437155919 80.5964043807548 79.1666444599279 77.71570237559773 76.4342133458301 75.5234035259182 75.07859117702228 75.16332136420222 75.72463970922381 76.75195578815932 78.19231518581738 80.00335439434595 80.71294416475531 81.5708057033055 82.55575753444391 83.68898127115212 84.97047686351274 84.97047825532894 84.97047944736406 84.97048058745673 84.97048156390069
42.06691652328873 40.45115020968853 39.21118733934966 38.52754030104647 38.46079575367 38.75565746765403 39.121799752362 39.55912398600781 40.075475061022914 40.650471034300686 41.09379990489 41.08305061140565 40.426007941949415 39.08925348411555 37.17730809774149 34.90850620080422 32.42063986774286 29.80614498385841 27.05979743802001 24.226070245142463 21.410510906420797 18.841744430465035 16.83287878248688 15.516673824108508 14.872276691692011 14.702112242620592 14.743140147590003 14.852812913020584 14.949069311674169 14.9905679563017 14.9564499125151 14.86742500415158 14.723511687188354 14.5560989478405 14.469991730622885 14.528053699916754 14.847712955088175 15.40711421496895 16.11403386707897 16.83051589713676 17.473861406738507 17.95835978118327 18.284968198783428 18.452309690124146 18.440173893497654 18.24743265546196 17.89592638061744 17.416792915460736 16.894206546088125 16.43447338434617 16.121674802320367 15.945918630897353 15.854103101420197 15.793818969293062 15.690756064107248 15.502966715582376 15.208981040874635 14.78778709919244 14.271194718136606 13.669597860279096 13.046660420112472 12.455168534170921 11.979890131215775 11.705594426642053 11.68516264651396 11.961075843814427 12.554483350501402 13.454881511669496 14.662346117756353 16.134489949760948 17.818462340037748 19.68244228650095 21.662943293481977 23.70705873154775 25.751181605059834 27.78478160042089 29.77601838784566 31.7037719684731 33.59974010650163 35.43220356763533 37.25405273535464 39.09710568787368 40.95072207253799 42.83612712853266 44.7426841921207 46.62807811082779 48.4393332800267 50.165839023615206 51.72290799769524 53.078735129520105 54.212164746459116 55.102000524845515 55.758817277198126 56.2250016945846 56.500529416521466 56.65955582713808 56.744432541874666 56.83987782309938 56.945909774400604 57.10487637233893 57.337974732362206 57.634602751062886 57.984181780288914 58.35493053287756 58.72567732080186 59.075233200584584 59.38242400931738 59.689606917202745 60.039148744810554 60.5581417016821 61.50076085724432 63.025873843055564 65.00638769020905 67.21989996933927 69.32750132161212 71.14915088784934 72.79075363534227 74.411174716658 76.16927399051602 78.08623593963476 80.08792243700154 81.8460196882205 83.06398207537426 83.72062944617363 83.85832338576084 83.79479068730521 83.69948359370989 83.56181262209333 83.25468701136492 82.68278871666507 81.79316437155919 80.5964043807548 79.1666444599279 77.71570237559773 76.4342133458301 75.5234035259182 75.07859117702228 75.16332136420222 75.72463970922381 76.75195578815932 78.19231518581738 80.00335439434595 80.71294416475531 81.5708057033055 82.55575753444391 83.68898127115212 84.97047686351274 84.97047825532894 84.97047944736406 84.97048058745673 84.97048156390069
42.06691652328873 40.45115020968853 39.21118733934966 38.52754030104647 38.46079575367 38.75565746765403 39.121799752362 39.55912398600781 40.075475061022914 40.650471034300686 41.09379990489 41.08305061140565 40.426007941949415 39.08925348411555 37.17730809774149 34.90850620080422 32.42063986774286 29.80614498385841 27.05979743802001 24.226070245142463 21.410510906420797 18.841744430465035 16.83287878248688 15.516673824108508 14.872276691692011 14.702112242620592 14.743140147590003 14.852812913020584 14.949069311674169 14.9905679563017 14.9564499125151 14.86742500415158 14.723511687188354 14.5560989478405 14.469991730622885 14.528053699916754 14.847712955088175 15.40711421496895 16.11403386707897 16.83051589713676 17.473861406738507 17.95835978118327 18.284968198783428 18.452309690124146 18.440173893497654 18.24743265546196 17.89592638061744 17.416792915460736 16.894206546088125 16.43447338434617 16.121674802320367 15.945918630897353 15.854103101420197 15.793818969293062 15.690756064107248 15.502966715582376 15.208981040874635 14.78778709919244 14.271194718136606 13.669597860279096 13.046660420112472 12.455168534170921 11.979890131215775 11.705594426642053 11.68516264651396 11.961075843814427 12.554483350501402 13.454881511669496 14.662346117756353 16.134489949760948 17.818462340037748 19.68244228650095 21.662943293481977 23.70705873154775 25.751181605059834 27.78478160042089 29.77601838784566 31.7037719684731 33.59974010650163 35.43220356763533 37.25405273535464 39.09710568787368 40.95072207253799 42.83612712853266 44.7426841921207 46.62807811082779 48.4393332800267 50.165839023615206 51.72290799769524 53.078735129520105 54.212164746459116 55.102000524845515 55.758817277198126 56.2250016945846 56.500529416521466 56.65955582713808 56.744432541874666 56.83987782309938 56.945909774400604 57.10487637233893 57.337974732362206 57.634602751062886 57.984181780288914 58.35493053287756 58.72567732080186 59.075233200584584 59.38242400931738 59.689606917202745 60.039148744810554 60.5581417016821 61.50076085724432 63.025873843055564 65.00638769020905 67.21989996933927 69.32750132161212 71.14915088784934 72.79075363534227 74.411174716658 76.16927399051602 78.08623593963476 80.08792243700154 81.8460196882205 83.06398207537426 83.72062944617363 83.85832338576084 83.79479068730521 83.69948359370989 83.56181262209333 83.25468701136492 82.68278871666507 81.79316437155919 80.5964043807548 79.1666444599279 77.71570237559773 76.4342133458301 75.5234035259182 75.07859117702228 75.16332136420222 75.72463970922381 76.75195578815932 78.19231518581738 80.00335439434595 80.71294416475531 81.5708057033055 82.55575753444391 83.68898127115212 84.97047686351274 84.97047825532894 84.97047944736406 84.97048058745673 84.97048156390069
42.06691652328873 40.45115020968853 39.21118733934966 38.52754030104647 38.46079575367 38.75565746765403 39.121799752362 39.55912398600781 40.075475061022914 40.650471034300686 41.09379990489 41.08305061140565 40.426007941949415 39.08925348411555 37.17730809774149 34.90850620080422 32.42063986774286 29.80614498385841 27.05979743802001 24.226070245142463 21.410510906420797 18.841744430465035 16.83287878248688 15.516673824108508 14.872276691692011 14.702112242620592 14.743140147590003 14.852812913020584 14.949069311674169 14.9905679563017 14.9564499125151 14.86742500415158 14.723511687188354 14.5560989478405 14.469991730622885 14.528053699916754 14.847712955088175 15.40711421496895 16.11403386707897 16.83051589713676 17.473861406738507 17.95835978118327 18.284968198783428 18.452309690124146 18.440173893497654 18.24743265546196 17.89592638061744 17.416792915460736 16.894206546088125 16.43447338434617 16.121674802320367 15.945918630897353 15.854103101420197 15.793818969293062 15.690756064107248 15.502966715582376 15.208981040874635 14.78778709919244 14.271194718136606 13.669597860279096 13.046660420112472 12.455168534170921 11.979890131215775 11.705594426642053 11.68516264651396 11.961075843814427 12.554483350501402 13.454881511669496 14.662346117756353 16.134489949760948 17.818462340037748 19.68244228650095 21.662943293481977 23.70705873154775 25.751181605059834 27.78478160042089 29.77601838784566 31.7037719684731 33.59974010650163 35.43220356763533 37.25405273535464 39.09710568787368 40.95072207253799 42.83612712853266 44.7426841921207 46.62807811082779 48.4393332800267 50.165839023615206 51.72290799769524 53.078735129520105 54.212164746459116 55.102000524845515 55.758817277198126 56.2250016945846 56.500529416521466 56.65955582713808 56.744432541874666 56.83987782309938 56.945909774400604 57.10487637233893 57.337974732362206 57.634602751062886 57.984181780288914 58.35493053287756 58.72567732080186 59.075233200584584 59.38242400931738 59.689606917202745 60.039148744810554 60.5581417016821 61.50076085724432 63.025873843055564 65.00638769020905 67.21989996933927 69.32750132161212 71.14915088784934 72.79075363534227 74.411174716658 76.16927399051602 78.08623593963476 80.08792243700154 81.8460196882205 83.06398207537426 83.72062944617363 83.85832338576084 83.79479068730521 83.69948359370989 83.56181262209333 83.25468701136492 82.68278871666507 81.79316437155919 80.5964043807548 79.1666444599279 77.71570237559773 76.4342133458301 75.5234035259182 75.07859117702228 75.16332136420222 75.72463970922381 76.75195578815932 78.19231518581738 80.00335439434595 80.71294416475531 81.5708057033055 82.55575753444391 83.68898127115212 84.97047686351274 84.97047825532894 84.97047944736406 84.97048058745673 84.97048156390069
42.06691652328873 40.45115020968853 39.21118733934966 38.52754030104647 38.46079575367 38.75565746765403 39.121799752362 39.55912398600781 40.075475061022914 40.650471034300686 41.09379990489 41.08305061140565 40.426007941949415 39.08925348411555 37.17730809774149 34.90850620080422 32.42063986774286 29.80614498385841 27.05979743802001 24.226070245142463 21.410510906420797 18.841744430465035 16.83287878248688 15.516673824108508 14.872276691692011 14.702112242620592 14.743140147590003 14.852812913020584 14.949069311674169 14.9905679563017 14.9564499125151 14.86742500415158 14.723511687188354 14.5560989478405 14.469991730622885 14.528053699916754 14.847712955088175 15.40711421496895 16.11403386707897 16.83051589713676 17.473861406738507 17.95835978118327 18.284968198783428 18.452309690124146 18.440173893497654 18.24743265546196 17.89592638061744 17.416792915460736 16.894206546088125 16.43447338434617 16.121674802320367 15.945918630897353 15.854103101420197 15.793818969293062 15.690756064107248 15.502966715582376 15.208981040874635 14.78778709919244 14.271194718136606 13.669597860279096 13.046660420112472 12.455168534170921 11.979890131215775 11.705594426642053 11.68516264651396 11.961075843814427 12.554483350501402 13.454881511669496 14.662346117756353 16.134489949760948 17.818462340037748 19.68244228650095 21.662943293481977 23.70705873154775 25.751181605059834 27.78478160042089 29.77601838784566 31.7037719684731 33.59974010650163 35.43220356763533 37.25405273535464 39.09710568787368 40.95072207253799 42.83612712853266 44.7426841921207 46.62807811082779 48.4393332800267 50.165839023615206 51.72290799769524 53.078735129520105 54.212164746459116 55.102000524845515 55.758817277198126 56.2250016945846 56.500529416521466 56.65955582713808 56.744432541874666 56.83987782309938 56.945909774400604 57.10487637233893 57.337974732362206 57.634602751062886 57.984181780288914 58.35493053287756 58.72567732080186 59.075233200584584 59.38242400931738 59.689606917202745 60.039148744810554 60.5581417016821 61.50076085724432 63.025873843055564 65.00638769020905 67.21989996933927 69.32750132161212 71.14915088784934 72.79075363534227 74.411174716658 76.16927399051602 78.08623593963476 80.08792243700154 81.8460196882205 83.06398207537426 83.72062944617363 83.85832338576084 83.79479068730521 83.69948359370989 83.56181262209333 83.25468701136492 82.68278871666507 81.79316437155919 80.5964043807548 79.1666444599279 77.71570237559773 76.4342133458301 75.5234035259182 75.07859117702228 75.16332136420222 75.72463970922381 76.75195578815932 78.19231518581738 80.00335439434595 80.71294416475531 81.5708057033055 82.55575753444391 83.68898127115212 84.97047686351274 84.97047825532894 84.97047944736406 84.97048058745673 84.97048156390069
42.06691652328873 40.45115020968853 39.21118733934966 38.52754030104647 38.46079575367 38.75565746765403 39.121799752362 39.55912398600781 40.075475061022914 40.650471034300686 41.09379990489 41.08305061140565 40.426007941949415 39.08925348411555 37.17730809774149 34.90850620080422 32.42063986774286 29.80614498385841 27.05979743802001 24.226070245142463 21.410510906420797 18.841744430465035 16.83287878248688 15.516673824108508 14.872276691692011 14.702112242620592 14.743140147590003 14.852812913020584 14.949069311674169 14.9905679563017 14.9564499125151 14.86742500415158 14.723511687188354 14.5560989478405 14.469991730622885 14.528053699916754 14.847712955088175 15.40711421496895 16.11403386707897 16.83051589713676 17.473861406738507 17.95835978118327 18.284968198783428 18.452309690124146 18.440173893497654 18.24743265546196 17.89592638061744 17.416792915460736 16.894206546088125 16.43447338434617 16.121674802320367 15.945918630897353 15.854103101420197 15.793818969293062 15.690756064107248 15.502966715582376 15.208981040874635 14.78778709919244 14.271194718136606 13.669597860279096 13.046660420112472 12.455168534170921 11.979890131215775 11.705594426642053 11.68516264651396 11.961075843814427 12.554483350501402 13.454881511669496 14.662346117756353 16.134489949760948 17.818462340037748 19.68244228650095 21.662943293481977 23.70705873154775 25.751181605059834 27.78478160042089 29.77601838784566 31.7037719684731 33.59974010650163 35.43220356763533 37.25405273535464 39.09710568787368 40.95072207253799 42.83612712853266 44.7426841921207 46.62807811082779 48.4393332800267 50.165839023615206 51.72290799769524 53.078735129520105 54.212164746459116 55.102000524845515 55.758817277198126 56.2250016945846 56.500529416521466 56.65955582713808 56.744432541874666 56.83987782309938 56.945909774400604 57.10487637233893 57.337974732362206 57.634602751062886 57.984181780288914 58.35493053287756 58.72567732080186 59.075233200584584 59.38242400931738 59.689606917202745 60.039148744810554 60.5581417016821 61.50076085724432 63.025873843055564 65.00638769020905 67.21989996933927 69.32750132161212 71.14915088784934 72.79075363534227 74.411174716658 76.16927399051602 78.08623593963476 80.08792243700154 81.8460196882205 83.06398207537426 83.72062944617363 83.85832338576084 83.79479068730521 83.69948359370989 83.56181262209333 83.25468701136492 82.68278871666507 81.79316437155919 80.5964043807548 79.1666444599279 77.71570237559773 76.4342133458301 75.5234035259182 75.07859117702228 75.16332136420222 75.72463970922381 76.75195578815932 78.19231518581738 80.00335439434595 80.71294416475531 81.5708057033055 82.55575753444391 83.68898127115212 84.97047686351274 84.97047825532894 84.97047944736406 84.97048058745673 84.97048156390069