4 151 8
300.0440999999999 302.0443999999999 304.0446999999999 306.0449999999999 308.0452999999999 310.0455999999999 312.0458999999999 314.0461999999999 316.04649999999987 318.0467999999999 320.0470999999999 322.04739999999987 324.0476999999999 326.0479999999999 328.04829999999987 330.0485999999999 332.0488999999999 334.04919999999987 336.0494999999999 338.0497999999999 340.0500999999999 342.05039999999985 344.0506999999999 346.0509999999999 348.05129999999986 350.0515999999999 352.0518999999999 354.05219999999986 356.0524999999999 358.0527999999999 360.05309999999986 362.0533999999999 364.0536999999999 366.05399999999986 368.0542999999999 369.99 372.04 373.98 376.04 377.98 380.03 381.97 384.02 385.96 388.01 389.95 392.0 394.05 395.99 398.05 399.99 402.04 403.99 406.05 407.99 410.06 412.01 413.96 416.02 417.97 420.04 422.0 423.95 426.02 427.98 430.05 432.01 433.96 436.03 437.99 440.06 442.01 443.96 446.03 447.98 450.04 451.98 454.04 455.99 458.04 459.98 462.03 463.97 466.02 467.95 470.0 472.05 473.98 476.02 477.96 480.0 482.05 483.98 486.03 487.96 490.01 492.06 493.99 496.05 497.98 500.04 501.98 504.04 505.98 508.04 509.99 512.05 514.0 515.95 518.01 519.96 522.03 523.98 526.04 527.99 530.05 532.0 534.06 536.0 538.06 540.0 542.05 543.99 546.04 547.98 550.03 551.96 554.0 556.04 557.97 560.01 562.05 563.98 566.01 568.05 569.98 572.01 574.05 575.97 578.01 580.05 581.98 584.02 585.95 588.0 590.04 591.97 594.02 595.96 598.01 599.95
0.0 39.77 47.82 50.0 60.0 70.0 80.0 90.0
71.69571887237906 73.57599534423954 75.36437038778762 77.059139926765 78.65965831186735 80.16623779837676 81.58003765435421 82.90294809043735 84.1374735347074 85.28661899637405 86.35378244503603 87.34265533785087 88.10926734524728 88.83066432574289 89.63433486882691 90.57562477672685 91.53860383522611 92.37440005195769 93.02686171156867 93.53599490131091 94.04060747328704 94.64278515215291 95.26843239790199 95.76260291563491 96.0573120039895 96.16344466319951 96.23198237903357 96.43551988707635 96.7271842115132 96.92852752072616 96.87961382012175 96.55059201991644 96.1238602980061 95.8740633107777 95.98590896172213 96.35704173557157 96.70420986923455 96.6812058339005 96.18642056582111 95.41337362014696 94.71760681203315 94.39872713552077 94.52602049725338 94.83945209415656 94.91610731202697 94.40360794001796 93.3061374864488 92.00986925419396 91.00472547801589 90.62222465881992 90.93171743837111 91.52709031009672 91.73044618528984 91.06226879564485 89.55099267300798 87.71075970432516 86.18557569055255 85.57116808158321 86.03256261429436 87.15900082453427 87.61881012290367 86.15982829301956 82.99748845689554 79.1062284326621 75.52130584781507 72.76658386807145 70.48279318725314 66.98792266265359 61.410043960011606 54.02566615531262 45.542855234008705 37.24390617435792 30.33976132556012 24.830642087895175 20.224100617821712 15.914901552674461 11.441294828143041 6.91620787650948 3.6120812560916735 1.8984228658412274 1.139068050613177 0.7696498362073819 0.5849399040320028 0.5028480320817529 0.4720653836709231 0.4925939450561426 0.574697126393714 0.7081133598041379 0.8517936009544141 0.9544242233865895 1.00574225662643 1.0262721477418393 1.0365387762682454 1.036542533412945 1.026282906415545 1.005760236032514 0.9544484973784357 0.8620844837136511 0.738931188729684 0.6363030480120413 0.6260412277184412 0.6363051791227241 0.626043119248505 0.6055178792324706 0.5747295311968449 0.5542040517444236 0.5234154569599155 0.49262673085730213 0.45157485121073115 0.4002598219315407 0.32841852249662007 0.21552478585183693 0.12315708399749055 0.08210476312917883 0.06157859833303031 0.051315519306339784 0.04105242962177539 0.04105244317024028 0.030789341036026853 0.030789349355445177 0.030789356444307307 0.030789363224278277 0.030789369031055357 0.030789374584806593 0.030789379341374597 0.030789383890678507 0.030789387767846454 0.03078939147895455 0.030789394830195597 0.03078939770103842 0.04105253393189643 0.04105253724045748 0.041052540074738304 0.05131567846873888 0.06157881783905161 0.08210509465144415 0.10263137331529805 0.14368392899664062 0.21552590162095542 0.28736787925520946 0.3592098608391776 0.41052556676811014 0.4515781355776867 0.4823675650147194 0.5131569954158154 0.5336832858442196 0.5336832949347992 0.5644727250424839 0.5644727329613674 0.5439464590611818 0.49263076103726383
69.54299047328335 71.24230128990024 72.8384464214779 74.2319081744446 75.44092627637563 76.36864947316394 76.72321630562128 76.36277643594694 75.13282200232372 73.1371584885051 70.70953434871409 67.88879237867276 64.74441982743737 61.49987470686016 58.329355935177794 55.27723149618011 52.34862424789252 49.731484771926645 47.59704930677244 46.196781551413586 45.55760915632248 45.33710007858385 45.32419569933588 45.213406971797546 44.604155506005604 43.13121396536245 40.809466944883106 37.82711557329209 34.49673180936386 31.042588469986505 27.568561999893685 24.066869605421186 20.45790509633659 16.81479258509718 13.374732305453866 10.518992726338807 8.590483068581163 7.560819660527563 7.207634394843211 7.202776768102605 7.352131813897832 7.490621809262435 7.5775296822717975 7.61231531607998 7.585048471463719 7.5056083002593565 7.353670204999795 7.139340737920096 6.89349507112899 6.699108692617096 6.649093108499392 6.7748147204010145 7.065891126662289 7.398410402960243 7.67908886976208 7.8459560054811135 7.909160881536354 7.8790978390194635 7.755789590199195 7.50804816483121 7.146299138147295 6.649729699865086 6.090873123446586 5.542273408707922 5.138580724728006 4.942037066593504 4.973375058826705 5.191201319337221 5.512659201230312 5.865195918568019 6.197023030370926 6.456296431799925 6.632658332829653 6.715748234065909 6.70553896298248 6.59167962165131 6.384513923747089 6.10478330785548 5.7732034151501095 5.441609187544281 5.16181994384843 4.996038458324952 4.964993953551146 5.11015897135817 5.4418985770900425 5.970588387352092 6.685863872286222 7.598090966989693 8.707277457989536 9.961591055117363 11.350671572696971 12.822687520077348 14.356903117663833 15.932592113043295 17.518649219623057 19.12544605150254 20.752978676234427 22.432341897277112 24.225738792052194 26.143529138844688 28.26864904218192 30.621825427701317 33.23416305753049 36.05382561926238 39.039353614003474 42.08707917871304 45.062244992506635 47.86118284906455 50.33876607821822 52.42243152787207 54.060342650592105 55.200670924526456 55.87451074497529 56.112963955520044 56.009324255104424 55.64652486700816 55.16969217818577 54.682491973847604 54.28858597127947 54.08127354218864 54.060553279140116 54.27825873462022 54.69292343253103 55.34601419217309 56.268629227554435 57.64736429046047 59.60661507120334 62.06345172955508 64.74834837080363 67.32958083255033 69.50652498424601 71.26881398640039 72.8030422083808 74.2232402817607 75.64343808277503 77.05326901832152 78.3179706443766 79.23021523635994 79.76926981950604 80.0491648989302 80.26686145065678 80.6089541728224 81.04434422004014 81.41753570662789 81.62486508058613 81.5730348095964 81.22057931374012 81.21021426498251 80.87849126679602 80.21504406814344 79.31316996872975
57.88655621768203 56.24045530332874 54.252321922065924 51.98345236642168 49.527305382681796 47.036928933697226 44.851671279859815 43.13341983528706 42.06652066863725 41.70106130814115 41.746971111370996 41.88526961025001 42.11400119642572 42.43976092561117 42.83936938848947 43.111907265379074 42.92185077380919 42.07400885333859 40.539770331498616 38.432406505762685 35.98015169288246 33.32525857308717 30.56175029250792 27.68280846829102 24.732462892524346 21.81670082436426 19.166082191867 17.09572203071402 15.736407681519793 15.063236914538619 14.873242958898881 14.898680978231786 14.994816650949446 15.078571989758679 15.108219854677834 15.062250339207132 14.963055357987871 14.808881578556667 14.632887338227514 14.538790434565982 14.591358080160328 14.905649150149772 15.462173569017326 16.165530019788942 16.87977038507133 17.51964487903024 18.001444814465415 18.32457727347869 18.48859728887519 18.472939556054914 18.276865929236067 17.921986744865418 17.439513411562217 16.914397825213452 16.452032638646145 16.137467399712623 15.959911259165384 15.866724355356695 15.805163016231347 15.70099320793667 15.512087733888793 15.217104802156149 14.794952653215242 14.27743841007245 13.675027300086994 13.05133319948955 12.45921324075898 11.983419253508947 11.708703831219154 11.687976971480369 11.963673466573178 12.556953497466449 13.457282955041832 14.664705825454947 16.136842420275983 17.82080313776995 19.684785982576486 21.665303088676005 23.709365930809064 25.75347252734283 27.78699101124803 29.778185588922206 31.705834467333528 33.601738288957755 35.434087883274756 37.25586618076134 39.09882345208976 40.952353705788475 42.8376664313426 44.744145235878385 46.629451333983106 48.440620872697174 50.167049846550334 51.72403621705616 53.079785086336564 54.21313388394763 55.10288960719931 55.759634197618446 56.225745767582815 56.50120835430789 56.66017081975209 56.744983744982534 56.84038422188322 56.94636324415293 57.105293438009674 57.338349327351196 57.63494764735245 57.984492170277676 58.35521425011574 58.72593489608732 59.075468238627316 59.382637311042274 59.689801404695054 60.03932770225056 60.55830317094074 61.50091086718385 63.02601118637011 65.006517280223 67.22001974663586 69.3276143307811 71.14925455326322 72.79085058451598 74.41126329995913 76.16935698632268 78.08631198828174 80.0879938292975 81.84608493131596 83.06404263562459 83.7206844962269 83.85837339036175 83.79483575136298 83.69952481223459 83.56184947007775 83.25472013826298 82.68281884313365 81.79319105744865 80.59642810793333 79.16666580208701 77.71572114493488 76.4342300156128 75.52341860897518 75.07860462026984 75.16333351755262 75.7246508411626 76.75196598487683 78.1923245665548 80.0033631094323 80.71295211066456 81.57081300057308 82.55576420032722 83.68898732618014
57.88655621768203 56.24045530332874 54.252321922065924 51.98345236642168 49.527305382681796 47.036928933697226 44.851671279859815 43.13341983528706 42.06652066863725 41.70106130814115 41.746971111370996 41.88526961025001 42.11400119642572 42.43976092561117 42.83936938848947 43.111907265379074 42.92185077380919 42.07400885333859 40.539770331498616 38.432406505762685 35.98015169288246 33.32525857308717 30.56175029250792 27.68280846829102 24.732462892524346 21.81670082436426 19.166082191867 17.09572203071402 15.736407681519793 15.063236914538619 14.873242958898881 14.898680978231786 14.994816650949446 15.078571989758679 15.108219854677834 15.062250339207132 14.963055357987871 14.808881578556667 14.632887338227514 14.538790434565982 14.591358080160328 14.905649150149772 15.462173569017326 16.165530019788942 16.87977038507133 17.51964487903024 18.001444814465415 18.32457727347869 18.48859728887519 18.472939556054914 18.276865929236067 17.921986744865418 17.439513411562217 16.914397825213452 16.452032638646145 16.137467399712623 15.959911259165384 15.866724355356695 15.805163016231347 15.70099320793667 15.512087733888793 15.217104802156149 14.794952653215242 14.27743841007245 13.675027300086994 13.05133319948955 12.45921324075898 11.983419253508947 11.708703831219154 11.687976971480369 11.963673466573178 12.556953497466449 13.457282955041832 14.664705825454947 16.136842420275983 17.82080313776995 19.684785982576486 21.665303088676005 23.709365930809064 25.75347252734283 27.78699101124803 29.778185588922206 31.705834467333528 33.601738288957755 35.434087883274756 37.25586618076134 39.09882345208976 40.952353705788475 42.8376664313426 44.744145235878385 46.629451333983106 48.440620872697174 50.167049846550334 51.72403621705616 53.079785086336564 54.21313388394763 55.10288960719931 55.759634197618446 56.225745767582815 56.50120835430789 56.66017081975209 56.744983744982534 56.84038422188322 56.94636324415293 57.105293438009674 57.338349327351196 57.63494764735245 57.984492170277676 58.35521425011574 58.72593489608732 59.075468238627316 59.382637311042274 59.689801404695054 60.03932770225056 60.55830317094074 61.50091086718385 63.02601118637011 65.006517280223 67.22001974663586 69.3276143307811 71.14925455326322 72.79085058451598 74.41126329995913 76.16935698632268 78.08631198828174 80.0879938292975 81.84608493131596 83.06404263562459 83.7206844962269 83.85837339036175 83.79483575136298 83.69952481223459 83.56184947007775 83.25472013826298 82.68281884313365 81.79319105744865 80.59642810793333 79.16666580208701 77.71572114493488 76.4342300156128 75.52341860897518 75.07860462026984 75.16333351755262 75.7246508411626 76.75196598487683 78.1923245665548 80.0033631094323 80.71295211066456 81.57081300057308 82.55576420032722 83.68898732618014
57.88655621768203 56.24045530332874 54.252321922065924 51.98345236642168 49.527305382681796 47.036928933697226 44.851671279859815 43.13341983528706 42.06652066863725 41.70106130814115 41.746971111370996 41.88526961025001 42.11400119642572 42.43976092561117 42.83936938848947 43.111907265379074 42.92185077380919 42.07400885333859 40.539770331498616 38.432406505762685 35.98015169288246 33.32525857308717 30.56175029250792 27.68280846829102 24.732462892524346 21.81670082436426 19.166082191867 17.09572203071402 15.736407681519793 15.063236914538619 14.873242958898881 14.898680978231786 14.994816650949446 15.078571989758679 15.108219854677834 15.062250339207132 14.963055357987871 14.808881578556667 14.632887338227514 14.538790434565982 14.591358080160328 14.905649150149772 15.462173569017326 16.165530019788942 16.87977038507133 17.51964487903024 18.001444814465415 18.32457727347869 18.48859728887519 18.472939556054914 18.276865929236067 17.921986744865418 17.439513411562217 16.914397825213452 16.452032638646145 16.137467399712623 15.959911259165384 15.866724355356695 15.805163016231347 15.70099320793667 15.512087733888793 15.217104802156149 14.794952653215242 14.27743841007245 13.675027300086994 13.05133319948955 12.45921324075898 11.983419253508947 11.708703831219154 11.687976971480369 11.963673466573178 12.556953497466449 13.457282955041832 14.664705825454947 16.136842420275983 17.82080313776995 19.684785982576486 21.665303088676005 23.709365930809064 25.75347252734283 27.78699101124803 29.778185588922206 31.705834467333528 33.601738288957755 35.434087883274756 37.25586618076134 39.09882345208976 40.952353705788475 42.8376664313426 44.744145235878385 46.629451333983106 48.440620872697174 50.167049846550334 51.72403621705616 53.079785086336564 54.21313388394763 55.10288960719931 55.759634197618446 56.225745767582815 56.50120835430789 56.66017081975209 56.744983744982534 56.84038422188322 56.94636324415293 57.105293438009674 57.338349327351196 57.63494764735245 57.984492170277676 58.35521425011574 58.72593489608732 59.075468238627316 59.382637311042274 59.689801404695054 60.03932770225056 60.55830317094074 61.50091086718385 63.02601118637011 65.006517280223 67.22001974663586 69.3276143307811 71.14925455326322 72.79085058451598 74.41126329995913 76.16935698632268 78.08631198828174 80.0879938292975 81.84608493131596 83.06404263562459 83.7206844962269 83.85837339036175 83.79483575136298 83.69952481223459 83.56184947007775 83.25472013826298 82.68281884313365 81.79319105744865 80.59642810793333 79.16666580208701 77.71572114493488 76.4342300156128 75.52341860897518 75.07860462026984 75.16333351755262 75.7246508411626 76.75196598487683 78.1923245665548 80.0033631094323 80.71295211066456 81.57081300057308 82.55576420032722 83.68898732618014
57.88655621768203 56.24045530332874 54.252321922065924 51.98345236642168 49.527305382681796 47.036928933697226 44.851671279859815 43.13341983528706 42.06652066863725 41.70106130814115 41.746971111370996 41.88526961025001 42.11400119642572 42.43976092561117 42.83936938848947 43.111907265379074 42.92185077380919 42.07400885333859 40.539770331498616 38.432406505762685 35.98015169288246 33.32525857308717 30.56175029250792 27.68280846829102 24.732462892524346 21.81670082436426 19.166082191867 17.09572203071402 15.736407681519793 15.063236914538619 14.873242958898881 14.898680978231786 14.994816650949446 15.078571989758679 15.108219854677834 15.062250339207132 14.963055357987871 14.808881578556667 14.632887338227514 14.538790434565982 14.591358080160328 14.905649150149772 15.462173569017326 16.165530019788942 16.87977038507133 17.51964487903024 18.001444814465415 18.32457727347869 18.48859728887519 18.472939556054914 18.276865929236067 17.921986744865418 17.439513411562217 16.914397825213452 16.452032638646145 16.137467399712623 15.959911259165384 15.866724355356695 15.805163016231347 15.70099320793667 15.512087733888793 15.217104802156149 14.794952653215242 14.27743841007245 13.675027300086994 13.05133319948955 12.45921324075898 11.983419253508947 11.708703831219154 11.687976971480369 11.963673466573178 12.556953497466449 13.457282955041832 14.664705825454947 16.136842420275983 17.82080313776995 19.684785982576486 21.665303088676005 23.709365930809064 25.75347252734283 27.78699101124803 29.778185588922206 31.705834467333528 33.601738288957755 35.434087883274756 37.25586618076134 39.09882345208976 40.952353705788475 42.8376664313426 44.744145235878385 46.629451333983106 48.440620872697174 50.167049846550334 51.72403621705616 53.079785086336564 54.21313388394763 55.10288960719931 55.759634197618446 56.225745767582815 56.50120835430789 56.66017081975209 56.744983744982534 56.84038422188322 56.94636324415293 57.105293438009674 57.338349327351196 57.63494764735245 57.984492170277676 58.35521425011574 58.72593489608732 59.075468238627316 59.382637311042274 59.689801404695054 60.03932770225056 60.55830317094074 61.50091086718385 63.02601118637011 65.006517280223 67.22001974663586 69.3276143307811 71.14925455326322 72.79085058451598 74.41126329995913 76.16935698632268 78.08631198828174 80.0879938292975 81.84608493131596 83.06404263562459 83.7206844962269 83.85837339036175 83.79483575136298 83.69952481223459 83.56184947007775 83.25472013826298 82.68281884313365 81.79319105744865 80.59642810793333 79.16666580208701 77.71572114493488 76.4342300156128 75.52341860897518 75.07860462026984 75.16333351755262 75.7246508411626 76.75196598487683 78.1923245665548 80.0033631094323 80.71295211066456 81.57081300057308 82.55576420032722 83.68898732618014
57.88655621768203 56.24045530332874 54.252321922065924 51.98345236642168 49.527305382681796 47.036928933697226 44.851671279859815 43.13341983528706 42.06652066863725 41.70106130814115 41.746971111370996 41.88526961025001 42.11400119642572 42.43976092561117 42.83936938848947 43.111907265379074 42.92185077380919 42.07400885333859 40.539770331498616 38.432406505762685 35.98015169288246 33.32525857308717 30.56175029250792 27.68280846829102 24.732462892524346 21.81670082436426 19.166082191867 17.09572203071402 15.736407681519793 15.063236914538619 14.873242958898881 14.898680978231786 14.994816650949446 15.078571989758679 15.108219854677834 15.062250339207132 14.963055357987871 14.808881578556667 14.632887338227514 14.538790434565982 14.591358080160328 14.905649150149772 15.462173569017326 16.165530019788942 16.87977038507133 17.51964487903024 18.001444814465415 18.32457727347869 18.48859728887519 18.472939556054914 18.276865929236067 17.921986744865418 17.439513411562217 16.914397825213452 16.452032638646145 16.137467399712623 15.959911259165384 15.866724355356695 15.805163016231347 15.70099320793667 15.512087733888793 15.217104802156149 14.794952653215242 14.27743841007245 13.675027300086994 13.05133319948955 12.45921324075898 11.983419253508947 11.708703831219154 11.687976971480369 11.963673466573178 12.556953497466449 13.457282955041832 14.664705825454947 16.136842420275983 17.82080313776995 19.684785982576486 21.665303088676005 23.709365930809064 25.75347252734283 27.78699101124803 29.778185588922206 31.705834467333528 33.601738288957755 35.434087883274756 37.25586618076134 39.09882345208976 40.952353705788475 42.8376664313426 44.744145235878385 46.629451333983106 48.440620872697174 50.167049846550334 51.72403621705616 53.079785086336564 54.21313388394763 55.10288960719931 55.759634197618446 56.225745767582815 56.50120835430789 56.66017081975209 56.744983744982534 56.84038422188322 56.94636324415293 57.105293438009674 57.338349327351196 57.63494764735245 57.984492170277676 58.35521425011574 58.72593489608732 59.075468238627316 59.382637311042274 59.689801404695054 60.03932770225056 60.55830317094074 61.50091086718385 63.02601118637011 65.006517280223 67.22001974663586 69.3276143307811 71.14925455326322 72.79085058451598 74.41126329995913 76.16935698632268 78.08631198828174 80.0879938292975 81.84608493131596 83.06404263562459 83.7206844962269 83.85837339036175 83.79483575136298 83.69952481223459 83.56184947007775 83.25472013826298 82.68281884313365 81.79319105744865 80.59642810793333 79.16666580208701 77.71572114493488 76.4342300156128 75.52341860897518 75.07860462026984 75.16333351755262 75.7246508411626 76.75196598487683 78.1923245665548 80.0033631094323 80.71295211066456 81.57081300057308 82.55576420032722 83.68898732618014
57.88655621768203 56.24045530332874 54.252321922065924 51.98345236642168 49.527305382681796 47.036928933697226 44.851671279859815 43.13341983528706 42.06652066863725 41.70106130814115 41.746971111370996 41.88526961025001 42.11400119642572 42.43976092561117 42.83936938848947 43.111907265379074 42.92185077380919 42.07400885333859 40.539770331498616 38.432406505762685 35.98015169288246 33.32525857308717 30.56175029250792 27.68280846829102 24.732462892524346 21.81670082436426 19.166082191867 17.09572203071402 15.736407681519793 15.063236914538619 14.873242958898881 14.898680978231786 14.994816650949446 15.078571989758679 15.108219854677834 15.062250339207132 14.963055357987871 14.808881578556667 14.632887338227514 14.538790434565982 14.591358080160328 14.905649150149772 15.462173569017326 16.165530019788942 16.87977038507133 17.51964487903024 18.001444814465415 18.32457727347869 18.48859728887519 18.472939556054914 18.276865929236067 17.921986744865418 17.439513411562217 16.914397825213452 16.452032638646145 16.137467399712623 15.959911259165384 15.866724355356695 15.805163016231347 15.70099320793667 15.512087733888793 15.217104802156149 14.794952653215242 14.27743841007245 13.675027300086994 13.05133319948955 12.45921324075898 11.983419253508947 11.708703831219154 11.687976971480369 11.963673466573178 12.556953497466449 13.457282955041832 14.664705825454947 16.136842420275983 17.82080313776995 19.684785982576486 21.665303088676005 23.709365930809064 25.75347252734283 27.78699101124803 29.778185588922206 31.705834467333528 33.601738288957755 35.434087883274756 37.25586618076134 39.09882345208976 40.952353705788475 42.8376664313426 44.744145235878385 46.629451333983106 48.440620872697174 50.167049846550334 51.72403621705616 53.079785086336564 54.21313388394763 55.10288960719931 55.759634197618446 56.225745767582815 56.50120835430789 56.66017081975209 56.744983744982534 56.84038422188322 56.94636324415293 57.105293438009674 57.338349327351196 57.63494764735245 57.984492170277676 58.35521425011574 58.72593489608732 59.075468238627316 59.382637311042274 59.689801404695054 60.03932770225056 60.55830317094074 61.50091086718385 63.02601118637011 65.006517280223 67.22001974663586 69.3276143307811 71.14925455326322 72.79085058451598 74.41126329995913 76.16935698632268 78.08631198828174 80.0879938292975 81.84608493131596 83.06404263562459 83.7206844962269 83.85837339036175 83.79483575136298 83.69952481223459 83.56184947007775 83.25472013826298 82.68281884313365 81.79319105744865 80.59642810793333 79.16666580208701 77.71572114493488 76.4342300156128 75.52341860897518 75.07860462026984 75.16333351755262 75.7246508411626 76.75196598487683 78.1923245665548 80.0033631094323 80.71295211066456 81.57081300057308 82.55576420032722 83.68898732618014