4 151 8
300.0440999999999 302.0443999999999 304.0446999999999 306.0449999999999 308.0452999999999 310.0455999999999 312.0458999999999 314.0461999999999 316.04649999999987 318.0467999999999 320.0470999999999 322.04739999999987 324.0476999999999 326.0479999999999 328.04829999999987 330.0485999999999 332.0488999999999 334.04919999999987 336.0494999999999 338.0497999999999 340.0500999999999 342.05039999999985 344.0506999999999 346.0509999999999 348.05129999999986 350.0515999999999 352.0518999999999 354.05219999999986 356.0524999999999 358.0527999999999 360.05309999999986 362.0533999999999 364.0536999999999 366.05399999999986 368.0542999999999 369.99 372.04 373.98 376.04 377.98 380.03 381.97 384.02 385.96 388.01 389.95 392.0 394.05 395.99 398.05 399.99 402.04 403.99 406.05 407.99 410.06 412.01 413.96 416.02 417.97 420.04 422.0 423.95 426.02 427.98 430.05 432.01 433.96 436.03 437.99 440.06 442.01 443.96 446.03 447.98 450.04 451.98 454.04 455.99 458.04 459.98 462.03 463.97 466.02 467.95 470.0 472.05 473.98 476.02 477.96 480.0 482.05 483.98 486.03 487.96 490.01 492.06 493.99 496.05 497.98 500.04 501.98 504.04 505.98 508.04 509.99 512.05 514.0 515.95 518.01 519.96 522.03 523.98 526.04 527.99 530.05 532.0 534.06 536.0 538.06 540.0 542.05 543.99 546.04 547.98 550.03 551.96 554.0 556.04 557.97 560.01 562.05 563.98 566.01 568.05 569.98 572.01 574.05 575.97 578.01 580.05 581.98 584.02 585.95 588.0 590.04 591.97 594.02 595.96 598.01 599.95
0.0 39.77 47.82 50.0 60.0 70.0 80.0 90.0
71.69571887237906 73.57599534423954 75.36437038778762 77.059139926765 78.65965831186735 80.16623779837676 81.58003765435421 82.90294809043735 84.1374735347074 85.28661899637405 86.35378244503603 87.34265533785087 88.25713269845934 89.10123351652605 89.87903170908201 90.59459746729591 91.2519484996252 91.85501046399374 92.40758574427717 92.91332965545237 93.37573314305375 93.79811106299918 94.1835951759797 94.53513105688582 94.85547819647397 95.14721265370444 95.41273169848115 95.65425996277307 95.8738566912248 96.07342374913698 96.25471410551005 96.41934056156039 96.56878454091712 96.7044047969927 96.82744592631735 96.9356102996638 97.03952971011766 97.12870983733956 97.21455354043725 97.12482426804196 97.06235437061325 97.15295842216335 97.45539830555829 97.83158727920961 98.12425130513532 98.26724629009667 98.30632392270891 98.38253724144943 98.59697939129313 98.87177436234474 99.04001739459606 99.03317189404179 98.85911864453075 98.6738410439477 98.64953746632962 98.73737232751172 98.75110260179258 98.52779918545494 98.03734464734234 97.4630586799227 97.08307714963746 97.08106337181817 97.35514122344117 97.60845014827504 97.50177011942553 96.92295615582283 96.07653048927564 95.31160634896086 94.93627577780612 95.01171558381128 95.28193209241694 95.3156717244587 94.76430017006197 93.62793762481137 92.2961872436866 91.26185326208038 90.853116061326 91.14207471685044 91.71813144019141 91.90419019715694 91.21780091802279 89.68986091270024 87.83334453701602 86.29487962807063 85.66960484532318 86.12184139398228 87.24107627630289 87.69316897864289 86.22614259299985 83.05543268674913 79.15602066693525 75.56441823823162 72.8040205826429 70.51568066416183 67.0162737889351 61.43347727439418 54.04436330317034 45.557059800058305 37.25444743178823 30.347550209219452 24.836389689813572 20.2283469040466 15.917916032039857 11.44326161600347 6.91728042904774 3.61258937433402 1.8986639125016542 1.1391993151075113 0.7697298600182918 0.5849951243614825 0.5028908625729493 0.47210191186592854 0.4926283359899622 0.5747333419042518 0.7081538808298484 0.8518376204852403 0.9544689887062778 1.0057848576708868 1.026311367867562 1.036574761633321 1.0365750002916794 1.0263121074759425 1.0057860550144748 0.9544706121290045 0.8621026215584887 0.7389452133762842 0.6363140138688267 0.6260509600720758 0.6363141598240424 0.6260510865877812 0.6055248754954723 0.5747355213664048 0.5542092910089671 0.5234199203811366 0.49263054271241286 0.45157802058294283 0.40026235592966236 0.3284204091351785 0.21552590162095542 0.12315766253794691 0.08210511104895489 0.061578835015216514 0.05131569722473713 0.041052558724656976 0.041052559633265234 0.030789420337166515 0.030789420861623028 0.030789421365953664 0.030789421797892756 0.030789422211010282 0.03078942256482899
71.52213347988318 73.3978575386498 75.18190267535343 76.8725689395434 78.46921224512295 79.97214409136032 81.3825209395659 82.70222842391222 83.93376490890883 85.08012812821657 86.14470782447316 87.1311865173005 88.04344979994077 88.88550693152084 89.6804341415364 90.34650992849407 90.94415307667612 91.49660550537317 91.94928950269303 92.23633091715973 92.42871538998959 92.6087153683983 92.82992960925519 93.02643486634331 93.09085896091453 92.99476160847279 92.84052816343338 92.78215483355488 92.83291584795006 92.85341192757336 92.72321369831305 92.47388711099971 91.99418432486452 90.94716281428474 89.18877767855874 86.56126275680171 83.21581448035371 79.53242637473423 75.56191892682277 71.36922809079951 67.19889666316142 63.22208448642957 59.47587583268844 55.94742313606749 52.82702466043915 50.27828393708813 48.55281409228095 47.66104026631752 47.2312930660562 47.03849467809843 46.76080721093974 45.98599427008078 44.340277260431286 41.84499534205766 38.69557046366633 35.21364423568173 31.626291221326653 28.037578118350467 24.437467867650334 20.74292479194057 17.026834468281383 13.52733175704642 10.627952082748633 8.670809052501928 7.624990752822203 7.262825961597581 7.252838627455612 7.398239006001549 7.5332767655910455 7.616464664571543 7.647831097681845 7.616978936393169 7.534285324948683 7.379032010269949 7.161557068656714 6.912972181826138 6.716176984720963 6.664474816555303 6.788955542052642 7.079274428748084 7.411046706529373 7.690996962815588 7.856921538187409 7.919191590502316 7.888161556505757 7.763838024525551 7.515118306058157 7.152363938912535 6.654847771463429 6.09512543226744 5.545761909947835 5.1415141551805705 4.944579629693608 4.975695650137139 5.193398378124943 5.514762763902088 5.8672257396347085 6.198955847768814 6.4581237772565325 6.634361082022443 6.7173027426966945 6.706946869235868 6.592928167370365 6.385611438029221 6.105730026194384 5.774015542498316 5.4423001198679515 5.162414784239581 4.996557917978003 4.965462665977995 5.110594233315802 5.442319668615284 5.9710052298897525 6.686285193295849 7.5985257595764475 8.70772743820545 9.962058283208668 11.35115236234372 12.823177553269563 14.357401544169305 15.933091158204862 17.51914768172425 19.125937022937784 20.75345952663992 22.432813863011752 24.226198587809048 26.143979688621712 28.269088502838933 30.62225761885269 33.23458601218728 36.05424219167899 39.03976050513219 42.08747705624748 45.062629260448844 47.86155319010173 50.3391193801923 52.42276340815519 54.06065320654417 55.20095669770885 55.87477322005099 56.11320173478046 56.009539531347656 55.646717801634104 55.16986567744762 54.68264710440587 54.288725797160545 54.08139914228235 54.06066726983454 54.27836199345603 54.693017899137345 55.34610043955668
71.47502243901691 73.34951097377878 75.13238097462929 76.82193361086121 78.41752522063193 79.91946709802774 81.32891494260744 82.64775314649188 83.87847842853844 85.02408654782548 86.08796501419509 87.07379392162383 87.9854563039456 88.8269587794212 89.52466720088324 90.07099426629266 90.38929612761518 90.67896788962052 91.02476510885253 91.37234368049796 91.66564165166491 91.7762215265524 91.36976161376494 90.17853622069119 88.0036992934994 84.8198783228111 81.08727081174503 77.23049275302004 73.28462668799935 69.16008568205119 64.93262642825574 60.70952032178784 56.660998200873685 53.16685674559401 50.37817077581286 48.46525196071725 47.447670283738695 46.95601430365878 46.61934961023238 46.42320937024105 46.37253526845475 46.4327813568578 46.38652070705198 45.872589423820905 44.692908596075796 42.82345467119974 40.39245647700681 37.64138396153514 34.717594452211095 31.717688671716935 28.630235068340887 25.49867571660392 22.428271187475772 19.65241597316988 17.48821464287964 16.063442319897426 15.346475306195476 15.126277218773383 15.128101146727461 15.20372455512466 15.268719372443062 15.280597589925923 15.218270325696365 15.102968577593318 14.934569288252899 14.744936858790707 14.639840197085531 14.682864403371825 14.990528594038267 15.541621552656869 16.240951413914384 16.95082845652933 17.586582996321386 18.063529341679523 18.381600027296 18.54083558778086 18.52000574692107 18.319146795410308 17.959394648795076 17.472545094619928 16.943287201980507 16.4775450840551 16.16002117473312 15.980152246466199 15.884976636255868 15.82156454634947 15.715778440655798 15.525252271188494 15.2288168920323 14.805281666214908 14.286425130489032 13.682833880088488 13.058047806796829 12.465026746002271 11.988490965230048 11.71317172800275 11.692021934719975 11.967404870523998 12.560507530674931 13.460737735393689 14.668100296328344 16.14023053888641 17.82417861848881 19.68816984766232 21.66866290322103 23.71270117176567 25.756742498780074 27.7901931424308 29.781281755231483 31.70882760665202 33.60460034441815 35.43682975615257 37.258467235932784 39.101287330518446 40.954697160200745 42.83988022348178 44.746243868663036 46.631426455656865 48.44247208462462 50.16879148868165 51.7256563319645 53.08129537750531 54.21452559528761 55.104166351478995 55.76080735362854 56.226812911893745 56.50218207926639 56.661051651229315 56.74578463387523 56.84110760117094 56.94702121272481 57.10588862299999 57.3388913854247 57.63543912891834 57.98494084362198 58.35562381542691 58.72630668311306 59.07580760455403 59.3829447342123 59.6900818024101 60.03958211951763 60.55853593154224 61.50112409982078 63.0262093924138 65.00670169934787 67.22019287876518 69.32777533946833 71.14940457675432 72.79098906166436 74.41139182443861 76.16947568335708
71.47502243901691 73.34951097377878 75.13238097462929 76.82193361086121 78.41752522063193 79.91946709802774 81.32891494260744 82.64775314649188 83.87847842853844 85.02408654782548 86.08796501419509 87.07379392162383 87.9854563039456 88.8269587794212 89.52466720088324 90.07099426629266 90.38929612761518 90.67896788962052 91.02476510885253 91.37234368049796 91.66564165166491 91.7762215265524 91.36976161376494 90.17853622069119 88.0036992934994 84.8198783228111 81.08727081174503 77.23049275302004 73.28462668799935 69.16008568205119 64.93262642825574 60.70952032178784 56.660998200873685 53.16685674559401 50.37817077581286 48.46525196071725 47.447670283738695 46.95601430365878 46.61934961023238 46.42320937024105 46.37253526845475 46.4327813568578 46.38652070705198 45.872589423820905 44.692908596075796 42.82345467119974 40.39245647700681 37.64138396153514 34.717594452211095 31.717688671716935 28.630235068340887 25.49867571660392 22.428271187475772 19.65241597316988 17.48821464287964 16.063442319897426 15.346475306195476 15.126277218773383 15.128101146727461 15.20372455512466 15.268719372443062 15.280597589925923 15.218270325696365 15.102968577593318 14.934569288252899 14.744936858790707 14.639840197085531 14.682864403371825 14.990528594038267 15.541621552656869 16.240951413914384 16.95082845652933 17.586582996321386 18.063529341679523 18.381600027296 18.54083558778086 18.52000574692107 18.319146795410308 17.959394648795076 17.472545094619928 16.943287201980507 16.4775450840551 16.16002117473312 15.980152246466199 15.884976636255868 15.82156454634947 15.715778440655798 15.525252271188494 15.2288168920323 14.805281666214908 14.286425130489032 13.682833880088488 13.058047806796829 12.465026746002271 11.988490965230048 11.71317172800275 11.692021934719975 11.967404870523998 12.560507530674931 13.460737735393689 14.668100296328344 16.14023053888641 17.82417861848881 19.68816984766232 21.66866290322103 23.71270117176567 25.756742498780074 27.7901931424308 29.781281755231483 31.70882760665202 33.60460034441815 35.43682975615257 37.258467235932784 39.101287330518446 40.954697160200745 42.83988022348178 44.746243868663036 46.631426455656865 48.44247208462462 50.16879148868165 51.7256563319645 53.08129537750531 54.21452559528761 55.104166351478995 55.76080735362854 56.226812911893745 56.50218207926639 56.661051651229315 56.74578463387523 56.84110760117094 56.94702121272481 57.10588862299999 57.3388913854247 57.63543912891834 57.98494084362198 58.35562381542691 58.72630668311306 59.07580760455403 59.3829447342123 59.6900818024101 60.03958211951763 60.55853593154224 61.50112409982078 63.0262093924138 65.00670169934787 67.22019287876518 69.32777533946833 71.14940457675432 72.79098906166436 74.41139182443861 76.16947568335708
71.47502243901691 73.34951097377878 75.13238097462929 76.82193361086121 78.41752522063193 79.91946709802774 81.32891494260744 82.64775314649188 83.87847842853844 85.02408654782548 86.08796501419509 87.07379392162383 87.9854563039456 88.8269587794212 89.52466720088324 90.07099426629266 90.38929612761518 90.67896788962052 91.02476510885253 91.37234368049796 91.66564165166491 91.7762215265524 91.36976161376494 90.17853622069119 88.0036992934994 84.8198783228111 81.08727081174503 77.23049275302004 73.28462668799935 69.16008568205119 64.93262642825574 60.70952032178784 56.660998200873685 53.16685674559401 50.37817077581286 48.46525196071725 47.447670283738695 46.95601430365878 46.61934961023238 46.42320937024105 46.37253526845475 46.4327813568578 46.38652070705198 45.872589423820905 44.692908596075796 42.82345467119974 40.39245647700681 37.64138396153514 34.717594452211095 31.717688671716935 28.630235068340887 25.49867571660392 22.428271187475772 19.65241597316988 17.48821464287964 16.063442319897426 15.346475306195476 15.126277218773383 15.128101146727461 15.20372455512466 15.268719372443062 15.280597589925923 15.218270325696365 15.102968577593318 14.934569288252899 14.744936858790707 14.639840197085531 14.682864403371825 14.990528594038267 15.541621552656869 16.240951413914384 16.95082845652933 17.586582996321386 18.063529341679523 18.381600027296 18.54083558778086 18.52000574692107 18.319146795410308 17.959394648795076 17.472545094619928 16.943287201980507 16.4775450840551 16.16002117473312 15.980152246466199 15.884976636255868 15.82156454634947 15.715778440655798 15.525252271188494 15.2288168920323 14.805281666214908 14.286425130489032 13.682833880088488 13.058047806796829 12.465026746002271 11.988490965230048 11.71317172800275 11.692021934719975 11.967404870523998 12.560507530674931 13.460737735393689 14.668100296328344 16.14023053888641 17.82417861848881 19.68816984766232 21.66866290322103 23.71270117176567 25.756742498780074 27.7901931424308 29.781281755231483 31.70882760665202 33.60460034441815 35.43682975615257 37.258467235932784 39.101287330518446 40.954697160200745 42.83988022348178 44.746243868663036 46.631426455656865 48.44247208462462 50.16879148868165 51.7256563319645 53.08129537750531 54.21452559528761 55.104166351478995 55.76080735362854 56.226812911893745 56.50218207926639 56.661051651229315 56.74578463387523 56.84110760117094 56.94702121272481 57.10588862299999 57.3388913854247 57.63543912891834 57.98494084362198 58.35562381542691 58.72630668311306 59.07580760455403 59.3829447342123 59.6900818024101 60.03958211951763 60.55853593154224 61.50112409982078 63.0262093924138 65.00670169934787 67.22019287876518 69.32777533946833 71.14940457675432 72.79098906166436 74.41139182443861 76.16947568335708
71.47502243901691 73.34951097377878 75.13238097462929 76.82193361086121 78.41752522063193 79.91946709802774 81.32891494260744 82.64775314649188 83.87847842853844 85.02408654782548 86.08796501419509 87.07379392162383 87.9854563039456 88.8269587794212 89.52466720088324 90.07099426629266 90.38929612761518 90.67896788962052 91.02476510885253 91.37234368049796 91.66564165166491 91.7762215265524 91.36976161376494 90.17853622069119 88.0036992934994 84.8198783228111 81.08727081174503 77.23049275302004 73.28462668799935 69.16008568205119 64.93262642825574 60.70952032178784 56.660998200873685 53.16685674559401 50.37817077581286 48.46525196071725 47.447670283738695 46.95601430365878 46.61934961023238 46.42320937024105 46.37253526845475 46.4327813568578 46.38652070705198 45.872589423820905 44.692908596075796 42.82345467119974 40.39245647700681 37.64138396153514 34.717594452211095 31.717688671716935 28.630235068340887 25.49867571660392 22.428271187475772 19.65241597316988 17.48821464287964 16.063442319897426 15.346475306195476 15.126277218773383 15.128101146727461 15.20372455512466 15.268719372443062 15.280597589925923 15.218270325696365 15.102968577593318 14.934569288252899 14.744936858790707 14.639840197085531 14.682864403371825 14.990528594038267 15.541621552656869 16.240951413914384 16.95082845652933 17.586582996321386 18.063529341679523 18.381600027296 18.54083558778086 18.52000574692107 18.319146795410308 17.959394648795076 17.472545094619928 16.943287201980507 16.4775450840551 16.16002117473312 15.980152246466199 15.884976636255868 15.82156454634947 15.715778440655798 15.525252271188494 15.2288168920323 14.805281666214908 14.286425130489032 13.682833880088488 13.058047806796829 12.465026746002271 11.988490965230048 11.71317172800275 11.692021934719975 11.967404870523998 12.560507530674931 13.460737735393689 14.668100296328344 16.14023053888641 17.82417861848881 19.68816984766232 21.66866290322103 23.71270117176567 25.756742498780074 27.7901931424308 29.781281755231483 31.70882760665202 33.60460034441815 35.43682975615257 37.258467235932784 39.101287330518446 40.954697160200745 42.83988022348178 44.746243868663036 46.631426455656865 48.44247208462462 50.16879148868165 51.7256563319645 53.08129537750531 54.21452559528761 55.104166351478995 55.76080735362854 56.226812911893745 56.50218207926639 56.661051651229315 56.74578463387523 56.84110760117094 56.94702121272481 57.10588862299999 57.3388913854247 57.63543912891834 57.98494084362198 58.35562381542691 58.72630668311306 59.07580760455403 59.3829447342123 59.6900818024101 60.03958211951763 60.55853593154224 61.50112409982078 63.0262093924138 65.00670169934787 67.22019287876518 69.32777533946833 71.14940457675432 72.79098906166436 74.41139182443861 76.16947568335708
71.47502243901691 73.34951097377878 75.13238097462929 76.82193361086121 78.41752522063193 79.91946709802774 81.32891494260744 82.64775314649188 83.87847842853844 85.02408654782548 86.08796501419509 87.07379392162383 87.9854563039456 88.8269587794212 89.52466720088324 90.07099426629266 90.38929612761518 90.67896788962052 91.02476510885253 91.37234368049796 91.66564165166491 91.7762215265524 91.36976161376494 90.17853622069119 88.0036992934994 84.8198783228111 81.08727081174503 77.23049275302004 73.28462668799935 69.16008568205119 64.93262642825574 60.70952032178784 56.660998200873685 53.16685674559401 50.37817077581286 48.46525196071725 47.447670283738695 46.95601430365878 46.61934961023238 46.42320937024105 46.37253526845475 46.4327813568578 46.38652070705198 45.872589423820905 44.692908596075796 42.82345467119974 40.39245647700681 37.64138396153514 34.717594452211095 31.717688671716935 28.630235068340887 25.49867571660392 22.428271187475772 19.65241597316988 17.48821464287964 16.063442319897426 15.346475306195476 15.126277218773383 15.128101146727461 15.20372455512466 15.268719372443062 15.280597589925923 15.218270325696365 15.102968577593318 14.934569288252899 14.744936858790707 14.639840197085531 14.682864403371825 14.990528594038267 15.541621552656869 16.240951413914384 16.95082845652933 17.586582996321386 18.063529341679523 18.381600027296 18.54083558778086 18.52000574692107 18.319146795410308 17.959394648795076 17.472545094619928 16.943287201980507 16.4775450840551 16.16002117473312 15.980152246466199 15.884976636255868 15.82156454634947 15.715778440655798 15.525252271188494 15.2288168920323 14.805281666214908 14.286425130489032 13.682833880088488 13.058047806796829 12.465026746002271 11.988490965230048 11.71317172800275 11.692021934719975 11.967404870523998 12.560507530674931 13.460737735393689 14.668100296328344 16.14023053888641 17.82417861848881 19.68816984766232 21.66866290322103 23.71270117176567 25.756742498780074 27.7901931424308 29.781281755231483 31.70882760665202 33.60460034441815 35.43682975615257 37.258467235932784 39.101287330518446 40.954697160200745 42.83988022348178 44.746243868663036 46.631426455656865 48.44247208462462 50.16879148868165 51.7256563319645 53.08129537750531 54.21452559528761 55.104166351478995 55.76080735362854 56.226812911893745 56.50218207926639 56.661051651229315 56.74578463387523 56.84110760117094 56.94702121272481 57.10588862299999 57.3388913854247 57.63543912891834 57.98494084362198 58.35562381542691 58.72630668311306 59.07580760455403 59.3829447342123 59.6900818024101 60.03958211951763 60.55853593154224 61.50112409982078 63.0262093924138 65.00670169934787 67.22019287876518 69.32777533946833 71.14940457675432 72.79098906166436 74.41139182443861 76.16947568335708
71.47502243901691 73.34951097377878 75.13238097462929 76.82193361086121 78.41752522063193 79.91946709802774 81.32891494260744 82.64775314649188 83.87847842853844 85.02408654782548 86.08796501419509 87.07379392162383 87.9854563039456 88.8269587794212 89.52466720088324 90.07099426629266 90.38929612761518 90.67896788962052 91.02476510885253 91.37234368049796 91.66564165166491 91.7762215265524 91.36976161376494 90.17853622069119 88.0036992934994 84.8198783228111 81.08727081174503 77.23049275302004 73.28462668799935 69.16008568205119 64.93262642825574 60.70952032178784 56.660998200873685 53.16685674559401 50.37817077581286 48.46525196071725 47.447670283738695 46.95601430365878 46.61934961023238 46.42320937024105 46.37253526845475 46.4327813568578 46.38652070705198 45.872589423820905 44.692908596075796 42.82345467119974 40.39245647700681 37.64138396153514 34.717594452211095 31.717688671716935 28.630235068340887 25.49867571660392 22.428271187475772 19.65241597316988 17.48821464287964 16.063442319897426 15.346475306195476 15.126277218773383 15.128101146727461 15.20372455512466 15.268719372443062 15.280597589925923 15.218270325696365 15.102968577593318 14.934569288252899 14.744936858790707 14.639840197085531 14.682864403371825 14.990528594038267 15.541621552656869 16.240951413914384 16.95082845652933 17.586582996321386 18.063529341679523 18.381600027296 18.54083558778086 18.52000574692107 18.319146795410308 17.959394648795076 17.472545094619928 16.943287201980507 16.4775450840551 16.16002117473312 15.980152246466199 15.884976636255868 15.82156454634947 15.715778440655798 15.525252271188494 15.2288168920323 14.805281666214908 14.286425130489032 13.682833880088488 13.058047806796829 12.465026746002271 11.988490965230048 11.71317172800275 11.692021934719975 11.967404870523998 12.560507530674931 13.460737735393689 14.668100296328344 16.14023053888641 17.82417861848881 19.68816984766232 21.66866290322103 23.71270117176567 25.756742498780074 27.7901931424308 29.781281755231483 31.70882760665202 33.60460034441815 35.43682975615257 37.258467235932784 39.101287330518446 40.954697160200745 42.83988022348178 44.746243868663036 46.631426455656865 48.44247208462462 50.16879148868165 51.7256563319645 53.08129537750531 54.21452559528761 55.104166351478995 55.76080735362854 56.226812911893745 56.50218207926639 56.661051651229315 56.74578463387523 56.84110760117094 56.94702121272481 57.10588862299999 57.3388913854247 57.63543912891834 57.98494084362198 58.35562381542691 58.72630668311306 59.07580760455403 59.3829447342123 59.6900818024101 60.03958211951763 60.55853593154224 61.50112409982078 63.0262093924138 65.00670169934787 67.22019287876518 69.32777533946833 71.14940457675432 72.79098906166436 74.41139182443861 76.16947568335708