4 151 8
300.0440999999999 302.0443999999999 304.0446999999999 306.0449999999999 308.0452999999999 310.0455999999999 312.0458999999999 314.0461999999999 316.04649999999987 318.0467999999999 320.0470999999999 322.04739999999987 324.0476999999999 326.0479999999999 328.04829999999987 330.0485999999999 332.0488999999999 334.04919999999987 336.0494999999999 338.0497999999999 340.0500999999999 342.05039999999985 344.0506999999999 346.0509999999999 348.05129999999986 350.0515999999999 352.0518999999999 354.05219999999986 356.0524999999999 358.0527999999999 360.05309999999986 362.0533999999999 364.0536999999999 366.05399999999986 368.0542999999999 369.99 372.04 373.98 376.04 377.98 380.03 381.97 384.02 385.96 388.01 389.95 392.0 394.05 395.99 398.05 399.99 402.04 403.99 406.05 407.99 410.06 412.01 413.96 416.02 417.97 420.04 422.0 423.95 426.02 427.98 430.05 432.01 433.96 436.03 437.99 440.06 442.01 443.96 446.03 447.98 450.04 451.98 454.04 455.99 458.04 459.98 462.03 463.97 466.02 467.95 470.0 472.05 473.98 476.02 477.96 480.0 482.05 483.98 486.03 487.96 490.01 492.06 493.99 496.05 497.98 500.04 501.98 504.04 505.98 508.04 509.99 512.05 514.0 515.95 518.01 519.96 522.03 523.98 526.04 527.99 530.05 532.0 534.06 536.0 538.06 540.0 542.05 543.99 546.04 547.98 550.03 551.96 554.0 556.04 557.97 560.01 562.05 563.98 566.01 568.05 569.98 572.01 574.05 575.97 578.01 580.05 581.98 584.02 585.95 588.0 590.04 591.97 594.02 595.96 598.01 599.95
0.0 39.77 47.82 50.0 60.0 70.0 80.0 90.0
71.69571887237906 73.57599534423954 75.36437038778762 77.059139926765 78.65965831186735 80.16623779837676 81.58003765435421 82.90294809043735 84.1374735347074 85.28661899637405 86.35378244503603 87.34265533785087 88.25713269845934 89.10123351652605 89.87903170908201 90.59459746729591 91.2519484996252 91.85501046399374 92.40758574427717 92.91332965545237 93.37573314305375 93.79811106299918 94.1835951759797 94.53513105688582 94.85547819647397 95.14721265370444 95.41273169848115 95.65425996277307 95.8738566912248 96.07342374913698 96.25471410551005 96.41934056156039 96.56878454091712 96.7044047969927 96.82744592631735 96.9356102996638 97.03952971011766 97.12870983733956 97.21455354043725 97.28781956784148 97.35799645408639 97.41818069421042 97.47581208819456 97.52522531486972 97.40905996909204 97.31666860079157 97.38604421051379 97.66650713052184 98.02397909595145 98.29860465589638 98.42575224639721 98.44947932885097 98.51087889795865 98.71481855268689 98.97741295437724 99.13703579619599 99.12007402822377 98.93781915709644 98.74471438285072 98.71389953400966 98.79546349141918 98.80384975044555 98.57554170859754 98.08023628958223 97.50177011942553 97.1178483313928 97.11258959448777 97.38382080192504 97.63437827721859 97.52525303311846 96.94400520525978 96.09543394739292 95.32861767865371 94.95155449643883 95.02556865634037 95.29444920676191 95.32702148291376 94.7746230674207 93.63704960749013 92.3043982607667 91.26911028967203 90.85972866373547 91.14800399319736 91.72358593360629 91.90907774253886 91.22224120008441 89.69380151216178 87.8368441530959 86.29798060753818 85.67240233151881 86.1243777307041 87.24339527953376 87.695285576358 86.2280234231244 83.05707561621007 79.1574357195794 75.56563748599378 72.80508723172191 70.51661385780082 67.01707908901017 61.434144083976875 54.04488827839137 45.55746567777236 37.25474409515031 30.347771852661968 24.836551948546386 20.228467954274382 15.918001240826575 11.443317252271937 6.917310768765601 3.6126037474628205 1.8986707325042778 1.1392030269767877 0.7697321543360516 0.5849966841637878 0.5028920892021298 0.47210294065041697 0.49262931804288335 0.5747343660058347 0.708155035175239 0.8518388616258354 0.9544702599526267 1.0057860550144748 1.0263124861602198 1.0365757711596115 1.0365759243195098 1.0263129255948817 1.0057867883125151 0.9544712397360636 0.8621031356290757 0.7389456107741358 0.6363143272270909 0.6260512361397591 0.636314413012362 0.6260513146970247 0.6055250730544005 0.5747356905656691 0.5542094404156138 0.523420046793749 0.49263065015178764 0.4515781107692519 0.4002624275989074 0.3284204622383176 0.2155259333044491 0.12315767889979569 0.0821051208991107 0.061578841723246056 0.051315702276589444 0.041052562397190344 0.04105256294801371 0.03078942256482899
71.52213347988318 73.3978575386498 75.18190267535343 76.8725689395434 78.46921224512295 79.97214409136032 81.3825209395659 82.70222842391222 83.93376490890883 85.08012812821657 86.14470782447316 87.1311865173005 88.04344979994077 88.88550693152084 89.66142196554709 90.37525523868449 91.03101473195468 91.63261659871306 92.18385401673052 92.70802747416205 93.12002964122364 93.48172736115879 93.81610441677921 94.06628323544257 94.16432829045627 94.18222853519066 94.20286200061418 94.2794570814413 94.34379563619088 94.2861467800343 94.07720880392081 93.82000015672666 93.66921998926752 93.63712050885928 93.58216218012052 93.37912841276204 93.06869828661169 92.52758516626595 91.42694014114956 89.61283267629368 86.93844384417282 83.54052493741378 79.81664598659628 75.80339465836283 71.57809006540457 67.37496529228689 63.37376457567239 59.60471304929238 56.05744717511791 52.920891045535356 50.35938326344019 48.62351755817583 47.72321488622715 47.28774201612352 47.088752503258036 46.80661353137941 46.02634722422857 44.37557600267729 41.87505087151608 38.720816673522606 35.23436183764797 31.643184163688222 28.051163976689374 24.448159335608782 20.751163692802812 17.032932782976356 13.531724639224327 10.631082941397182 8.673112314717613 7.626827201530145 7.264403251321101 7.2542656537077805 7.399559452563081 7.534489145317771 7.617575174330947 7.648835787387841 7.617885931743685 7.535106052310583 7.379750146475544 7.162194187796378 6.9135218926644635 6.716665811192051 6.664908376061351 6.789359282433268 7.079650910766666 7.411407459994351 7.691334873234692 7.8572345879647845 7.919476164171432 7.888419139380139 7.764066673926971 7.515318069568375 7.152536571254906 6.654992932058423 6.095246000673586 5.545861050164692 5.141597114591547 4.944652072551378 4.975761497725739 5.193460784520693 5.514822622090496 5.867282732592738 6.199011075609243 6.458175204370462 6.634409536102557 6.717346627538436 6.706987004865837 6.592963459390308 6.385642484386826 6.105756806390478 5.774038515125562 5.442319668615284 5.162431605008849 4.996572811114108 4.96547590564409 5.110606698851532 5.442331528287774 5.971017133068477 6.686297107404098 7.598538145758918 8.70774012549908 9.962071551560356 11.3511658754021 12.823191525701088 14.357415526927577 15.933105361344674 17.519161647014545 19.125950967267265 20.753473172966515 22.432827239667272 24.226211616432952 26.143992563447533 28.269100968568196 30.6222698033968 33.234598121608435 36.05425395475881 39.03977199824252 42.08748840241022 45.06264014365077 47.86156362838134 50.33912943360317 52.422772794748305 54.06066194774998 55.20096481255328 55.87478064317491 56.11320846668513 56.0095456326915 55.64672327986036 55.169870612905456 54.68265151970233 54.28872972503434
71.47502243901691 73.34951097377878 75.13238097462929 76.82193361086121 78.41752522063193 79.91946709802774 81.32891494260744 82.64775314649188 83.87847842853844 85.02408654782548 86.08796501419509 87.07379392162383 87.9854563039456 88.8269587794212 89.60236272459848 90.31572580163201 90.97105335151933 91.57225894807783 92.1231332705434 92.54700187307222 92.8360560084721 92.91138848524636 92.97773915163249 93.12047306160181 93.2822813033005 93.40467812881683 93.35603778771153 92.79648874954684 91.45556748680497 89.13366791745595 85.80717091672432 81.94274538027483 77.96887266241772 73.91948597058412 69.70288135170618 65.39195331548687 61.100016517866386 56.989530100327926 53.44733006238448 50.61769771687288 48.676433912690584 47.632812432505446 47.12381781184163 46.76833261266189 46.55906684601809 46.494036500159716 46.544181170344054 46.4870036361752 45.962800684451 44.77232177136466 42.89252929057712 40.45127668593444 37.690487773109616 34.75908753081365 31.75157712972646 28.65828089988284 25.521050939937755 22.44612605471127 19.666531490745697 17.499624505341814 16.07289308852461 15.35467250899066 15.13360679120014 15.134719737882582 15.209763336087468 15.274188002322319 15.28555982978417 15.222753433344403 15.10698044046088 14.938166219890217 14.748139061005697 14.642720646708346 14.685485018601904 14.992941118299067 15.543887580685787 16.243084975246056 16.95284688440288 17.58849874403267 18.0652873059224 18.383235323794057 18.54230993166742 18.521353696666047 18.320338553268872 17.960462697154856 17.473474299881456 16.944111963961948 16.478269038854734 16.16066505172827 15.98072648823139 15.885495350015994 15.822030500334035 15.716196190442195 15.525626994942538 15.229149074555028 14.80557453126467 14.286680525384911 13.683054655487508 13.058239119784151 12.465191706243166 11.988635024756613 11.71329886479361 11.692135508484641 11.967511490726297 12.560607552085804 13.460836045940336 14.668196124562504 16.140327125057908 17.82427403152097 19.688265570048124 21.668757943623923 23.712795515648363 25.756835017024223 27.790283691611037 29.781370523677648 31.70891215351462 33.60468231127507 35.4369069785909 37.25854151056117 39.10135700403019 40.954763919512764 42.83994264185021 44.74630346567437 46.63148196836323 48.442524868665174 50.16884034836437 51.72570244145584 53.08133769096216 54.21456512198932 55.10420258492961 55.76084060371995 56.22684315014991 56.50220990424795 56.66107663687147 56.74580721292622 56.84112831191217 56.94703979229592 57.105905434688125 57.3389068431437 57.63545304861483 57.98495348974366 58.355635469843385 58.72631719839135 59.075817156673025 59.382953463831996 59.69008973240871 60.03958932247043 60.55854252842651 61.50113015439302 63.02621503069469 65.00670694824996 67.22019774225073
71.47502243901691 73.34951097377878 75.13238097462929 76.82193361086121 78.41752522063193 79.91946709802774 81.32891494260744 82.64775314649188 83.87847842853844 85.02408654782548 86.08796501419509 87.07379392162383 87.9854563039456 88.8269587794212 89.60236272459848 90.31572580163201 90.97105335151933 91.57225894807783 92.1231332705434 92.54700187307222 92.8360560084721 92.91138848524636 92.97773915163249 93.12047306160181 93.2822813033005 93.40467812881683 93.35603778771153 92.79648874954684 91.45556748680497 89.13366791745595 85.80717091672432 81.94274538027483 77.96887266241772 73.91948597058412 69.70288135170618 65.39195331548687 61.100016517866386 56.989530100327926 53.44733006238448 50.61769771687288 48.676433912690584 47.632812432505446 47.12381781184163 46.76833261266189 46.55906684601809 46.494036500159716 46.544181170344054 46.4870036361752 45.962800684451 44.77232177136466 42.89252929057712 40.45127668593444 37.690487773109616 34.75908753081365 31.75157712972646 28.65828089988284 25.521050939937755 22.44612605471127 19.666531490745697 17.499624505341814 16.07289308852461 15.35467250899066 15.13360679120014 15.134719737882582 15.209763336087468 15.274188002322319 15.28555982978417 15.222753433344403 15.10698044046088 14.938166219890217 14.748139061005697 14.642720646708346 14.685485018601904 14.992941118299067 15.543887580685787 16.243084975246056 16.95284688440288 17.58849874403267 18.0652873059224 18.383235323794057 18.54230993166742 18.521353696666047 18.320338553268872 17.960462697154856 17.473474299881456 16.944111963961948 16.478269038854734 16.16066505172827 15.98072648823139 15.885495350015994 15.822030500334035 15.716196190442195 15.525626994942538 15.229149074555028 14.80557453126467 14.286680525384911 13.683054655487508 13.058239119784151 12.465191706243166 11.988635024756613 11.71329886479361 11.692135508484641 11.967511490726297 12.560607552085804 13.460836045940336 14.668196124562504 16.140327125057908 17.82427403152097 19.688265570048124 21.668757943623923 23.712795515648363 25.756835017024223 27.790283691611037 29.781370523677648 31.70891215351462 33.60468231127507 35.4369069785909 37.25854151056117 39.10135700403019 40.954763919512764 42.83994264185021 44.74630346567437 46.63148196836323 48.442524868665174 50.16884034836437 51.72570244145584 53.08133769096216 54.21456512198932 55.10420258492961 55.76084060371995 56.22684315014991 56.50220990424795 56.66107663687147 56.74580721292622 56.84112831191217 56.94703979229592 57.105905434688125 57.3389068431437 57.63545304861483 57.98495348974366 58.355635469843385 58.72631719839135 59.075817156673025 59.382953463831996 59.69008973240871 60.03958932247043 60.55854252842651 61.50113015439302 63.02621503069469 65.00670694824996 67.22019774225073
71.47502243901691 73.34951097377878 75.13238097462929 76.82193361086121 78.41752522063193 79.91946709802774 81.32891494260744 82.64775314649188 83.87847842853844 85.02408654782548 86.08796501419509 87.07379392162383 87.9854563039456 88.8269587794212 89.60236272459848 90.31572580163201 90.97105335151933 91.57225894807783 92.1231332705434 92.54700187307222 92.8360560084721 92.91138848524636 92.97773915163249 93.12047306160181 93.2822813033005 93.40467812881683 93.35603778771153 92.79648874954684 91.45556748680497 89.13366791745595 85.80717091672432 81.94274538027483 77.96887266241772 73.91948597058412 69.70288135170618 65.39195331548687 61.100016517866386 56.989530100327926 53.44733006238448 50.61769771687288 48.676433912690584 47.632812432505446 47.12381781184163 46.76833261266189 46.55906684601809 46.494036500159716 46.544181170344054 46.4870036361752 45.962800684451 44.77232177136466 42.89252929057712 40.45127668593444 37.690487773109616 34.75908753081365 31.75157712972646 28.65828089988284 25.521050939937755 22.44612605471127 19.666531490745697 17.499624505341814 16.07289308852461 15.35467250899066 15.13360679120014 15.134719737882582 15.209763336087468 15.274188002322319 15.28555982978417 15.222753433344403 15.10698044046088 14.938166219890217 14.748139061005697 14.642720646708346 14.685485018601904 14.992941118299067 15.543887580685787 16.243084975246056 16.95284688440288 17.58849874403267 18.0652873059224 18.383235323794057 18.54230993166742 18.521353696666047 18.320338553268872 17.960462697154856 17.473474299881456 16.944111963961948 16.478269038854734 16.16066505172827 15.98072648823139 15.885495350015994 15.822030500334035 15.716196190442195 15.525626994942538 15.229149074555028 14.80557453126467 14.286680525384911 13.683054655487508 13.058239119784151 12.465191706243166 11.988635024756613 11.71329886479361 11.692135508484641 11.967511490726297 12.560607552085804 13.460836045940336 14.668196124562504 16.140327125057908 17.82427403152097 19.688265570048124 21.668757943623923 23.712795515648363 25.756835017024223 27.790283691611037 29.781370523677648 31.70891215351462 33.60468231127507 35.4369069785909 37.25854151056117 39.10135700403019 40.954763919512764 42.83994264185021 44.74630346567437 46.63148196836323 48.442524868665174 50.16884034836437 51.72570244145584 53.08133769096216 54.21456512198932 55.10420258492961 55.76084060371995 56.22684315014991 56.50220990424795 56.66107663687147 56.74580721292622 56.84112831191217 56.94703979229592 57.105905434688125 57.3389068431437 57.63545304861483 57.98495348974366 58.355635469843385 58.72631719839135 59.075817156673025 59.382953463831996 59.69008973240871 60.03958932247043 60.55854252842651 61.50113015439302 63.02621503069469 65.00670694824996 67.22019774225073
71.47502243901691 73.34951097377878 75.13238097462929 76.82193361086121 78.41752522063193 79.91946709802774 81.32891494260744 82.64775314649188 83.87847842853844 85.02408654782548 86.08796501419509 87.07379392162383 87.9854563039456 88.8269587794212 89.60236272459848 90.31572580163201 90.97105335151933 91.57225894807783 92.1231332705434 92.54700187307222 92.8360560084721 92.91138848524636 92.97773915163249 93.12047306160181 93.2822813033005 93.40467812881683 93.35603778771153 92.79648874954684 91.45556748680497 89.13366791745595 85.80717091672432 81.94274538027483 77.96887266241772 73.91948597058412 69.70288135170618 65.39195331548687 61.100016517866386 56.989530100327926 53.44733006238448 50.61769771687288 48.676433912690584 47.632812432505446 47.12381781184163 46.76833261266189 46.55906684601809 46.494036500159716 46.544181170344054 46.4870036361752 45.962800684451 44.77232177136466 42.89252929057712 40.45127668593444 37.690487773109616 34.75908753081365 31.75157712972646 28.65828089988284 25.521050939937755 22.44612605471127 19.666531490745697 17.499624505341814 16.07289308852461 15.35467250899066 15.13360679120014 15.134719737882582 15.209763336087468 15.274188002322319 15.28555982978417 15.222753433344403 15.10698044046088 14.938166219890217 14.748139061005697 14.642720646708346 14.685485018601904 14.992941118299067 15.543887580685787 16.243084975246056 16.95284688440288 17.58849874403267 18.0652873059224 18.383235323794057 18.54230993166742 18.521353696666047 18.320338553268872 17.960462697154856 17.473474299881456 16.944111963961948 16.478269038854734 16.16066505172827 15.98072648823139 15.885495350015994 15.822030500334035 15.716196190442195 15.525626994942538 15.229149074555028 14.80557453126467 14.286680525384911 13.683054655487508 13.058239119784151 12.465191706243166 11.988635024756613 11.71329886479361 11.692135508484641 11.967511490726297 12.560607552085804 13.460836045940336 14.668196124562504 16.140327125057908 17.82427403152097 19.688265570048124 21.668757943623923 23.712795515648363 25.756835017024223 27.790283691611037 29.781370523677648 31.70891215351462 33.60468231127507 35.4369069785909 37.25854151056117 39.10135700403019 40.954763919512764 42.83994264185021 44.74630346567437 46.63148196836323 48.442524868665174 50.16884034836437 51.72570244145584 53.08133769096216 54.21456512198932 55.10420258492961 55.76084060371995 56.22684315014991 56.50220990424795 56.66107663687147 56.74580721292622 56.84112831191217 56.94703979229592 57.105905434688125 57.3389068431437 57.63545304861483 57.98495348974366 58.355635469843385 58.72631719839135 59.075817156673025 59.382953463831996 59.69008973240871 60.03958932247043 60.55854252842651 61.50113015439302 63.02621503069469 65.00670694824996 67.22019774225073
71.47502243901691 73.34951097377878 75.13238097462929 76.82193361086121 78.41752522063193 79.91946709802774 81.32891494260744 82.64775314649188 83.87847842853844 85.02408654782548 86.08796501419509 87.07379392162383 87.9854563039456 88.8269587794212 89.60236272459848 90.31572580163201 90.97105335151933 91.57225894807783 92.1231332705434 92.54700187307222 92.8360560084721 92.91138848524636 92.97773915163249 93.12047306160181 93.2822813033005 93.40467812881683 93.35603778771153 92.79648874954684 91.45556748680497 89.13366791745595 85.80717091672432 81.94274538027483 77.96887266241772 73.91948597058412 69.70288135170618 65.39195331548687 61.100016517866386 56.989530100327926 53.44733006238448 50.61769771687288 48.676433912690584 47.632812432505446 47.12381781184163 46.76833261266189 46.55906684601809 46.494036500159716 46.544181170344054 46.4870036361752 45.962800684451 44.77232177136466 42.89252929057712 40.45127668593444 37.690487773109616 34.75908753081365 31.75157712972646 28.65828089988284 25.521050939937755 22.44612605471127 19.666531490745697 17.499624505341814 16.07289308852461 15.35467250899066 15.13360679120014 15.134719737882582 15.209763336087468 15.274188002322319 15.28555982978417 15.222753433344403 15.10698044046088 14.938166219890217 14.748139061005697 14.642720646708346 14.685485018601904 14.992941118299067 15.543887580685787 16.243084975246056 16.95284688440288 17.58849874403267 18.0652873059224 18.383235323794057 18.54230993166742 18.521353696666047 18.320338553268872 17.960462697154856 17.473474299881456 16.944111963961948 16.478269038854734 16.16066505172827 15.98072648823139 15.885495350015994 15.822030500334035 15.716196190442195 15.525626994942538 15.229149074555028 14.80557453126467 14.286680525384911 13.683054655487508 13.058239119784151 12.465191706243166 11.988635024756613 11.71329886479361 11.692135508484641 11.967511490726297 12.560607552085804 13.460836045940336 14.668196124562504 16.140327125057908 17.82427403152097 19.688265570048124 21.668757943623923 23.712795515648363 25.756835017024223 27.790283691611037 29.781370523677648 31.70891215351462 33.60468231127507 35.4369069785909 37.25854151056117 39.10135700403019 40.954763919512764 42.83994264185021 44.74630346567437 46.63148196836323 48.442524868665174 50.16884034836437 51.72570244145584 53.08133769096216 54.21456512198932 55.10420258492961 55.76084060371995 56.22684315014991 56.50220990424795 56.66107663687147 56.74580721292622 56.84112831191217 56.94703979229592 57.105905434688125 57.3389068431437 57.63545304861483 57.98495348974366 58.355635469843385 58.72631719839135 59.075817156673025 59.382953463831996 59.69008973240871 60.03958932247043 60.55854252842651 61.50113015439302 63.02621503069469 65.00670694824996 67.22019774225073
71.47502243901691 73.34951097377878 75.13238097462929 76.82193361086121 78.41752522063193 79.91946709802774 81.32891494260744 82.64775314649188 83.87847842853844 85.02408654782548 86.08796501419509 87.07379392162383 87.9854563039456 88.8269587794212 89.60236272459848 90.31572580163201 90.97105335151933 91.57225894807783 92.1231332705434 92.54700187307222 92.8360560084721 92.91138848524636 92.97773915163249 93.12047306160181 93.2822813033005 93.40467812881683 93.35603778771153 92.79648874954684 91.45556748680497 89.13366791745595 85.80717091672432 81.94274538027483 77.96887266241772 73.91948597058412 69.70288135170618 65.39195331548687 61.100016517866386 56.989530100327926 53.44733006238448 50.61769771687288 48.676433912690584 47.632812432505446 47.12381781184163 46.76833261266189 46.55906684601809 46.494036500159716 46.544181170344054 46.4870036361752 45.962800684451 44.77232177136466 42.89252929057712 40.45127668593444 37.690487773109616 34.75908753081365 31.75157712972646 28.65828089988284 25.521050939937755 22.44612605471127 19.666531490745697 17.499624505341814 16.07289308852461 15.35467250899066 15.13360679120014 15.134719737882582 15.209763336087468 15.274188002322319 15.28555982978417 15.222753433344403 15.10698044046088 14.938166219890217 14.748139061005697 14.642720646708346 14.685485018601904 14.992941118299067 15.543887580685787 16.243084975246056 16.95284688440288 17.58849874403267 18.0652873059224 18.383235323794057 18.54230993166742 18.521353696666047 18.320338553268872 17.960462697154856 17.473474299881456 16.944111963961948 16.478269038854734 16.16066505172827 15.98072648823139 15.885495350015994 15.822030500334035 15.716196190442195 15.525626994942538 15.229149074555028 14.80557453126467 14.286680525384911 13.683054655487508 13.058239119784151 12.465191706243166 11.988635024756613 11.71329886479361 11.692135508484641 11.967511490726297 12.560607552085804 13.460836045940336 14.668196124562504 16.140327125057908 17.82427403152097 19.688265570048124 21.668757943623923 23.712795515648363 25.756835017024223 27.790283691611037 29.781370523677648 31.70891215351462 33.60468231127507 35.4369069785909 37.25854151056117 39.10135700403019 40.954763919512764 42.83994264185021 44.74630346567437 46.63148196836323 48.442524868665174 50.16884034836437 51.72570244145584 53.08133769096216 54.21456512198932 55.10420258492961 55.76084060371995 56.22684315014991 56.50220990424795 56.66107663687147 56.74580721292622 56.84112831191217 56.94703979229592 57.105905434688125 57.3389068431437 57.63545304861483 57.98495348974366 58.355635469843385 58.72631719839135 59.075817156673025 59.382953463831996 59.69008973240871 60.03958932247043 60.55854252842651 61.50113015439302 63.02621503069469 65.00670694824996 67.22019774225073