4 151 8
300.0440999999999 302.0443999999999 304.0446999999999 306.0449999999999 308.0452999999999 310.0455999999999 312.0458999999999 314.0461999999999 316.04649999999987 318.0467999999999 320.0470999999999 322.04739999999987 324.0476999999999 326.0479999999999 328.04829999999987 330.0485999999999 332.0488999999999 334.04919999999987 336.0494999999999 338.0497999999999 340.0500999999999 342.05039999999985 344.0506999999999 346.0509999999999 348.05129999999986 350.0515999999999 352.0518999999999 354.05219999999986 356.0524999999999 358.0527999999999 360.05309999999986 362.0533999999999 364.0536999999999 366.05399999999986 368.0542999999999 369.99 372.04 373.98 376.04 377.98 380.03 381.97 384.02 385.96 388.01 389.95 392.0 394.05 395.99 398.05 399.99 402.04 403.99 406.05 407.99 410.06 412.01 413.96 416.02 417.97 420.04 422.0 423.95 426.02 427.98 430.05 432.01 433.96 436.03 437.99 440.06 442.01 443.96 446.03 447.98 450.04 451.98 454.04 455.99 458.04 459.98 462.03 463.97 466.02 467.95 470.0 472.05 473.98 476.02 477.96 480.0 482.05 483.98 486.03 487.96 490.01 492.06 493.99 496.05 497.98 500.04 501.98 504.04 505.98 508.04 509.99 512.05 514.0 515.95 518.01 519.96 522.03 523.98 526.04 527.99 530.05 532.0 534.06 536.0 538.06 540.0 542.05 543.99 546.04 547.98 550.03 551.96 554.0 556.04 557.97 560.01 562.05 563.98 566.01 568.05 569.98 572.01 574.05 575.97 578.01 580.05 581.98 584.02 585.95 588.0 590.04 591.97 594.02 595.96 598.01 599.95
0.0 39.77 47.82 50.0 60.0 70.0 80.0 90.0
71.69571887237906 73.57599534423954 75.36437038778762 77.059139926765 78.65965831186735 80.16623779837676 81.58003765435421 82.90294809043735 84.1374735347074 85.28661899637405 86.35378244503603 87.34265533785087 88.25713269845934 89.10123351652605 89.87903170908201 90.59459746729591 91.2519484996252 91.85501046399374 92.40758574427717 92.91332965545237 93.37573314305375 93.79811106299918 94.1835951759797 94.53513105688582 94.85547819647397 95.14721265370444 95.41273169848115 95.65425996277307 95.8738566912248 96.07342374913698 96.25471410551005 96.41934056156039 96.56878454091712 96.7044047969927 96.82744592631735 96.9356102996638 97.03952971011766 97.12870983733956 97.21455354043725 97.28781956784148 97.35799645408639 97.41818069421042 97.47581208819456 97.52522531486972 97.57253227447336 97.61308529960714 97.65190279403683 97.68696513369119 97.7170146520184 97.5821425228359 97.47364126668896 97.527859489076 97.79391471383958 98.14113343033834 98.40363085029391 98.52216892129712 98.53586926970773 98.58930218120118 98.78572132403961 99.04198893836032 99.19536209818257 99.17301826015142 98.98576035907027 98.78791550154304 98.75310779611077 98.83084797982357 98.83593543286042 98.60458080144355 98.10628974099414 97.52525303311846 97.13893970614878 97.13169690155549 97.40120198293616 97.6500912192142 97.53947258904779 96.95674066487491 96.10687655640155 95.33900204844151 94.9607952950919 95.03402248948977 95.30202690130247 95.33395971155437 94.78078866034349 93.64261821930604 92.3093070895642 91.2735530693611 90.86372066232042 91.15163567797615 91.72688199193438 91.91207897473436 91.22492774645242 89.69618571263676 87.838964218613 86.29986300464807 85.6740970275697 86.12591735494755 87.24480297004389 87.69657039682319 86.22916455148341 83.05807367034599 79.1582949080711 75.56637151420351 72.80573586801466 70.51717539332721 67.01756854848924 61.434545439668874 54.04521169315519 45.55770954740759 37.25492522488531 30.34790496029656 24.83665076380689 20.228540614950983 15.918053106675652 11.4433513611293 6.917329212743739 3.6126125591663203 1.8986748700071117 1.139205297974168 0.7697335259006715 0.5849976377534583 0.502892821923686 0.4721035694389336 0.4926299044968857 0.5747349922497231 0.7081557248516157 0.8518396209754386 0.9544710208032402 1.0057867883125151 1.02631316100652 1.0365763892682935 1.0365764817803849 1.026313431011437 1.0057872318310883 0.9544716195185432 0.8621034497467226 0.7389458518629973 0.6363145145548479 0.626051404913934 0.6363145666904398 0.6260514512345634 0.6055251939860422 0.5747357934753542 0.554209530027161 0.5234201237393764 0.49263071559918276 0.4515781649451089 0.40026247120109937 0.3284204945701724 0.2155259525852493 0.12315768884404113 0.08210512683954398
71.52213347988318 73.3978575386498 75.18190267535343 76.8725689395434 78.46921224512295 79.97214409136032 81.3825209395659 82.70222842391222 83.93376490890883 85.08012812821657 86.14470782447316 87.1311865173005 88.04344979994077 88.88550693152084 89.66142196554709 90.37525523868449 91.03101473195468 91.63261659871306 92.18385401673052 92.68837345095362 93.14965739484794 93.57101267860018 93.95556348046945 94.30624824369625 94.64588462520398 94.8866580679894 95.09090183522095 95.28103088239234 95.39836944811734 95.37339946949044 95.27849769461042 95.19670668076557 95.18083754007023 95.16108893658404 95.02614170161289 94.74270154395411 94.42346980997216 94.21233302540524 94.13108828072696 94.02710586703084 93.786017592411 93.43185497440408 92.85824469145861 91.71911624740268 89.87508454146602 87.16623229585937 83.74095227828418 79.98954557594412 75.9524666832488 71.70527452467928 67.48364172016646 63.466050571573476 59.682468389040615 56.12444479112778 52.97743386025888 50.408714705399774 48.66618495301361 47.761206742965555 47.32170684540764 47.119474689630344 46.834151743046476 46.05093184672924 44.39707858348991 41.893371336102504 38.73619622935083 35.24698134287443 31.653460009824137 28.059427490549286 24.454653599442736 20.756161528077282 17.03663187613679 13.534387062489087 10.632980389817535 8.674508135668464 7.627939222187181 7.265357570404981 7.25512945880351 7.400365503919885 7.535222410797361 7.618252862561993 7.649444013172975 7.618440387694687 7.535596251005602 7.380189021515248 7.162575079560418 6.9138584277150095 6.71696091355267 6.665173931479362 6.789603255932315 7.079882092242622 7.411625730117201 7.691539320854805 7.857424233349592 7.919648909801612 7.888575181143875 7.7642054702305705 7.515439330804176 7.1526413628101695 6.655081003208176 6.0953192441081185 5.545921245899276 5.141647058950526 4.9446961255277735 4.97580112054225 5.193498714980282 5.514858651003778 5.867317843514782 6.1990442589864845 6.458206603527585 6.634438635127175 6.717373353323814 6.707011096369693 6.592984941336602 6.385661517938361 6.105773086480938 5.774052598905281 5.442331528287774 5.162441896298788 4.996581714370194 4.965483999752417 5.110614145084579 5.442338776867 5.971024241307406 6.686304392948426 7.598545546020155 8.707747887787592 9.962079492769812 11.351174151304962 12.823199957522267 14.357424088234367 15.933113930020301 17.519170274475147 19.125959401176498 20.75348143073812 22.432835413337695 24.22621952049205 26.144000260108243 28.26910858950066 30.62227719906703 33.234605369848516 36.05426115528661 39.03977898853512 42.08749520764428 45.06264676810687 47.86156998692738 50.33913547279199 52.422778505371255 54.06066726983454 55.20096975079323 55.87478515472902 56.11321252656309
71.47502243901691 73.34951097377878 75.13238097462929 76.82193361086121 78.41752522063193 79.91946709802774 81.32891494260744 82.64775314649188 83.87847842853844 85.02408654782548 86.08796501419509 87.07379392162383 87.9854563039456 88.8269587794212 89.60236272459848 90.31572580163201 90.97105335151933 91.57225894807783 92.1231332705434 92.62732038196619 93.08830048192192 93.50937822241552 93.89367572383553 94.24412949389409 94.48149313853686 94.59729702402244 94.51074526780249 94.42957465090888 94.43916551990417 94.48002698774361 94.491896700417 94.34094843209009 93.6836909479639 92.24784028107388 89.83322414976723 86.41416223814942 82.46981807328285 78.42095191706267 74.3094364900369 70.03428913599319 65.67689148842172 61.33843050700757 57.193189700111766 53.61813346850465 50.76583035859989 48.80397161666039 47.74709131621102 47.225897881073536 46.86030540721193 46.641795928838484 46.569031801198015 46.61195962948193 46.5476467057697 46.01773358322135 44.82015832597751 42.93454629281341 40.48677289601398 37.720492700801316 34.78405354576217 31.77229285945675 28.675141718170963 25.534682814744635 22.457002525123563 19.675135659247356 17.50657519686059 16.078649740490366 15.359658804028276 15.138064958054587 15.138740034939774 15.213426547117113 15.27750514359743 15.28856732743807 15.225470408615385 15.109411706082463 14.940344261817197 14.750076512723439 14.644464235558516 14.68708474290988 14.994400249229848 15.545270423577003 16.24437660489881 16.954080770933306 17.589642969352365 18.066361651737132 18.384212960360124 18.543212530560858 18.52216744791576 18.321068505563503 17.961108100755762 17.474044885017594 16.94461097760004 16.478707056824835 16.161055112061607 15.981075071977424 15.885809582902006 15.822313346868091 15.716449774569242 15.525854460343522 15.229350614764378 14.805752442234759 14.286835595485154 13.6831875697121 13.058355458465067 12.465290968638273 11.988722583795798 11.713375389000817 11.692205476419899 11.967575552952288 12.56066862080531 13.460895086190618 14.668254483775335 16.140385101128665 17.824332108605706 19.68832425445119 21.668815720137246 23.71285335485184 25.75689114522805 27.79033909144756 29.781423590285183 31.70896384148467 33.60473127381723 35.43695417660271 37.25858586525138 39.101399609775214 40.954803805599546 42.83998083040313 44.74633913493918 46.63151596642293 48.442556721788975 50.16887026397367 51.725730259056725 53.08136383131972 54.214589028812156 55.1042245107979 55.76086092085291 56.226861494755255 56.50222653821608 56.66109191186161 56.74582091776521 56.84114070857611 56.947051165398896 57.105915659824376 57.33891611441875 57.63546152134362 57.984961193211085 58.355642470772985 58.72632359568468 59.075822972482214 59.38295877618974 59.690094552026196 60.039593666428146
71.47502243901691 73.34951097377878 75.13238097462929 76.82193361086121 78.41752522063193 79.91946709802774 81.32891494260744 82.64775314649188 83.87847842853844 85.02408654782548 86.08796501419509 87.07379392162383 87.9854563039456 88.8269587794212 89.60236272459848 90.31572580163201 90.97105335151933 91.57225894807783 92.1231332705434 92.62732038196619 93.08830048192192 93.50937822241552 93.89367572383553 94.24412949389409 94.48149313853686 94.59729702402244 94.51074526780249 94.42957465090888 94.43916551990417 94.48002698774361 94.491896700417 94.34094843209009 93.6836909479639 92.24784028107388 89.83322414976723 86.41416223814942 82.46981807328285 78.42095191706267 74.3094364900369 70.03428913599319 65.67689148842172 61.33843050700757 57.193189700111766 53.61813346850465 50.76583035859989 48.80397161666039 47.74709131621102 47.225897881073536 46.86030540721193 46.641795928838484 46.569031801198015 46.61195962948193 46.5476467057697 46.01773358322135 44.82015832597751 42.93454629281341 40.48677289601398 37.720492700801316 34.78405354576217 31.77229285945675 28.675141718170963 25.534682814744635 22.457002525123563 19.675135659247356 17.50657519686059 16.078649740490366 15.359658804028276 15.138064958054587 15.138740034939774 15.213426547117113 15.27750514359743 15.28856732743807 15.225470408615385 15.109411706082463 14.940344261817197 14.750076512723439 14.644464235558516 14.68708474290988 14.994400249229848 15.545270423577003 16.24437660489881 16.954080770933306 17.589642969352365 18.066361651737132 18.384212960360124 18.543212530560858 18.52216744791576 18.321068505563503 17.961108100755762 17.474044885017594 16.94461097760004 16.478707056824835 16.161055112061607 15.981075071977424 15.885809582902006 15.822313346868091 15.716449774569242 15.525854460343522 15.229350614764378 14.805752442234759 14.286835595485154 13.6831875697121 13.058355458465067 12.465290968638273 11.988722583795798 11.713375389000817 11.692205476419899 11.967575552952288 12.56066862080531 13.460895086190618 14.668254483775335 16.140385101128665 17.824332108605706 19.68832425445119 21.668815720137246 23.71285335485184 25.75689114522805 27.79033909144756 29.781423590285183 31.70896384148467 33.60473127381723 35.43695417660271 37.25858586525138 39.101399609775214 40.954803805599546 42.83998083040313 44.74633913493918 46.63151596642293 48.442556721788975 50.16887026397367 51.725730259056725 53.08136383131972 54.214589028812156 55.1042245107979 55.76086092085291 56.226861494755255 56.50222653821608 56.66109191186161 56.74582091776521 56.84114070857611 56.947051165398896 57.105915659824376 57.33891611441875 57.63546152134362 57.984961193211085 58.355642470772985 58.72632359568468 59.075822972482214 59.38295877618974 59.690094552026196 60.039593666428146
71.47502243901691 73.34951097377878 75.13238097462929 76.82193361086121 78.41752522063193 79.91946709802774 81.32891494260744 82.64775314649188 83.87847842853844 85.02408654782548 86.08796501419509 87.07379392162383 87.9854563039456 88.8269587794212 89.60236272459848 90.31572580163201 90.97105335151933 91.57225894807783 92.1231332705434 92.62732038196619 93.08830048192192 93.50937822241552 93.89367572383553 94.24412949389409 94.48149313853686 94.59729702402244 94.51074526780249 94.42957465090888 94.43916551990417 94.48002698774361 94.491896700417 94.34094843209009 93.6836909479639 92.24784028107388 89.83322414976723 86.41416223814942 82.46981807328285 78.42095191706267 74.3094364900369 70.03428913599319 65.67689148842172 61.33843050700757 57.193189700111766 53.61813346850465 50.76583035859989 48.80397161666039 47.74709131621102 47.225897881073536 46.86030540721193 46.641795928838484 46.569031801198015 46.61195962948193 46.5476467057697 46.01773358322135 44.82015832597751 42.93454629281341 40.48677289601398 37.720492700801316 34.78405354576217 31.77229285945675 28.675141718170963 25.534682814744635 22.457002525123563 19.675135659247356 17.50657519686059 16.078649740490366 15.359658804028276 15.138064958054587 15.138740034939774 15.213426547117113 15.27750514359743 15.28856732743807 15.225470408615385 15.109411706082463 14.940344261817197 14.750076512723439 14.644464235558516 14.68708474290988 14.994400249229848 15.545270423577003 16.24437660489881 16.954080770933306 17.589642969352365 18.066361651737132 18.384212960360124 18.543212530560858 18.52216744791576 18.321068505563503 17.961108100755762 17.474044885017594 16.94461097760004 16.478707056824835 16.161055112061607 15.981075071977424 15.885809582902006 15.822313346868091 15.716449774569242 15.525854460343522 15.229350614764378 14.805752442234759 14.286835595485154 13.6831875697121 13.058355458465067 12.465290968638273 11.988722583795798 11.713375389000817 11.692205476419899 11.967575552952288 12.56066862080531 13.460895086190618 14.668254483775335 16.140385101128665 17.824332108605706 19.68832425445119 21.668815720137246 23.71285335485184 25.75689114522805 27.79033909144756 29.781423590285183 31.70896384148467 33.60473127381723 35.43695417660271 37.25858586525138 39.101399609775214 40.954803805599546 42.83998083040313 44.74633913493918 46.63151596642293 48.442556721788975 50.16887026397367 51.725730259056725 53.08136383131972 54.214589028812156 55.1042245107979 55.76086092085291 56.226861494755255 56.50222653821608 56.66109191186161 56.74582091776521 56.84114070857611 56.947051165398896 57.105915659824376 57.33891611441875 57.63546152134362 57.984961193211085 58.355642470772985 58.72632359568468 59.075822972482214 59.38295877618974 59.690094552026196 60.039593666428146
71.47502243901691 73.34951097377878 75.13238097462929 76.82193361086121 78.41752522063193 79.91946709802774 81.32891494260744 82.64775314649188 83.87847842853844 85.02408654782548 86.08796501419509 87.07379392162383 87.9854563039456 88.8269587794212 89.60236272459848 90.31572580163201 90.97105335151933 91.57225894807783 92.1231332705434 92.62732038196619 93.08830048192192 93.50937822241552 93.89367572383553 94.24412949389409 94.48149313853686 94.59729702402244 94.51074526780249 94.42957465090888 94.43916551990417 94.48002698774361 94.491896700417 94.34094843209009 93.6836909479639 92.24784028107388 89.83322414976723 86.41416223814942 82.46981807328285 78.42095191706267 74.3094364900369 70.03428913599319 65.67689148842172 61.33843050700757 57.193189700111766 53.61813346850465 50.76583035859989 48.80397161666039 47.74709131621102 47.225897881073536 46.86030540721193 46.641795928838484 46.569031801198015 46.61195962948193 46.5476467057697 46.01773358322135 44.82015832597751 42.93454629281341 40.48677289601398 37.720492700801316 34.78405354576217 31.77229285945675 28.675141718170963 25.534682814744635 22.457002525123563 19.675135659247356 17.50657519686059 16.078649740490366 15.359658804028276 15.138064958054587 15.138740034939774 15.213426547117113 15.27750514359743 15.28856732743807 15.225470408615385 15.109411706082463 14.940344261817197 14.750076512723439 14.644464235558516 14.68708474290988 14.994400249229848 15.545270423577003 16.24437660489881 16.954080770933306 17.589642969352365 18.066361651737132 18.384212960360124 18.543212530560858 18.52216744791576 18.321068505563503 17.961108100755762 17.474044885017594 16.94461097760004 16.478707056824835 16.161055112061607 15.981075071977424 15.885809582902006 15.822313346868091 15.716449774569242 15.525854460343522 15.229350614764378 14.805752442234759 14.286835595485154 13.6831875697121 13.058355458465067 12.465290968638273 11.988722583795798 11.713375389000817 11.692205476419899 11.967575552952288 12.56066862080531 13.460895086190618 14.668254483775335 16.140385101128665 17.824332108605706 19.68832425445119 21.668815720137246 23.71285335485184 25.75689114522805 27.79033909144756 29.781423590285183 31.70896384148467 33.60473127381723 35.43695417660271 37.25858586525138 39.101399609775214 40.954803805599546 42.83998083040313 44.74633913493918 46.63151596642293 48.442556721788975 50.16887026397367 51.725730259056725 53.08136383131972 54.214589028812156 55.1042245107979 55.76086092085291 56.226861494755255 56.50222653821608 56.66109191186161 56.74582091776521 56.84114070857611 56.947051165398896 57.105915659824376 57.33891611441875 57.63546152134362 57.984961193211085 58.355642470772985 58.72632359568468 59.075822972482214 59.38295877618974 59.690094552026196 60.039593666428146
71.47502243901691 73.34951097377878 75.13238097462929 76.82193361086121 78.41752522063193 79.91946709802774 81.32891494260744 82.64775314649188 83.87847842853844 85.02408654782548 86.08796501419509 87.07379392162383 87.9854563039456 88.8269587794212 89.60236272459848 90.31572580163201 90.97105335151933 91.57225894807783 92.1231332705434 92.62732038196619 93.08830048192192 93.50937822241552 93.89367572383553 94.24412949389409 94.48149313853686 94.59729702402244 94.51074526780249 94.42957465090888 94.43916551990417 94.48002698774361 94.491896700417 94.34094843209009 93.6836909479639 92.24784028107388 89.83322414976723 86.41416223814942 82.46981807328285 78.42095191706267 74.3094364900369 70.03428913599319 65.67689148842172 61.33843050700757 57.193189700111766 53.61813346850465 50.76583035859989 48.80397161666039 47.74709131621102 47.225897881073536 46.86030540721193 46.641795928838484 46.569031801198015 46.61195962948193 46.5476467057697 46.01773358322135 44.82015832597751 42.93454629281341 40.48677289601398 37.720492700801316 34.78405354576217 31.77229285945675 28.675141718170963 25.534682814744635 22.457002525123563 19.675135659247356 17.50657519686059 16.078649740490366 15.359658804028276 15.138064958054587 15.138740034939774 15.213426547117113 15.27750514359743 15.28856732743807 15.225470408615385 15.109411706082463 14.940344261817197 14.750076512723439 14.644464235558516 14.68708474290988 14.994400249229848 15.545270423577003 16.24437660489881 16.954080770933306 17.589642969352365 18.066361651737132 18.384212960360124 18.543212530560858 18.52216744791576 18.321068505563503 17.961108100755762 17.474044885017594 16.94461097760004 16.478707056824835 16.161055112061607 15.981075071977424 15.885809582902006 15.822313346868091 15.716449774569242 15.525854460343522 15.229350614764378 14.805752442234759 14.286835595485154 13.6831875697121 13.058355458465067 12.465290968638273 11.988722583795798 11.713375389000817 11.692205476419899 11.967575552952288 12.56066862080531 13.460895086190618 14.668254483775335 16.140385101128665 17.824332108605706 19.68832425445119 21.668815720137246 23.71285335485184 25.75689114522805 27.79033909144756 29.781423590285183 31.70896384148467 33.60473127381723 35.43695417660271 37.25858586525138 39.101399609775214 40.954803805599546 42.83998083040313 44.74633913493918 46.63151596642293 48.442556721788975 50.16887026397367 51.725730259056725 53.08136383131972 54.214589028812156 55.1042245107979 55.76086092085291 56.226861494755255 56.50222653821608 56.66109191186161 56.74582091776521 56.84114070857611 56.947051165398896 57.105915659824376 57.33891611441875 57.63546152134362 57.984961193211085 58.355642470772985 58.72632359568468 59.075822972482214 59.38295877618974 59.690094552026196 60.039593666428146
71.47502243901691 73.34951097377878 75.13238097462929 76.82193361086121 78.41752522063193 79.91946709802774 81.32891494260744 82.64775314649188 83.87847842853844 85.02408654782548 86.08796501419509 87.07379392162383 87.9854563039456 88.8269587794212 89.60236272459848 90.31572580163201 90.97105335151933 91.57225894807783 92.1231332705434 92.62732038196619 93.08830048192192 93.50937822241552 93.89367572383553 94.24412949389409 94.48149313853686 94.59729702402244 94.51074526780249 94.42957465090888 94.43916551990417 94.48002698774361 94.491896700417 94.34094843209009 93.6836909479639 92.24784028107388 89.83322414976723 86.41416223814942 82.46981807328285 78.42095191706267 74.3094364900369 70.03428913599319 65.67689148842172 61.33843050700757 57.193189700111766 53.61813346850465 50.76583035859989 48.80397161666039 47.74709131621102 47.225897881073536 46.86030540721193 46.641795928838484 46.569031801198015 46.61195962948193 46.5476467057697 46.01773358322135 44.82015832597751 42.93454629281341 40.48677289601398 37.720492700801316 34.78405354576217 31.77229285945675 28.675141718170963 25.534682814744635 22.457002525123563 19.675135659247356 17.50657519686059 16.078649740490366 15.359658804028276 15.138064958054587 15.138740034939774 15.213426547117113 15.27750514359743 15.28856732743807 15.225470408615385 15.109411706082463 14.940344261817197 14.750076512723439 14.644464235558516 14.68708474290988 14.994400249229848 15.545270423577003 16.24437660489881 16.954080770933306 17.589642969352365 18.066361651737132 18.384212960360124 18.543212530560858 18.52216744791576 18.321068505563503 17.961108100755762 17.474044885017594 16.94461097760004 16.478707056824835 16.161055112061607 15.981075071977424 15.885809582902006 15.822313346868091 15.716449774569242 15.525854460343522 15.229350614764378 14.805752442234759 14.286835595485154 13.6831875697121 13.058355458465067 12.465290968638273 11.988722583795798 11.713375389000817 11.692205476419899 11.967575552952288 12.56066862080531 13.460895086190618 14.668254483775335 16.140385101128665 17.824332108605706 19.68832425445119 21.668815720137246 23.71285335485184 25.75689114522805 27.79033909144756 29.781423590285183 31.70896384148467 33.60473127381723 35.43695417660271 37.25858586525138 39.101399609775214 40.954803805599546 42.83998083040313 44.74633913493918 46.63151596642293 48.442556721788975 50.16887026397367 51.725730259056725 53.08136383131972 54.214589028812156 55.1042245107979 55.76086092085291 56.226861494755255 56.50222653821608 56.66109191186161 56.74582091776521 56.84114070857611 56.947051165398896 57.105915659824376 57.33891611441875 57.63546152134362 57.984961193211085 58.355642470772985 58.72632359568468 59.075822972482214 59.38295877618974 59.690094552026196 60.039593666428146