4 151 8
300.0440999999999 302.0443999999999 304.0446999999999 306.0449999999999 308.0452999999999 310.0455999999999 312.0458999999999 314.0461999999999 316.04649999999987 318.0467999999999 320.0470999999999 322.04739999999987 324.0476999999999 326.0479999999999 328.04829999999987 330.0485999999999 332.0488999999999 334.04919999999987 336.0494999999999 338.0497999999999 340.0500999999999 342.05039999999985 344.0506999999999 346.0509999999999 348.05129999999986 350.0515999999999 352.0518999999999 354.05219999999986 356.0524999999999 358.0527999999999 360.05309999999986 362.0533999999999 364.0536999999999 366.05399999999986 368.0542999999999 369.99 372.04 373.98 376.04 377.98 380.03 381.97 384.02 385.96 388.01 389.95 392.0 394.05 395.99 398.05 399.99 402.04 403.99 406.05 407.99 410.06 412.01 413.96 416.02 417.97 420.04 422.0 423.95 426.02 427.98 430.05 432.01 433.96 436.03 437.99 440.06 442.01 443.96 446.03 447.98 450.04 451.98 454.04 455.99 458.04 459.98 462.03 463.97 466.02 467.95 470.0 472.05 473.98 476.02 477.96 480.0 482.05 483.98 486.03 487.96 490.01 492.06 493.99 496.05 497.98 500.04 501.98 504.04 505.98 508.04 509.99 512.05 514.0 515.95 518.01 519.96 522.03 523.98 526.04 527.99 530.05 532.0 534.06 536.0 538.06 540.0 542.05 543.99 546.04 547.98 550.03 551.96 554.0 556.04 557.97 560.01 562.05 563.98 566.01 568.05 569.98 572.01 574.05 575.97 578.01 580.05 581.98 584.02 585.95 588.0 590.04 591.97 594.02 595.96 598.01 599.95
0.0 39.77 47.82 50.0 60.0 70.0 80.0 90.0
71.69571887237906 73.57599534423954 75.36437038778762 77.059139926765 78.65965831186735 80.16623779837676 81.58003765435421 82.90294809043735 84.1374735347074 85.28661899637405 86.35378244503603 87.34265533785087 88.25713269845934 89.10123351652605 89.87903170908201 90.59459746729591 91.2519484996252 91.85501046399374 92.40758574427717 92.91332965545237 93.37573314305375 93.79811106299918 94.1835951759797 94.53513105688582 94.85547819647397 95.14721265370444 95.41273169848115 95.65425996277307 95.8738566912248 96.07342374913698 96.25471410551005 96.41934056156039 96.56878454091712 96.7044047969927 96.82744592631735 96.9356102996638 97.03952971011766 97.12870983733956 97.21455354043725 97.28781956784148 97.35799645408639 97.41818069421042 97.47581208819456 97.52522531486972 97.57253227447336 97.61308529960714 97.65190279403683 97.68696513369119 97.7170146520184 97.74590529610686 97.77053608831841 97.79410522056654 97.81439940481441 97.8338021147945 97.85034096421353 97.86631092140497 97.87992006716338 97.89226822941059 97.90407208847844 97.75013690872953 97.62652910241847 97.66558017885245 97.91919186784116 98.25459203745663 98.50694300725466 98.61544083840414 98.62051720306386 98.66613172578901 98.85519271611625 99.10519085839725 99.25244008420819 99.22474286837891 99.03259259868321 98.83005974818444 98.7912941392123 98.86529752418984 98.86715306650959 98.63292301039931 98.13162798864964 97.5481500685768 97.15942615500504 97.15033332500379 97.41814928027726 97.66540247596006 97.5533377646912 96.96917055907274 96.11809438934866 95.34900327449633 94.96985521966445 95.04217992240005 95.30947282948628 95.34068252521688 94.78685284765857 93.6480259147834 92.31414743207827 91.27787284972634 90.86760210525452 91.1551712421982 91.73009673424883 91.9150015805781 91.22754874080697 89.69850428278401 87.84103373193368 86.30169231298044 85.67575225770109 86.12741485628153 87.24617254149493 87.69782114949264 86.23027045164916 83.05904458697331 79.15912700051345 75.56709515367025 72.80636282318316 70.51772843257346 67.01804118578133 61.43493971354999 54.045523597067294 45.55794880817415 37.25510265359249 30.34803534801713 24.836747531741228 20.22861163835083 15.91810378905562 11.443384220686452 6.91734722536216 3.612621043172945 1.8986789123505314 1.1392074847213185 0.76973487075489 0.5849985563197299 0.5028935406657312 0.4721041782652611 0.4926304808968596 0.5747355988498755 0.7081564051490934 0.851840357008733 0.9544717718322719 1.005787502976484 1.026313817242645 1.0365769930277198 1.0365770269930554 1.0263139169202753 1.0057876656048477 0.9544719903482747 0.8621037522985698 0.7389460880919964 0.6363146978068759 0.6260515677743911 0.6363147171564503 0.626051584957209 0.6055253104416367
71.52213347988318 73.3978575386498 75.18190267535343 76.8725689395434 78.46921224512295 79.97214409136032 81.3825209395659 82.70222842391222 83.93376490890883 85.08012812821657 86.14470782447316 87.1311865173005 88.04344979994077 88.88550693152084 89.66142196554709 90.37525523868449 91.03101473195468 91.63261659871306 92.18385401673052 92.68837345095362 93.14965739484794 93.57101267860018 93.95556348046945 94.30624824369625 94.62581977792281 94.91684790510934 95.18172409103299 95.4226675815167 95.64173263548497 95.84081651355571 96.02166794054551 96.1858958128528 96.3349779673723 96.47026986778381 96.61349507630304 96.67015830082711 96.71221261080083 96.74972766691384 96.7324170994079 96.57894677915863 96.37059054099412 96.18288114094199 96.07482871985155 95.96880989269395 95.75736702953994 95.40485048513992 95.01933410954793 94.75382620472531 94.61761225814978 94.46983832273922 94.1834215119945 93.79239677037619 93.18079264692128 92.00932210226921 90.1309770441482 87.39235693176393 83.9364874705455 80.15765501930183 76.0978607454925 71.82872009830244 67.58949010949168 63.55567202238655 59.758923552998894 56.18932891370426 53.033053890892454 50.456437136919014 48.707991982384044 47.79842651916687 47.35498599553106 47.14954316163337 46.86110057414268 46.07495013769256 44.418083772668574 41.911243608892796 38.75117493445362 35.259267410153704 31.663457852349605 28.067492695539283 24.460969586632423 20.761034671716562 17.040224874873132 13.536983872556817 10.634830472533352 8.675868273888009 7.62902352902528 7.266288992246209 7.255976295504428 7.401141815048623 7.53594132375999 7.6189067903343 7.650041662694398 7.6189776291486275 7.536078387394662 7.380615214370089 7.162950657254163 6.914185645719346 6.717247843256699 6.665432458386868 6.789841210438247 7.080107217220825 7.411838674426137 7.69173814060744 7.857609356708704 7.919816783529747 7.888727589021946 7.764340469176371 7.515557308389076 7.152743375753636 6.655166355481073 6.095390496023092 5.545979543253456 5.141696296444155 4.944738706002451 4.975840143848074 5.19353534181146 5.514894044196786 5.867351704782629 6.199076815234288 6.458237361105043 6.63446713954394 6.717399525385005 6.707034645015141 6.593005933110261 6.3856798543507445 6.105788985819742 5.7740661589258195 5.442343115196827 5.16245180579897 4.99659044424069 4.965491796580695 5.110621449251795 5.442345795325121 5.971031227684371 6.68631144996308 7.598552845645347 8.707755411730135 9.962087331468684 11.351182216906205 12.823208156819877 14.357432450792322 15.933122310429995 17.51917856893902 19.125967649779234 20.753489493846324 22.432843286053895 24.226227265221347 26.144007789311114 28.269115943401495 30.622284440158346 33.234612468657005 36.05426808930102
71.47502243901691 73.34951097377878 75.13238097462929 76.82193361086121 78.41752522063193 79.91946709802774 81.32891494260744 82.64775314649188 83.87847842853844 85.02408654782548 86.08796501419509 87.07379392162383 87.9854563039456 88.8269587794212 89.60236272459848 90.31572580163201 90.97105335151933 91.57225894807783 92.1231332705434 92.62732038196619 93.08830048192192 93.50937822241552 93.89367572383553 94.24412949389409 94.56349052898037 94.85432695833398 95.11902867249327 95.3598134554822 95.5787342131018 95.77768695626004 95.95841925790286 96.12253895466186 96.27152290999275 96.4067256947426 96.4456860252218 96.37535839432881 96.12216430741053 95.88514677653701 95.75979969510553 95.67428181126898 95.57497343782016 95.31825780692527 94.56362009716453 93.03083377750768 90.52449002262486 87.01810370379258 82.99024822143642 78.8716828268622 74.6935106918921 70.36404992706568 65.95518728105245 61.575127807978056 57.39185322714112 53.78778508417878 50.91037092228868 48.93057775784424 47.85858081360064 47.32514984391057 46.950009013410124 46.72209299612421 46.64207553272974 46.677781142079816 46.60727574017162 46.07093357972229 44.86721418348975 42.97519285476689 40.52155334377687 37.74988786043542 34.80851554886852 31.792567794706116 28.69164167647196 25.548000665587303 22.467627404090294 19.68352933539404 17.5133447264675 16.084254287743647 15.364510199418225 15.142416137246668 15.14264996920811 15.216998364223539 15.28072714528617 15.291500707824914 15.228119560462794 15.111780818891496 14.942468022504686 14.751967478624373 14.64617357373785 14.68862544347779 14.99583081997061 15.546604782548986 16.245645774774037 16.955276348313987 17.590768375579508 18.067404952149428 18.38517695727859 18.54409014080725 18.522958662885173 18.321779138058865 17.961737581808336 17.474600521950894 16.94509781525296 16.47913301739321 16.161435871547194 15.981413824702765 15.88611649796263 15.822588454943237 15.716696491854286 15.52607589436111 15.229545933151803 14.805925515731301 14.286985775171791 13.683318602794117 13.058467908443754 12.46538872914957 11.988807133526569 11.713450562959418 11.692272954083784 11.967638404472464 12.560728441706338 13.460952920015702 14.66831163385971 16.14044177081367 17.82438886049405 19.68838078942907 21.668872145398673 23.712909043083464 25.756945982525934 27.79039243604219 29.781475623452252 31.709013631061264 33.604779302208634 35.43699987621624 37.2586294595353 39.101440879082425 40.954843149276016 42.840017846352424 44.74637434376063 46.63154910054705 48.442587696502066 50.16889948509876 51.72575746546554 53.08138896272992 54.214612410363785 55.104245919799865 55.76088048990984 56.22687946957056 56.50224281027552 56.6611066516278 56.745834336155625 56.84115284966724 56.9470621175488
71.47502243901691 73.34951097377878 75.13238097462929 76.82193361086121 78.41752522063193 79.91946709802774 81.32891494260744 82.64775314649188 83.87847842853844 85.02408654782548 86.08796501419509 87.07379392162383 87.9854563039456 88.8269587794212 89.60236272459848 90.31572580163201 90.97105335151933 91.57225894807783 92.1231332705434 92.62732038196619 93.08830048192192 93.50937822241552 93.89367572383553 94.24412949389409 94.56349052898037 94.85432695833398 95.11902867249327 95.3598134554822 95.5787342131018 95.77768695626004 95.95841925790286 96.12253895466186 96.27152290999275 96.4067256947426 96.4456860252218 96.37535839432881 96.12216430741053 95.88514677653701 95.75979969510553 95.67428181126898 95.57497343782016 95.31825780692527 94.56362009716453 93.03083377750768 90.52449002262486 87.01810370379258 82.99024822143642 78.8716828268622 74.6935106918921 70.36404992706568 65.95518728105245 61.575127807978056 57.39185322714112 53.78778508417878 50.91037092228868 48.93057775784424 47.85858081360064 47.32514984391057 46.950009013410124 46.72209299612421 46.64207553272974 46.677781142079816 46.60727574017162 46.07093357972229 44.86721418348975 42.97519285476689 40.52155334377687 37.74988786043542 34.80851554886852 31.792567794706116 28.69164167647196 25.548000665587303 22.467627404090294 19.68352933539404 17.5133447264675 16.084254287743647 15.364510199418225 15.142416137246668 15.14264996920811 15.216998364223539 15.28072714528617 15.291500707824914 15.228119560462794 15.111780818891496 14.942468022504686 14.751967478624373 14.64617357373785 14.68862544347779 14.99583081997061 15.546604782548986 16.245645774774037 16.955276348313987 17.590768375579508 18.067404952149428 18.38517695727859 18.54409014080725 18.522958662885173 18.321779138058865 17.961737581808336 17.474600521950894 16.94509781525296 16.47913301739321 16.161435871547194 15.981413824702765 15.88611649796263 15.822588454943237 15.716696491854286 15.52607589436111 15.229545933151803 14.805925515731301 14.286985775171791 13.683318602794117 13.058467908443754 12.46538872914957 11.988807133526569 11.713450562959418 11.692272954083784 11.967638404472464 12.560728441706338 13.460952920015702 14.66831163385971 16.14044177081367 17.82438886049405 19.68838078942907 21.668872145398673 23.712909043083464 25.756945982525934 27.79039243604219 29.781475623452252 31.709013631061264 33.604779302208634 35.43699987621624 37.2586294595353 39.101440879082425 40.954843149276016 42.840017846352424 44.74637434376063 46.63154910054705 48.442587696502066 50.16889948509876 51.72575746546554 53.08138896272992 54.214612410363785 55.104245919799865 55.76088048990984 56.22687946957056 56.50224281027552 56.6611066516278 56.745834336155625 56.84115284966724 56.9470621175488
71.47502243901691 73.34951097377878 75.13238097462929 76.82193361086121 78.41752522063193 79.91946709802774 81.32891494260744 82.64775314649188 83.87847842853844 85.02408654782548 86.08796501419509 87.07379392162383 87.9854563039456 88.8269587794212 89.60236272459848 90.31572580163201 90.97105335151933 91.57225894807783 92.1231332705434 92.62732038196619 93.08830048192192 93.50937822241552 93.89367572383553 94.24412949389409 94.56349052898037 94.85432695833398 95.11902867249327 95.3598134554822 95.5787342131018 95.77768695626004 95.95841925790286 96.12253895466186 96.27152290999275 96.4067256947426 96.4456860252218 96.37535839432881 96.12216430741053 95.88514677653701 95.75979969510553 95.67428181126898 95.57497343782016 95.31825780692527 94.56362009716453 93.03083377750768 90.52449002262486 87.01810370379258 82.99024822143642 78.8716828268622 74.6935106918921 70.36404992706568 65.95518728105245 61.575127807978056 57.39185322714112 53.78778508417878 50.91037092228868 48.93057775784424 47.85858081360064 47.32514984391057 46.950009013410124 46.72209299612421 46.64207553272974 46.677781142079816 46.60727574017162 46.07093357972229 44.86721418348975 42.97519285476689 40.52155334377687 37.74988786043542 34.80851554886852 31.792567794706116 28.69164167647196 25.548000665587303 22.467627404090294 19.68352933539404 17.5133447264675 16.084254287743647 15.364510199418225 15.142416137246668 15.14264996920811 15.216998364223539 15.28072714528617 15.291500707824914 15.228119560462794 15.111780818891496 14.942468022504686 14.751967478624373 14.64617357373785 14.68862544347779 14.99583081997061 15.546604782548986 16.245645774774037 16.955276348313987 17.590768375579508 18.067404952149428 18.38517695727859 18.54409014080725 18.522958662885173 18.321779138058865 17.961737581808336 17.474600521950894 16.94509781525296 16.47913301739321 16.161435871547194 15.981413824702765 15.88611649796263 15.822588454943237 15.716696491854286 15.52607589436111 15.229545933151803 14.805925515731301 14.286985775171791 13.683318602794117 13.058467908443754 12.46538872914957 11.988807133526569 11.713450562959418 11.692272954083784 11.967638404472464 12.560728441706338 13.460952920015702 14.66831163385971 16.14044177081367 17.82438886049405 19.68838078942907 21.668872145398673 23.712909043083464 25.756945982525934 27.79039243604219 29.781475623452252 31.709013631061264 33.604779302208634 35.43699987621624 37.2586294595353 39.101440879082425 40.954843149276016 42.840017846352424 44.74637434376063 46.63154910054705 48.442587696502066 50.16889948509876 51.72575746546554 53.08138896272992 54.214612410363785 55.104245919799865 55.76088048990984 56.22687946957056 56.50224281027552 56.6611066516278 56.745834336155625 56.84115284966724 56.9470621175488
71.47502243901691 73.34951097377878 75.13238097462929 76.82193361086121 78.41752522063193 79.91946709802774 81.32891494260744 82.64775314649188 83.87847842853844 85.02408654782548 86.08796501419509 87.07379392162383 87.9854563039456 88.8269587794212 89.60236272459848 90.31572580163201 90.97105335151933 91.57225894807783 92.1231332705434 92.62732038196619 93.08830048192192 93.50937822241552 93.89367572383553 94.24412949389409 94.56349052898037 94.85432695833398 95.11902867249327 95.3598134554822 95.5787342131018 95.77768695626004 95.95841925790286 96.12253895466186 96.27152290999275 96.4067256947426 96.4456860252218 96.37535839432881 96.12216430741053 95.88514677653701 95.75979969510553 95.67428181126898 95.57497343782016 95.31825780692527 94.56362009716453 93.03083377750768 90.52449002262486 87.01810370379258 82.99024822143642 78.8716828268622 74.6935106918921 70.36404992706568 65.95518728105245 61.575127807978056 57.39185322714112 53.78778508417878 50.91037092228868 48.93057775784424 47.85858081360064 47.32514984391057 46.950009013410124 46.72209299612421 46.64207553272974 46.677781142079816 46.60727574017162 46.07093357972229 44.86721418348975 42.97519285476689 40.52155334377687 37.74988786043542 34.80851554886852 31.792567794706116 28.69164167647196 25.548000665587303 22.467627404090294 19.68352933539404 17.5133447264675 16.084254287743647 15.364510199418225 15.142416137246668 15.14264996920811 15.216998364223539 15.28072714528617 15.291500707824914 15.228119560462794 15.111780818891496 14.942468022504686 14.751967478624373 14.64617357373785 14.68862544347779 14.99583081997061 15.546604782548986 16.245645774774037 16.955276348313987 17.590768375579508 18.067404952149428 18.38517695727859 18.54409014080725 18.522958662885173 18.321779138058865 17.961737581808336 17.474600521950894 16.94509781525296 16.47913301739321 16.161435871547194 15.981413824702765 15.88611649796263 15.822588454943237 15.716696491854286 15.52607589436111 15.229545933151803 14.805925515731301 14.286985775171791 13.683318602794117 13.058467908443754 12.46538872914957 11.988807133526569 11.713450562959418 11.692272954083784 11.967638404472464 12.560728441706338 13.460952920015702 14.66831163385971 16.14044177081367 17.82438886049405 19.68838078942907 21.668872145398673 23.712909043083464 25.756945982525934 27.79039243604219 29.781475623452252 31.709013631061264 33.604779302208634 35.43699987621624 37.2586294595353 39.101440879082425 40.954843149276016 42.840017846352424 44.74637434376063 46.63154910054705 48.442587696502066 50.16889948509876 51.72575746546554 53.08138896272992 54.214612410363785 55.104245919799865 55.76088048990984 56.22687946957056 56.50224281027552 56.6611066516278 56.745834336155625 56.84115284966724 56.9470621175488
71.47502243901691 73.34951097377878 75.13238097462929 76.82193361086121 78.41752522063193 79.91946709802774 81.32891494260744 82.64775314649188 83.87847842853844 85.02408654782548 86.08796501419509 87.07379392162383 87.9854563039456 88.8269587794212 89.60236272459848 90.31572580163201 90.97105335151933 91.57225894807783 92.1231332705434 92.62732038196619 93.08830048192192 93.50937822241552 93.89367572383553 94.24412949389409 94.56349052898037 94.85432695833398 95.11902867249327 95.3598134554822 95.5787342131018 95.77768695626004 95.95841925790286 96.12253895466186 96.27152290999275 96.4067256947426 96.4456860252218 96.37535839432881 96.12216430741053 95.88514677653701 95.75979969510553 95.67428181126898 95.57497343782016 95.31825780692527 94.56362009716453 93.03083377750768 90.52449002262486 87.01810370379258 82.99024822143642 78.8716828268622 74.6935106918921 70.36404992706568 65.95518728105245 61.575127807978056 57.39185322714112 53.78778508417878 50.91037092228868 48.93057775784424 47.85858081360064 47.32514984391057 46.950009013410124 46.72209299612421 46.64207553272974 46.677781142079816 46.60727574017162 46.07093357972229 44.86721418348975 42.97519285476689 40.52155334377687 37.74988786043542 34.80851554886852 31.792567794706116 28.69164167647196 25.548000665587303 22.467627404090294 19.68352933539404 17.5133447264675 16.084254287743647 15.364510199418225 15.142416137246668 15.14264996920811 15.216998364223539 15.28072714528617 15.291500707824914 15.228119560462794 15.111780818891496 14.942468022504686 14.751967478624373 14.64617357373785 14.68862544347779 14.99583081997061 15.546604782548986 16.245645774774037 16.955276348313987 17.590768375579508 18.067404952149428 18.38517695727859 18.54409014080725 18.522958662885173 18.321779138058865 17.961737581808336 17.474600521950894 16.94509781525296 16.47913301739321 16.161435871547194 15.981413824702765 15.88611649796263 15.822588454943237 15.716696491854286 15.52607589436111 15.229545933151803 14.805925515731301 14.286985775171791 13.683318602794117 13.058467908443754 12.46538872914957 11.988807133526569 11.713450562959418 11.692272954083784 11.967638404472464 12.560728441706338 13.460952920015702 14.66831163385971 16.14044177081367 17.82438886049405 19.68838078942907 21.668872145398673 23.712909043083464 25.756945982525934 27.79039243604219 29.781475623452252 31.709013631061264 33.604779302208634 35.43699987621624 37.2586294595353 39.101440879082425 40.954843149276016 42.840017846352424 44.74637434376063 46.63154910054705 48.442587696502066 50.16889948509876 51.72575746546554 53.08138896272992 54.214612410363785 55.104245919799865 55.76088048990984 56.22687946957056 56.50224281027552 56.6611066516278 56.745834336155625 56.84115284966724 56.9470621175488
71.47502243901691 73.34951097377878 75.13238097462929 76.82193361086121 78.41752522063193 79.91946709802774 81.32891494260744 82.64775314649188 83.87847842853844 85.02408654782548 86.08796501419509 87.07379392162383 87.9854563039456 88.8269587794212 89.60236272459848 90.31572580163201 90.97105335151933 91.57225894807783 92.1231332705434 92.62732038196619 93.08830048192192 93.50937822241552 93.89367572383553 94.24412949389409 94.56349052898037 94.85432695833398 95.11902867249327 95.3598134554822 95.5787342131018 95.77768695626004 95.95841925790286 96.12253895466186 96.27152290999275 96.4067256947426 96.4456860252218 96.37535839432881 96.12216430741053 95.88514677653701 95.75979969510553 95.67428181126898 95.57497343782016 95.31825780692527 94.56362009716453 93.03083377750768 90.52449002262486 87.01810370379258 82.99024822143642 78.8716828268622 74.6935106918921 70.36404992706568 65.95518728105245 61.575127807978056 57.39185322714112 53.78778508417878 50.91037092228868 48.93057775784424 47.85858081360064 47.32514984391057 46.950009013410124 46.72209299612421 46.64207553272974 46.677781142079816 46.60727574017162 46.07093357972229 44.86721418348975 42.97519285476689 40.52155334377687 37.74988786043542 34.80851554886852 31.792567794706116 28.69164167647196 25.548000665587303 22.467627404090294 19.68352933539404 17.5133447264675 16.084254287743647 15.364510199418225 15.142416137246668 15.14264996920811 15.216998364223539 15.28072714528617 15.291500707824914 15.228119560462794 15.111780818891496 14.942468022504686 14.751967478624373 14.64617357373785 14.68862544347779 14.99583081997061 15.546604782548986 16.245645774774037 16.955276348313987 17.590768375579508 18.067404952149428 18.38517695727859 18.54409014080725 18.522958662885173 18.321779138058865 17.961737581808336 17.474600521950894 16.94509781525296 16.47913301739321 16.161435871547194 15.981413824702765 15.88611649796263 15.822588454943237 15.716696491854286 15.52607589436111 15.229545933151803 14.805925515731301 14.286985775171791 13.683318602794117 13.058467908443754 12.46538872914957 11.988807133526569 11.713450562959418 11.692272954083784 11.967638404472464 12.560728441706338 13.460952920015702 14.66831163385971 16.14044177081367 17.82438886049405 19.68838078942907 21.668872145398673 23.712909043083464 25.756945982525934 27.79039243604219 29.781475623452252 31.709013631061264 33.604779302208634 35.43699987621624 37.2586294595353 39.101440879082425 40.954843149276016 42.840017846352424 44.74637434376063 46.63154910054705 48.442587696502066 50.16889948509876 51.72575746546554 53.08138896272992 54.214612410363785 55.104245919799865 55.76088048990984 56.22687946957056 56.50224281027552 56.6611066516278 56.745834336155625 56.84115284966724 56.9470621175488