4 151 8
300.0440999999999 302.0443999999999 304.0446999999999 306.0449999999999 308.0452999999999 310.0455999999999 312.0458999999999 314.0461999999999 316.04649999999987 318.0467999999999 320.0470999999999 322.04739999999987 324.0476999999999 326.0479999999999 328.04829999999987 330.0485999999999 332.0488999999999 334.04919999999987 336.0494999999999 338.0497999999999 340.0500999999999 342.05039999999985 344.0506999999999 346.0509999999999 348.05129999999986 350.0515999999999 352.0518999999999 354.05219999999986 356.0524999999999 358.0527999999999 360.05309999999986 362.0533999999999 364.0536999999999 366.05399999999986 368.0542999999999 369.99 372.04 373.98 376.04 377.98 380.03 381.97 384.02 385.96 388.01 389.95 392.0 394.05 395.99 398.05 399.99 402.04 403.99 406.05 407.99 410.06 412.01 413.96 416.02 417.97 420.04 422.0 423.95 426.02 427.98 430.05 432.01 433.96 436.03 437.99 440.06 442.01 443.96 446.03 447.98 450.04 451.98 454.04 455.99 458.04 459.98 462.03 463.97 466.02 467.95 470.0 472.05 473.98 476.02 477.96 480.0 482.05 483.98 486.03 487.96 490.01 492.06 493.99 496.05 497.98 500.04 501.98 504.04 505.98 508.04 509.99 512.05 514.0 515.95 518.01 519.96 522.03 523.98 526.04 527.99 530.05 532.0 534.06 536.0 538.06 540.0 542.05 543.99 546.04 547.98 550.03 551.96 554.0 556.04 557.97 560.01 562.05 563.98 566.01 568.05 569.98 572.01 574.05 575.97 578.01 580.05 581.98 584.02 585.95 588.0 590.04 591.97 594.02 595.96 598.01 599.95
0.0 39.77 47.82 50.0 60.0 70.0 80.0 90.0
71.69571887237906 73.57599534423954 75.36437038778762 77.059139926765 78.65965831186735 80.16623779837676 81.58003765435421 82.90294809043735 84.1374735347074 85.28661899637405 86.35378244503603 87.34265533785087 88.25713269845934 89.10123351652605 89.87903170908201 90.59459746729591 91.2519484996252 91.85501046399374 92.40758574427717 92.91332965545237 93.37573314305375 93.79811106299918 94.1835951759797 94.53513105688582 94.85547819647397 95.14721265370444 95.41273169848115 95.65425996277307 95.8738566912248 96.07342374913698 96.25471410551005 96.41934056156039 96.56878454091712 96.7044047969927 96.82744592631735 96.9356102996638 97.03952971011766 97.12870983733956 97.21455354043725 97.28781956784148 97.35799645408639 97.41818069421042 97.47581208819456 97.52522531486972 97.57253227447336 97.61308529960714 97.65190279403683 97.68696513369119 97.7170146520184 97.74590529610686 97.77053608831841 97.79410522056654 97.81439940481441 97.8338021147945 97.85034096421353 97.86631092140497 97.87992006716338 97.89226822941059 97.90407208847844 97.91418161090486 97.92388960488357 97.93220188030669 97.9397028003648 97.94690542356064 97.78896237309098 97.66149492640376 97.69729621822134 97.94803760842518 98.2806918036938 98.53066801284133 98.63685744982196 98.63992120117825 98.68374177519014 98.8711021318008 99.11964077532102 99.26547880114296 99.23655810131959 99.0433804511417 98.83967800759943 98.80008298550995 98.87315916808971 98.87434895810833 98.63933960623882 98.13746389383272 97.5533377646912 97.16415566232413 97.15460170659446 97.4220307916041 97.66891205160434 97.55652330659052 96.9720263557463 96.12064935750067 95.35130465651751 94.97192677429102 95.04405996314361 95.31117665340774 95.3422208671577 94.78824156642001 93.64926523831066 92.31525672368245 91.27886359553798 90.86848477342903 91.15598336336429 91.73082719626817 91.91567288212397 91.22814473992928 89.69904105548356 87.84150394599268 86.30211190525087 85.67612803806415 86.12775752473861 87.2464859298317 87.69810689654639 86.23052747642006 83.05926605153573 79.15932008195973 75.56725982628305 72.80650796242114 70.51785408618017 67.01815043035234 61.43502922520785 54.04559557968313 45.55800304295158 37.255143247615976 30.34806490414823 24.836769671813997 20.22862776347512 15.918115394619502 11.443391745222698 6.917351350166632 3.612622986006886 1.8986798473711586 1.1392079870739882 0.7697351770310832 0.5849987694709902 0.5028937047400953 0.472104317250371 0.49263061370276773 0.5747357376558812 0.7081565595931947 0.8518405271329069 0.9544719427358561 1.0057876656048477 1.0263139681164244 1.0365771307399472 1.0365771513512727 1.0263140287207677 1.0057877646211528 0.9544720757346755 0.8621038219082879 0.7389461415558958
71.52213347988318 73.3978575386498 75.18190267535343 76.8725689395434 78.46921224512295 79.97214409136032 81.3825209395659 82.70222842391222 83.93376490890883 85.08012812821657 86.14470782447316 87.1311865173005 88.04344979994077 88.88550693152084 89.66142196554709 90.37525523868449 91.03101473195468 91.63261659871306 92.18385401673052 92.68837345095362 93.14965739484794 93.57101267860018 93.95556348046945 94.30624824369625 94.62581977792281 94.91684790510934 95.18172409103299 95.4226675815167 95.64173263548497 95.84081651355571 96.02166794054551 96.1858958128528 96.3349779673723 96.47026986778381 96.59301309727478 96.70091558950061 96.80458339648449 96.89354760610864 96.97918346955943 97.07285147182853 97.09138777765078 97.08958639433277 97.0954755750147 97.04154809441795 96.86158497028363 96.62309227252726 96.41363955572062 96.28294694164599 96.15753844345447 95.92751475122536 95.55873937113978 95.15770294303715 94.87743414732041 94.73069543930214 94.57077370874109 94.27568245108442 93.87470009655978 93.25497271491236 92.0754085928588 90.18978133450345 87.44377336721394 83.98132150546124 80.19649612538005 76.13115379550379 71.85724981192227 67.61369789641344 63.57631116866805 59.776527766978894 56.204254713295505 53.04582669107718 50.467394912886974 48.71757548297182 47.80695763959873 47.36260714456976 47.15641774585825 46.8672566809862 46.08043653405772 44.42292233865634 41.91532246116166 38.75462238519631 35.26207118267542 31.665762427764992 28.06931863510752 24.462424284797734 20.762138761735915 17.041054355567432 13.537578631326832 10.635254204817768 8.676180038496714 7.629272649912987 7.266502988548472 7.25616917061774 7.4013204519942075 7.536105703436875 7.619057500841982 7.650178420601016 7.619100562953198 7.536188798207236 7.380712888293179 7.163036730746106 6.91426069348564 6.717313093145043 6.665491842168466 6.789895279073278 7.080158926809447 7.411887096743799 7.6917841694133715 7.85765141858153 7.919855289077165 7.888762189580906 7.76437136055484 7.51558430427825 7.1527666816387665 6.6551861923967985 6.09540674847333 5.545993070761805 5.141707501010925 4.944748563322333 4.975849010161189 5.1935438076742395 5.514902079482751 5.867359519441377 6.199084194968453 6.4582443981501845 6.634473600890722 6.717405513436142 6.707039991490185 6.593010739936033 6.385684053220467 6.105792626693171 5.774069264164807 5.442345795325121 5.16245408226878 4.996592432375511 4.965493605817355 5.1106231166463765 5.442347397524515 5.971032837386278 6.686313064792904 7.598554502838104 8.707757150788028 9.962089115236923 11.351184052308 12.823210041902048 14.357434358218413 15.933124221927775 17.519180477373425 19.125969532664374 20.75349135043907 22.432845097371725 24.22622901802659
71.47502243901691 73.34951097377878 75.13238097462929 76.82193361086121 78.41752522063193 79.91946709802774 81.32891494260744 82.64775314649188 83.87847842853844 85.02408654782548 86.08796501419509 87.07379392162383 87.9854563039456 88.8269587794212 89.60236272459848 90.31572580163201 90.97105335151933 91.57225894807783 92.1231332705434 92.62732038196619 93.08830048192192 93.50937822241552 93.89367572383553 94.24412949389409 94.56349052898037 94.85432695833398 95.11902867249327 95.3598134554822 95.5787342131018 95.77768695626004 95.95841925790286 96.12253895466186 96.27152290999275 96.4067256947426 96.52938807427819 96.63721949202018 96.74081901387254 96.82972462350378 96.9153040793159 96.90424455952946 96.79530331330584 96.49723570580717 96.22780499083261 96.06582246440416 95.95427250127054 95.82539056350976 95.54694184934604 94.76846472424634 93.21378461804122 90.68533963881505 87.15846469144365 83.11110008748025 78.97457224920781 74.78278138472497 70.43922971636286 66.01979618375223 61.62916030958032 57.43754216639124 53.826418625558965 50.94358645297511 48.95936558301736 47.88414410970554 47.34808166701359 46.97054978791812 46.74065058605584 46.6587808137469 46.692939341536 46.62100564704364 46.08317158887611 44.878020273646094 42.984525906448766 40.52952612841616 37.756625505648444 34.81411751198259 31.79720327302413 28.69541087543469 25.551042805786476 22.47007485541079 19.68544495997054 17.514902779697795 16.085533287380244 15.365628481339302 15.143401231892765 15.14355050526618 15.217807617533122 15.281470977498183 15.292172552767502 15.228726306936599 15.112323856001455 14.942955959248378 14.752401932373033 14.646562891766548 14.688979974069099 14.996157920424144 15.546912311800096 16.245936194173797 16.955549925259678 17.591026097292357 18.067644053399185 18.38539788248894 18.54429142156746 18.523138590887353 18.321942370757963 17.961880614112587 17.474728147758892 16.945208519350185 16.479231631620802 16.1615223838984 15.981491525122442 15.886186175677361 15.822651407047186 15.716752946243398 15.526126483194277 15.229591327542126 14.805964993524862 14.287020623356469 13.683348420902401 13.058493940455351 12.465410940883947 11.98882667620596 11.713467629638153 11.69228852688864 11.967652651430944 12.560742128167226 13.460966029717357 14.668324709544702 16.140454637076285 17.824401855891388 19.688393735418824 21.668885066516815 23.71292179566503 25.756958666753707 27.790404690682383 29.781487473450643 31.709025184621776 33.60479026612515 35.437010308691846 37.25863950391199 39.10145032258103 40.954852081249086 42.84002640209011 44.74638235585274 46.631556640521936 48.44259481782906 50.16890615018098 51.72576367100822 53.08139474509857 54.21461774760424 55.104250849387405 55.76088499226719 56.22688353767279
71.47502243901691 73.34951097377878 75.13238097462929 76.82193361086121 78.41752522063193 79.91946709802774 81.32891494260744 82.64775314649188 83.87847842853844 85.02408654782548 86.08796501419509 87.07379392162383 87.9854563039456 88.8269587794212 89.60236272459848 90.31572580163201 90.97105335151933 91.57225894807783 92.1231332705434 92.62732038196619 93.08830048192192 93.50937822241552 93.89367572383553 94.24412949389409 94.56349052898037 94.85432695833398 95.11902867249327 95.3598134554822 95.5787342131018 95.77768695626004 95.95841925790286 96.12253895466186 96.27152290999275 96.4067256947426 96.52938807427819 96.63721949202018 96.74081901387254 96.82972462350378 96.9153040793159 96.90424455952946 96.79530331330584 96.49723570580717 96.22780499083261 96.06582246440416 95.95427250127054 95.82539056350976 95.54694184934604 94.76846472424634 93.21378461804122 90.68533963881505 87.15846469144365 83.11110008748025 78.97457224920781 74.78278138472497 70.43922971636286 66.01979618375223 61.62916030958032 57.43754216639124 53.826418625558965 50.94358645297511 48.95936558301736 47.88414410970554 47.34808166701359 46.97054978791812 46.74065058605584 46.6587808137469 46.692939341536 46.62100564704364 46.08317158887611 44.878020273646094 42.984525906448766 40.52952612841616 37.756625505648444 34.81411751198259 31.79720327302413 28.69541087543469 25.551042805786476 22.47007485541079 19.68544495997054 17.514902779697795 16.085533287380244 15.365628481339302 15.143401231892765 15.14355050526618 15.217807617533122 15.281470977498183 15.292172552767502 15.228726306936599 15.112323856001455 14.942955959248378 14.752401932373033 14.646562891766548 14.688979974069099 14.996157920424144 15.546912311800096 16.245936194173797 16.955549925259678 17.591026097292357 18.067644053399185 18.38539788248894 18.54429142156746 18.523138590887353 18.321942370757963 17.961880614112587 17.474728147758892 16.945208519350185 16.479231631620802 16.1615223838984 15.981491525122442 15.886186175677361 15.822651407047186 15.716752946243398 15.526126483194277 15.229591327542126 14.805964993524862 14.287020623356469 13.683348420902401 13.058493940455351 12.465410940883947 11.98882667620596 11.713467629638153 11.69228852688864 11.967652651430944 12.560742128167226 13.460966029717357 14.668324709544702 16.140454637076285 17.824401855891388 19.688393735418824 21.668885066516815 23.71292179566503 25.756958666753707 27.790404690682383 29.781487473450643 31.709025184621776 33.60479026612515 35.437010308691846 37.25863950391199 39.10145032258103 40.954852081249086 42.84002640209011 44.74638235585274 46.631556640521936 48.44259481782906 50.16890615018098 51.72576367100822 53.08139474509857 54.21461774760424 55.104250849387405 55.76088499226719 56.22688353767279
71.47502243901691 73.34951097377878 75.13238097462929 76.82193361086121 78.41752522063193 79.91946709802774 81.32891494260744 82.64775314649188 83.87847842853844 85.02408654782548 86.08796501419509 87.07379392162383 87.9854563039456 88.8269587794212 89.60236272459848 90.31572580163201 90.97105335151933 91.57225894807783 92.1231332705434 92.62732038196619 93.08830048192192 93.50937822241552 93.89367572383553 94.24412949389409 94.56349052898037 94.85432695833398 95.11902867249327 95.3598134554822 95.5787342131018 95.77768695626004 95.95841925790286 96.12253895466186 96.27152290999275 96.4067256947426 96.52938807427819 96.63721949202018 96.74081901387254 96.82972462350378 96.9153040793159 96.90424455952946 96.79530331330584 96.49723570580717 96.22780499083261 96.06582246440416 95.95427250127054 95.82539056350976 95.54694184934604 94.76846472424634 93.21378461804122 90.68533963881505 87.15846469144365 83.11110008748025 78.97457224920781 74.78278138472497 70.43922971636286 66.01979618375223 61.62916030958032 57.43754216639124 53.826418625558965 50.94358645297511 48.95936558301736 47.88414410970554 47.34808166701359 46.97054978791812 46.74065058605584 46.6587808137469 46.692939341536 46.62100564704364 46.08317158887611 44.878020273646094 42.984525906448766 40.52952612841616 37.756625505648444 34.81411751198259 31.79720327302413 28.69541087543469 25.551042805786476 22.47007485541079 19.68544495997054 17.514902779697795 16.085533287380244 15.365628481339302 15.143401231892765 15.14355050526618 15.217807617533122 15.281470977498183 15.292172552767502 15.228726306936599 15.112323856001455 14.942955959248378 14.752401932373033 14.646562891766548 14.688979974069099 14.996157920424144 15.546912311800096 16.245936194173797 16.955549925259678 17.591026097292357 18.067644053399185 18.38539788248894 18.54429142156746 18.523138590887353 18.321942370757963 17.961880614112587 17.474728147758892 16.945208519350185 16.479231631620802 16.1615223838984 15.981491525122442 15.886186175677361 15.822651407047186 15.716752946243398 15.526126483194277 15.229591327542126 14.805964993524862 14.287020623356469 13.683348420902401 13.058493940455351 12.465410940883947 11.98882667620596 11.713467629638153 11.69228852688864 11.967652651430944 12.560742128167226 13.460966029717357 14.668324709544702 16.140454637076285 17.824401855891388 19.688393735418824 21.668885066516815 23.71292179566503 25.756958666753707 27.790404690682383 29.781487473450643 31.709025184621776 33.60479026612515 35.437010308691846 37.25863950391199 39.10145032258103 40.954852081249086 42.84002640209011 44.74638235585274 46.631556640521936 48.44259481782906 50.16890615018098 51.72576367100822 53.08139474509857 54.21461774760424 55.104250849387405 55.76088499226719 56.22688353767279
71.47502243901691 73.34951097377878 75.13238097462929 76.82193361086121 78.41752522063193 79.91946709802774 81.32891494260744 82.64775314649188 83.87847842853844 85.02408654782548 86.08796501419509 87.07379392162383 87.9854563039456 88.8269587794212 89.60236272459848 90.31572580163201 90.97105335151933 91.57225894807783 92.1231332705434 92.62732038196619 93.08830048192192 93.50937822241552 93.89367572383553 94.24412949389409 94.56349052898037 94.85432695833398 95.11902867249327 95.3598134554822 95.5787342131018 95.77768695626004 95.95841925790286 96.12253895466186 96.27152290999275 96.4067256947426 96.52938807427819 96.63721949202018 96.74081901387254 96.82972462350378 96.9153040793159 96.90424455952946 96.79530331330584 96.49723570580717 96.22780499083261 96.06582246440416 95.95427250127054 95.82539056350976 95.54694184934604 94.76846472424634 93.21378461804122 90.68533963881505 87.15846469144365 83.11110008748025 78.97457224920781 74.78278138472497 70.43922971636286 66.01979618375223 61.62916030958032 57.43754216639124 53.826418625558965 50.94358645297511 48.95936558301736 47.88414410970554 47.34808166701359 46.97054978791812 46.74065058605584 46.6587808137469 46.692939341536 46.62100564704364 46.08317158887611 44.878020273646094 42.984525906448766 40.52952612841616 37.756625505648444 34.81411751198259 31.79720327302413 28.69541087543469 25.551042805786476 22.47007485541079 19.68544495997054 17.514902779697795 16.085533287380244 15.365628481339302 15.143401231892765 15.14355050526618 15.217807617533122 15.281470977498183 15.292172552767502 15.228726306936599 15.112323856001455 14.942955959248378 14.752401932373033 14.646562891766548 14.688979974069099 14.996157920424144 15.546912311800096 16.245936194173797 16.955549925259678 17.591026097292357 18.067644053399185 18.38539788248894 18.54429142156746 18.523138590887353 18.321942370757963 17.961880614112587 17.474728147758892 16.945208519350185 16.479231631620802 16.1615223838984 15.981491525122442 15.886186175677361 15.822651407047186 15.716752946243398 15.526126483194277 15.229591327542126 14.805964993524862 14.287020623356469 13.683348420902401 13.058493940455351 12.465410940883947 11.98882667620596 11.713467629638153 11.69228852688864 11.967652651430944 12.560742128167226 13.460966029717357 14.668324709544702 16.140454637076285 17.824401855891388 19.688393735418824 21.668885066516815 23.71292179566503 25.756958666753707 27.790404690682383 29.781487473450643 31.709025184621776 33.60479026612515 35.437010308691846 37.25863950391199 39.10145032258103 40.954852081249086 42.84002640209011 44.74638235585274 46.631556640521936 48.44259481782906 50.16890615018098 51.72576367100822 53.08139474509857 54.21461774760424 55.104250849387405 55.76088499226719 56.22688353767279
71.47502243901691 73.34951097377878 75.13238097462929 76.82193361086121 78.41752522063193 79.91946709802774 81.32891494260744 82.64775314649188 83.87847842853844 85.02408654782548 86.08796501419509 87.07379392162383 87.9854563039456 88.8269587794212 89.60236272459848 90.31572580163201 90.97105335151933 91.57225894807783 92.1231332705434 92.62732038196619 93.08830048192192 93.50937822241552 93.89367572383553 94.24412949389409 94.56349052898037 94.85432695833398 95.11902867249327 95.3598134554822 95.5787342131018 95.77768695626004 95.95841925790286 96.12253895466186 96.27152290999275 96.4067256947426 96.52938807427819 96.63721949202018 96.74081901387254 96.82972462350378 96.9153040793159 96.90424455952946 96.79530331330584 96.49723570580717 96.22780499083261 96.06582246440416 95.95427250127054 95.82539056350976 95.54694184934604 94.76846472424634 93.21378461804122 90.68533963881505 87.15846469144365 83.11110008748025 78.97457224920781 74.78278138472497 70.43922971636286 66.01979618375223 61.62916030958032 57.43754216639124 53.826418625558965 50.94358645297511 48.95936558301736 47.88414410970554 47.34808166701359 46.97054978791812 46.74065058605584 46.6587808137469 46.692939341536 46.62100564704364 46.08317158887611 44.878020273646094 42.984525906448766 40.52952612841616 37.756625505648444 34.81411751198259 31.79720327302413 28.69541087543469 25.551042805786476 22.47007485541079 19.68544495997054 17.514902779697795 16.085533287380244 15.365628481339302 15.143401231892765 15.14355050526618 15.217807617533122 15.281470977498183 15.292172552767502 15.228726306936599 15.112323856001455 14.942955959248378 14.752401932373033 14.646562891766548 14.688979974069099 14.996157920424144 15.546912311800096 16.245936194173797 16.955549925259678 17.591026097292357 18.067644053399185 18.38539788248894 18.54429142156746 18.523138590887353 18.321942370757963 17.961880614112587 17.474728147758892 16.945208519350185 16.479231631620802 16.1615223838984 15.981491525122442 15.886186175677361 15.822651407047186 15.716752946243398 15.526126483194277 15.229591327542126 14.805964993524862 14.287020623356469 13.683348420902401 13.058493940455351 12.465410940883947 11.98882667620596 11.713467629638153 11.69228852688864 11.967652651430944 12.560742128167226 13.460966029717357 14.668324709544702 16.140454637076285 17.824401855891388 19.688393735418824 21.668885066516815 23.71292179566503 25.756958666753707 27.790404690682383 29.781487473450643 31.709025184621776 33.60479026612515 35.437010308691846 37.25863950391199 39.10145032258103 40.954852081249086 42.84002640209011 44.74638235585274 46.631556640521936 48.44259481782906 50.16890615018098 51.72576367100822 53.08139474509857 54.21461774760424 55.104250849387405 55.76088499226719 56.22688353767279
71.47502243901691 73.34951097377878 75.13238097462929 76.82193361086121 78.41752522063193 79.91946709802774 81.32891494260744 82.64775314649188 83.87847842853844 85.02408654782548 86.08796501419509 87.07379392162383 87.9854563039456 88.8269587794212 89.60236272459848 90.31572580163201 90.97105335151933 91.57225894807783 92.1231332705434 92.62732038196619 93.08830048192192 93.50937822241552 93.89367572383553 94.24412949389409 94.56349052898037 94.85432695833398 95.11902867249327 95.3598134554822 95.5787342131018 95.77768695626004 95.95841925790286 96.12253895466186 96.27152290999275 96.4067256947426 96.52938807427819 96.63721949202018 96.74081901387254 96.82972462350378 96.9153040793159 96.90424455952946 96.79530331330584 96.49723570580717 96.22780499083261 96.06582246440416 95.95427250127054 95.82539056350976 95.54694184934604 94.76846472424634 93.21378461804122 90.68533963881505 87.15846469144365 83.11110008748025 78.97457224920781 74.78278138472497 70.43922971636286 66.01979618375223 61.62916030958032 57.43754216639124 53.826418625558965 50.94358645297511 48.95936558301736 47.88414410970554 47.34808166701359 46.97054978791812 46.74065058605584 46.6587808137469 46.692939341536 46.62100564704364 46.08317158887611 44.878020273646094 42.984525906448766 40.52952612841616 37.756625505648444 34.81411751198259 31.79720327302413 28.69541087543469 25.551042805786476 22.47007485541079 19.68544495997054 17.514902779697795 16.085533287380244 15.365628481339302 15.143401231892765 15.14355050526618 15.217807617533122 15.281470977498183 15.292172552767502 15.228726306936599 15.112323856001455 14.942955959248378 14.752401932373033 14.646562891766548 14.688979974069099 14.996157920424144 15.546912311800096 16.245936194173797 16.955549925259678 17.591026097292357 18.067644053399185 18.38539788248894 18.54429142156746 18.523138590887353 18.321942370757963 17.961880614112587 17.474728147758892 16.945208519350185 16.479231631620802 16.1615223838984 15.981491525122442 15.886186175677361 15.822651407047186 15.716752946243398 15.526126483194277 15.229591327542126 14.805964993524862 14.287020623356469 13.683348420902401 13.058493940455351 12.465410940883947 11.98882667620596 11.713467629638153 11.69228852688864 11.967652651430944 12.560742128167226 13.460966029717357 14.668324709544702 16.140454637076285 17.824401855891388 19.688393735418824 21.668885066516815 23.71292179566503 25.756958666753707 27.790404690682383 29.781487473450643 31.709025184621776 33.60479026612515 35.437010308691846 37.25863950391199 39.10145032258103 40.954852081249086 42.84002640209011 44.74638235585274 46.631556640521936 48.44259481782906 50.16890615018098 51.72576367100822 53.08139474509857 54.21461774760424 55.104250849387405 55.76088499226719 56.22688353767279