4 151 8
300.0440999999999 302.0443999999999 304.0446999999999 306.0449999999999 308.0452999999999 310.0455999999999 312.0458999999999 314.0461999999999 316.04649999999987 318.0467999999999 320.0470999999999 322.04739999999987 324.0476999999999 326.0479999999999 328.04829999999987 330.0485999999999 332.0488999999999 334.04919999999987 336.0494999999999 338.0497999999999 340.0500999999999 342.05039999999985 344.0506999999999 346.0509999999999 348.05129999999986 350.0515999999999 352.0518999999999 354.05219999999986 356.0524999999999 358.0527999999999 360.05309999999986 362.0533999999999 364.0536999999999 366.05399999999986 368.0542999999999 369.99 372.04 373.98 376.04 377.98 380.03 381.97 384.02 385.96 388.01 389.95 392.0 394.05 395.99 398.05 399.99 402.04 403.99 406.05 407.99 410.06 412.01 413.96 416.02 417.97 420.04 422.0 423.95 426.02 427.98 430.05 432.01 433.96 436.03 437.99 440.06 442.01 443.96 446.03 447.98 450.04 451.98 454.04 455.99 458.04 459.98 462.03 463.97 466.02 467.95 470.0 472.05 473.98 476.02 477.96 480.0 482.05 483.98 486.03 487.96 490.01 492.06 493.99 496.05 497.98 500.04 501.98 504.04 505.98 508.04 509.99 512.05 514.0 515.95 518.01 519.96 522.03 523.98 526.04 527.99 530.05 532.0 534.06 536.0 538.06 540.0 542.05 543.99 546.04 547.98 550.03 551.96 554.0 556.04 557.97 560.01 562.05 563.98 566.01 568.05 569.98 572.01 574.05 575.97 578.01 580.05 581.98 584.02 585.95 588.0 590.04 591.97 594.02 595.96 598.01 599.95
0.0 39.77 47.82 50.0 60.0 70.0 80.0 90.0
71.69571887237906 73.57599534423954 75.36437038778762 77.059139926765 78.65965831186735 80.16623779837676 81.58003765435421 82.90294809043735 84.1374735347074 85.28661899637405 86.35378244503603 87.34265533785087 88.25713269845934 89.10123351652605 89.87903170908201 90.59459746729591 91.2519484996252 91.85501046399374 92.40758574427717 92.91332965545237 93.37573314305375 93.79811106299918 94.1835951759797 94.53513105688582 94.85547819647397 95.14721265370444 95.41273169848115 95.65425996277307 95.8738566912248 96.07342374913698 96.25471410551005 96.41934056156039 96.56878454091712 96.7044047969927 96.82744592631735 96.9356102996638 97.03952971011766 97.12870983733956 97.21455354043725 97.28781956784148 97.35799645408639 97.41818069421042 97.47581208819456 97.52522531486972 97.57253227447336 97.61308529960714 97.65190279403683 97.68696513369119 97.7170146520184 97.74590529610686 97.77053608831841 97.79410522056654 97.81439940481441 97.8338021147945 97.85034096421353 97.86631092140497 97.87992006716338 97.89226822941059 97.90407208847844 97.91418161090486 97.92388960488357 97.93220188030669 97.9397028003648 97.94690542356064 97.9530722323284 97.95896193122108 97.9640045027314 97.968554583207 97.97292345775323 97.97666384034096 97.9802359731433 97.98327932923364 97.98604012820395 97.98869088404913 97.99094921369728 97.99310756159969 97.99494673431931 97.99671397724858 97.99822726044171 97.99966685829038 98.00089985005259 98.00207914373995 97.83889552703712 97.7064512949055 97.7380590017798 97.98514557075104 98.31425840806747 98.56116967476729 98.6643816816354 98.66488692084593 98.7064186146225 98.89158415640364 99.13826315595298 99.28230166571119 99.25181987944735 99.05712038965129 98.8521282446139 98.81130249041706 98.88336115847925 98.88354625154868 98.64767673491242 98.14494238630016 97.56009658321786 97.17022509445817 97.16007985429519 97.4270196890706 97.6734294879905 97.56061882353154 96.9756992975045 96.12393569771308 95.35426539112802 94.97458896537614 95.04647957506333 95.31336689758547 95.34419641897527 94.79002726267083 93.6508550746751 92.31668157907784 91.28013305814095 90.86963306437055 91.15702131277916 91.73177616619974 91.9165296807106 91.22891689478195 89.69972514787133 87.84211224010578 86.30265391327362 85.67661335543754 86.12820047166716 87.24688995217588 87.69847561201375 86.23085447358093 83.0595517062143 79.15956560587658 75.56747262482284 72.8066926821681 70.51801660494128 67.01828973914736 61.43514510014472 54.04568757706903 45.558073493288845 37.25519518420599 30.34810333870954 24.83679802841747 20.228648759291445 15.918130314315087 11.44340142023656 6.917356666884256 3.61262549095275 1.8986810363456341 1.1392086348986727
71.52213347988318 73.3978575386498 75.18190267535343 76.8725689395434 78.46921224512295 79.97214409136032 81.3825209395659 82.70222842391222 83.93376490890883 85.08012812821657 86.14470782447316 87.1311865173005 88.04344979994077 88.88550693152084 89.66142196554709 90.37525523868449 91.03101473195468 91.63261659871306 92.18385401673052 92.68837345095362 93.14965739484794 93.57101267860018 93.95556348046945 94.30624824369625 94.62581977792281 94.91684790510934 95.18172409103299 95.4226675815167 95.64173263548497 95.84081651355571 96.02166794054551 96.1858958128528 96.3349779673723 96.47026986778381 96.59301309727478 96.70091558950061 96.80458339648449 96.89354760610864 96.97918346955943 97.05227210963395 97.1222790877932 97.18231761342955 97.23980947372462 97.28910306404656 97.33629548686503 97.37675032743638 97.41547383926695 97.45045128807864 97.48042805230679 97.50924874809327 97.5338199057018 97.55733197377461 97.57757702295565 97.59693275625317 97.61343156279776 97.62936285448266 97.64293905059017 97.67596453785758 97.63596801867585 97.5839142857993 97.54180475807425 97.44650625596687 97.22608016440417 96.9535267889672 96.7109900510805 96.55103443099553 96.40058655692431 96.14602204017979 95.75654826798741 95.33534001912682 95.03829132363168 94.8754315138496 94.70192475843336 94.3935724010375 93.98118596031706 93.35103514498952 92.16087306811544 90.26580276419928 87.51015517793965 84.03917579544577 80.24660643629427 76.17403865192959 71.89394167396816 67.64482240787713 63.60283746480857 59.799174317073295 56.223450609737164 53.0622478308598 50.48147764334409 48.72990587940346 47.817943346896016 47.37241872817582 47.16527739015916 46.87519943733363 46.08752333162374 44.429084973842755 41.920602281064944 38.75902326890902 35.26570961513117 31.668707977466504 28.07169109139297 24.4642884256517 20.7635772315139 17.042118837857206 13.53834195960928 10.635798826935856 8.676581333960906 7.629592934137213 7.266778216810331 7.256417257170348 7.401550268940127 7.5363169506348795 7.619251465223903 7.650354221166413 7.619258435591663 7.53633077092305 7.380838186935038 7.163147289844303 6.914356853703152 6.717397978788239 6.6655677389237 6.789965521615019 7.080224925022497 7.411949830942828 7.69184283103268 7.857705832074993 7.919905028591192 7.888806875929751 7.7644112919839765 7.515619107559506 7.15279675453091 6.655211429711862 6.095427711594462 5.546010272449996 5.141721980136552 4.944761108803897 4.9758604777367 5.193554603351607 5.514912481348566 5.867369506966393 6.199093781156238 6.458253401449119 6.634482003175453 6.717413182823386 6.707046952900587 6.59301691941839 6.385689452107711 6.105797319641907 5.7740732678294515 5.442349203382697 5.162457017962021
71.47502243901691 73.34951097377878 75.13238097462929 76.82193361086121 78.41752522063193 79.91946709802774 81.32891494260744 82.64775314649188 83.87847842853844 85.02408654782548 86.08796501419509 87.07379392162383 87.9854563039456 88.8269587794212 89.60236272459848 90.31572580163201 90.97105335151933 91.57225894807783 92.1231332705434 92.62732038196619 93.08830048192192 93.50937822241552 93.89367572383553 94.24412949389409 94.56349052898037 94.85432695833398 95.11902867249327 95.3598134554822 95.5787342131018 95.77768695626004 95.95841925790286 96.12253895466186 96.27152290999275 96.4067256947426 96.52938807427819 96.63721949202018 96.74081901387254 96.82972462350378 96.9153040793159 96.98834457650453 97.05830544164326 97.11830442039675 97.17575841127646 97.22501953231604 97.27218086987386 97.31260906317459 97.35130706814651 97.38626147760046 97.41621849638065 97.44502020821194 97.46957518100112 97.49307176186812 97.51330347580183 97.53264645963708 97.54913439855356 97.5650551964277 97.57862245000653 97.50631007178535 97.33822283289467 96.98854766654681 96.67014565948705 96.4667088848786 96.31535343126747 96.15309707598828 95.84161935161589 95.03233533253622 93.44939208956693 90.89190610479488 87.33888481696025 83.26624898613507 79.10846738250866 74.89703966364051 70.53691506411384 66.10235268470414 61.69906875521532 57.49670887587097 53.87638035467948 50.98652706352637 48.99653245281533 47.917131244336474 47.377666838538 46.997008408121175 46.76451737065625 46.68025917986946 46.712421295016426 46.63866818080527 46.09891074944386 44.891912945135076 42.996520571384664 40.53978413324082 37.765301716326086 34.82132956480724 31.803177261809306 28.700273986122482 25.55497234902836 22.47319204956766 19.687924616525756 17.51689173083778 16.08719303465027 15.367057792333787 15.144681172382334 15.144704508272682 15.21886195767583 15.282425546087534 15.293034815372026 15.22950615676598 15.113022839539129 14.943583278951927 14.752960698804216 14.647063653974529 14.689436078697755 14.996578282938444 15.547308101861663 16.24630952465203 16.955901255102507 17.591357491026756 18.06795077868382 18.38568165501256 18.54454932666762 18.52337266491539 18.32215099391863 17.96206643261154 17.47489103970005 16.945351943564557 16.479357310967906 16.161634300913516 15.981591894585375 15.886276163896069 15.822732781450092 15.716825727620211 15.526191760806132 15.229649080095324 14.806015913709592 14.287064936587809 13.683386953417278 13.058527071582828 12.465439669255918 11.98885159705184 11.713489722853362 11.692308429712693 11.967671158062256 12.560759638826354 13.460983077470674 14.668341456644784 16.14047138967191 17.82441856230688 19.6884103813125 21.668901721351492 23.712938237897063 25.75697479604821 27.790420494039065
71.47502243901691 73.34951097377878 75.13238097462929 76.82193361086121 78.41752522063193 79.91946709802774 81.32891494260744 82.64775314649188 83.87847842853844 85.02408654782548 86.08796501419509 87.07379392162383 87.9854563039456 88.8269587794212 89.60236272459848 90.31572580163201 90.97105335151933 91.57225894807783 92.1231332705434 92.62732038196619 93.08830048192192 93.50937822241552 93.89367572383553 94.24412949389409 94.56349052898037 94.85432695833398 95.11902867249327 95.3598134554822 95.5787342131018 95.77768695626004 95.95841925790286 96.12253895466186 96.27152290999275 96.4067256947426 96.52938807427819 96.63721949202018 96.74081901387254 96.82972462350378 96.9153040793159 96.98834457650453 97.05830544164326 97.11830442039675 97.17575841127646 97.22501953231604 97.27218086987386 97.31260906317459 97.35130706814651 97.38626147760046 97.41621849638065 97.44502020821194 97.46957518100112 97.49307176186812 97.51330347580183 97.53264645963708 97.54913439855356 97.5650551964277 97.57862245000653 97.50631007178535 97.33822283289467 96.98854766654681 96.67014565948705 96.4667088848786 96.31535343126747 96.15309707598828 95.84161935161589 95.03233533253622 93.44939208956693 90.89190610479488 87.33888481696025 83.26624898613507 79.10846738250866 74.89703966364051 70.53691506411384 66.10235268470414 61.69906875521532 57.49670887587097 53.87638035467948 50.98652706352637 48.99653245281533 47.917131244336474 47.377666838538 46.997008408121175 46.76451737065625 46.68025917986946 46.712421295016426 46.63866818080527 46.09891074944386 44.891912945135076 42.996520571384664 40.53978413324082 37.765301716326086 34.82132956480724 31.803177261809306 28.700273986122482 25.55497234902836 22.47319204956766 19.687924616525756 17.51689173083778 16.08719303465027 15.367057792333787 15.144681172382334 15.144704508272682 15.21886195767583 15.282425546087534 15.293034815372026 15.22950615676598 15.113022839539129 14.943583278951927 14.752960698804216 14.647063653974529 14.689436078697755 14.996578282938444 15.547308101861663 16.24630952465203 16.955901255102507 17.591357491026756 18.06795077868382 18.38568165501256 18.54454932666762 18.52337266491539 18.32215099391863 17.96206643261154 17.47489103970005 16.945351943564557 16.479357310967906 16.161634300913516 15.981591894585375 15.886276163896069 15.822732781450092 15.716825727620211 15.526191760806132 15.229649080095324 14.806015913709592 14.287064936587809 13.683386953417278 13.058527071582828 12.465439669255918 11.98885159705184 11.713489722853362 11.692308429712693 11.967671158062256 12.560759638826354 13.460983077470674 14.668341456644784 16.14047138967191 17.82441856230688 19.6884103813125 21.668901721351492 23.712938237897063 25.75697479604821 27.790420494039065
71.47502243901691 73.34951097377878 75.13238097462929 76.82193361086121 78.41752522063193 79.91946709802774 81.32891494260744 82.64775314649188 83.87847842853844 85.02408654782548 86.08796501419509 87.07379392162383 87.9854563039456 88.8269587794212 89.60236272459848 90.31572580163201 90.97105335151933 91.57225894807783 92.1231332705434 92.62732038196619 93.08830048192192 93.50937822241552 93.89367572383553 94.24412949389409 94.56349052898037 94.85432695833398 95.11902867249327 95.3598134554822 95.5787342131018 95.77768695626004 95.95841925790286 96.12253895466186 96.27152290999275 96.4067256947426 96.52938807427819 96.63721949202018 96.74081901387254 96.82972462350378 96.9153040793159 96.98834457650453 97.05830544164326 97.11830442039675 97.17575841127646 97.22501953231604 97.27218086987386 97.31260906317459 97.35130706814651 97.38626147760046 97.41621849638065 97.44502020821194 97.46957518100112 97.49307176186812 97.51330347580183 97.53264645963708 97.54913439855356 97.5650551964277 97.57862245000653 97.50631007178535 97.33822283289467 96.98854766654681 96.67014565948705 96.4667088848786 96.31535343126747 96.15309707598828 95.84161935161589 95.03233533253622 93.44939208956693 90.89190610479488 87.33888481696025 83.26624898613507 79.10846738250866 74.89703966364051 70.53691506411384 66.10235268470414 61.69906875521532 57.49670887587097 53.87638035467948 50.98652706352637 48.99653245281533 47.917131244336474 47.377666838538 46.997008408121175 46.76451737065625 46.68025917986946 46.712421295016426 46.63866818080527 46.09891074944386 44.891912945135076 42.996520571384664 40.53978413324082 37.765301716326086 34.82132956480724 31.803177261809306 28.700273986122482 25.55497234902836 22.47319204956766 19.687924616525756 17.51689173083778 16.08719303465027 15.367057792333787 15.144681172382334 15.144704508272682 15.21886195767583 15.282425546087534 15.293034815372026 15.22950615676598 15.113022839539129 14.943583278951927 14.752960698804216 14.647063653974529 14.689436078697755 14.996578282938444 15.547308101861663 16.24630952465203 16.955901255102507 17.591357491026756 18.06795077868382 18.38568165501256 18.54454932666762 18.52337266491539 18.32215099391863 17.96206643261154 17.47489103970005 16.945351943564557 16.479357310967906 16.161634300913516 15.981591894585375 15.886276163896069 15.822732781450092 15.716825727620211 15.526191760806132 15.229649080095324 14.806015913709592 14.287064936587809 13.683386953417278 13.058527071582828 12.465439669255918 11.98885159705184 11.713489722853362 11.692308429712693 11.967671158062256 12.560759638826354 13.460983077470674 14.668341456644784 16.14047138967191 17.82441856230688 19.6884103813125 21.668901721351492 23.712938237897063 25.75697479604821 27.790420494039065
71.47502243901691 73.34951097377878 75.13238097462929 76.82193361086121 78.41752522063193 79.91946709802774 81.32891494260744 82.64775314649188 83.87847842853844 85.02408654782548 86.08796501419509 87.07379392162383 87.9854563039456 88.8269587794212 89.60236272459848 90.31572580163201 90.97105335151933 91.57225894807783 92.1231332705434 92.62732038196619 93.08830048192192 93.50937822241552 93.89367572383553 94.24412949389409 94.56349052898037 94.85432695833398 95.11902867249327 95.3598134554822 95.5787342131018 95.77768695626004 95.95841925790286 96.12253895466186 96.27152290999275 96.4067256947426 96.52938807427819 96.63721949202018 96.74081901387254 96.82972462350378 96.9153040793159 96.98834457650453 97.05830544164326 97.11830442039675 97.17575841127646 97.22501953231604 97.27218086987386 97.31260906317459 97.35130706814651 97.38626147760046 97.41621849638065 97.44502020821194 97.46957518100112 97.49307176186812 97.51330347580183 97.53264645963708 97.54913439855356 97.5650551964277 97.57862245000653 97.50631007178535 97.33822283289467 96.98854766654681 96.67014565948705 96.4667088848786 96.31535343126747 96.15309707598828 95.84161935161589 95.03233533253622 93.44939208956693 90.89190610479488 87.33888481696025 83.26624898613507 79.10846738250866 74.89703966364051 70.53691506411384 66.10235268470414 61.69906875521532 57.49670887587097 53.87638035467948 50.98652706352637 48.99653245281533 47.917131244336474 47.377666838538 46.997008408121175 46.76451737065625 46.68025917986946 46.712421295016426 46.63866818080527 46.09891074944386 44.891912945135076 42.996520571384664 40.53978413324082 37.765301716326086 34.82132956480724 31.803177261809306 28.700273986122482 25.55497234902836 22.47319204956766 19.687924616525756 17.51689173083778 16.08719303465027 15.367057792333787 15.144681172382334 15.144704508272682 15.21886195767583 15.282425546087534 15.293034815372026 15.22950615676598 15.113022839539129 14.943583278951927 14.752960698804216 14.647063653974529 14.689436078697755 14.996578282938444 15.547308101861663 16.24630952465203 16.955901255102507 17.591357491026756 18.06795077868382 18.38568165501256 18.54454932666762 18.52337266491539 18.32215099391863 17.96206643261154 17.47489103970005 16.945351943564557 16.479357310967906 16.161634300913516 15.981591894585375 15.886276163896069 15.822732781450092 15.716825727620211 15.526191760806132 15.229649080095324 14.806015913709592 14.287064936587809 13.683386953417278 13.058527071582828 12.465439669255918 11.98885159705184 11.713489722853362 11.692308429712693 11.967671158062256 12.560759638826354 13.460983077470674 14.668341456644784 16.14047138967191 17.82441856230688 19.6884103813125 21.668901721351492 23.712938237897063 25.75697479604821 27.790420494039065
71.47502243901691 73.34951097377878 75.13238097462929 76.82193361086121 78.41752522063193 79.91946709802774 81.32891494260744 82.64775314649188 83.87847842853844 85.02408654782548 86.08796501419509 87.07379392162383 87.9854563039456 88.8269587794212 89.60236272459848 90.31572580163201 90.97105335151933 91.57225894807783 92.1231332705434 92.62732038196619 93.08830048192192 93.50937822241552 93.89367572383553 94.24412949389409 94.56349052898037 94.85432695833398 95.11902867249327 95.3598134554822 95.5787342131018 95.77768695626004 95.95841925790286 96.12253895466186 96.27152290999275 96.4067256947426 96.52938807427819 96.63721949202018 96.74081901387254 96.82972462350378 96.9153040793159 96.98834457650453 97.05830544164326 97.11830442039675 97.17575841127646 97.22501953231604 97.27218086987386 97.31260906317459 97.35130706814651 97.38626147760046 97.41621849638065 97.44502020821194 97.46957518100112 97.49307176186812 97.51330347580183 97.53264645963708 97.54913439855356 97.5650551964277 97.57862245000653 97.50631007178535 97.33822283289467 96.98854766654681 96.67014565948705 96.4667088848786 96.31535343126747 96.15309707598828 95.84161935161589 95.03233533253622 93.44939208956693 90.89190610479488 87.33888481696025 83.26624898613507 79.10846738250866 74.89703966364051 70.53691506411384 66.10235268470414 61.69906875521532 57.49670887587097 53.87638035467948 50.98652706352637 48.99653245281533 47.917131244336474 47.377666838538 46.997008408121175 46.76451737065625 46.68025917986946 46.712421295016426 46.63866818080527 46.09891074944386 44.891912945135076 42.996520571384664 40.53978413324082 37.765301716326086 34.82132956480724 31.803177261809306 28.700273986122482 25.55497234902836 22.47319204956766 19.687924616525756 17.51689173083778 16.08719303465027 15.367057792333787 15.144681172382334 15.144704508272682 15.21886195767583 15.282425546087534 15.293034815372026 15.22950615676598 15.113022839539129 14.943583278951927 14.752960698804216 14.647063653974529 14.689436078697755 14.996578282938444 15.547308101861663 16.24630952465203 16.955901255102507 17.591357491026756 18.06795077868382 18.38568165501256 18.54454932666762 18.52337266491539 18.32215099391863 17.96206643261154 17.47489103970005 16.945351943564557 16.479357310967906 16.161634300913516 15.981591894585375 15.886276163896069 15.822732781450092 15.716825727620211 15.526191760806132 15.229649080095324 14.806015913709592 14.287064936587809 13.683386953417278 13.058527071582828 12.465439669255918 11.98885159705184 11.713489722853362 11.692308429712693 11.967671158062256 12.560759638826354 13.460983077470674 14.668341456644784 16.14047138967191 17.82441856230688 19.6884103813125 21.668901721351492 23.712938237897063 25.75697479604821 27.790420494039065
71.47502243901691 73.34951097377878 75.13238097462929 76.82193361086121 78.41752522063193 79.91946709802774 81.32891494260744 82.64775314649188 83.87847842853844 85.02408654782548 86.08796501419509 87.07379392162383 87.9854563039456 88.8269587794212 89.60236272459848 90.31572580163201 90.97105335151933 91.57225894807783 92.1231332705434 92.62732038196619 93.08830048192192 93.50937822241552 93.89367572383553 94.24412949389409 94.56349052898037 94.85432695833398 95.11902867249327 95.3598134554822 95.5787342131018 95.77768695626004 95.95841925790286 96.12253895466186 96.27152290999275 96.4067256947426 96.52938807427819 96.63721949202018 96.74081901387254 96.82972462350378 96.9153040793159 96.98834457650453 97.05830544164326 97.11830442039675 97.17575841127646 97.22501953231604 97.27218086987386 97.31260906317459 97.35130706814651 97.38626147760046 97.41621849638065 97.44502020821194 97.46957518100112 97.49307176186812 97.51330347580183 97.53264645963708 97.54913439855356 97.5650551964277 97.57862245000653 97.50631007178535 97.33822283289467 96.98854766654681 96.67014565948705 96.4667088848786 96.31535343126747 96.15309707598828 95.84161935161589 95.03233533253622 93.44939208956693 90.89190610479488 87.33888481696025 83.26624898613507 79.10846738250866 74.89703966364051 70.53691506411384 66.10235268470414 61.69906875521532 57.49670887587097 53.87638035467948 50.98652706352637 48.99653245281533 47.917131244336474 47.377666838538 46.997008408121175 46.76451737065625 46.68025917986946 46.712421295016426 46.63866818080527 46.09891074944386 44.891912945135076 42.996520571384664 40.53978413324082 37.765301716326086 34.82132956480724 31.803177261809306 28.700273986122482 25.55497234902836 22.47319204956766 19.687924616525756 17.51689173083778 16.08719303465027 15.367057792333787 15.144681172382334 15.144704508272682 15.21886195767583 15.282425546087534 15.293034815372026 15.22950615676598 15.113022839539129 14.943583278951927 14.752960698804216 14.647063653974529 14.689436078697755 14.996578282938444 15.547308101861663 16.24630952465203 16.955901255102507 17.591357491026756 18.06795077868382 18.38568165501256 18.54454932666762 18.52337266491539 18.32215099391863 17.96206643261154 17.47489103970005 16.945351943564557 16.479357310967906 16.161634300913516 15.981591894585375 15.886276163896069 15.822732781450092 15.716825727620211 15.526191760806132 15.229649080095324 14.806015913709592 14.287064936587809 13.683386953417278 13.058527071582828 12.465439669255918 11.98885159705184 11.713489722853362 11.692308429712693 11.967671158062256 12.560759638826354 13.460983077470674 14.668341456644784 16.14047138967191 17.82441856230688 19.6884103813125 21.668901721351492 23.712938237897063 25.75697479604821 27.790420494039065