4 151 8
300.0440999999999 302.0443999999999 304.0446999999999 306.0449999999999 308.0452999999999 310.0455999999999 312.0458999999999 314.0461999999999 316.04649999999987 318.0467999999999 320.0470999999999 322.04739999999987 324.0476999999999 326.0479999999999 328.04829999999987 330.0485999999999 332.0488999999999 334.04919999999987 336.0494999999999 338.0497999999999 340.0500999999999 342.05039999999985 344.0506999999999 346.0509999999999 348.05129999999986 350.0515999999999 352.0518999999999 354.05219999999986 356.0524999999999 358.0527999999999 360.05309999999986 362.0533999999999 364.0536999999999 366.05399999999986 368.0542999999999 369.99 372.04 373.98 376.04 377.98 380.03 381.97 384.02 385.96 388.01 389.95 392.0 394.05 395.99 398.05 399.99 402.04 403.99 406.05 407.99 410.06 412.01 413.96 416.02 417.97 420.04 422.0 423.95 426.02 427.98 430.05 432.01 433.96 436.03 437.99 440.06 442.01 443.96 446.03 447.98 450.04 451.98 454.04 455.99 458.04 459.98 462.03 463.97 466.02 467.95 470.0 472.05 473.98 476.02 477.96 480.0 482.05 483.98 486.03 487.96 490.01 492.06 493.99 496.05 497.98 500.04 501.98 504.04 505.98 508.04 509.99 512.05 514.0 515.95 518.01 519.96 522.03 523.98 526.04 527.99 530.05 532.0 534.06 536.0 538.06 540.0 542.05 543.99 546.04 547.98 550.03 551.96 554.0 556.04 557.97 560.01 562.05 563.98 566.01 568.05 569.98 572.01 574.05 575.97 578.01 580.05 581.98 584.02 585.95 588.0 590.04 591.97 594.02 595.96 598.01 599.95
0.0 39.77 47.82 50.0 60.0 70.0 80.0 90.0
71.69571887237906 73.57599534423954 75.36437038778762 77.059139926765 78.65965831186735 80.16623779837676 81.58003765435421 82.90294809043735 84.1374735347074 85.28661899637405 86.35378244503603 87.34265533785087 88.25713269845934 89.10123351652605 89.87903170908201 90.59459746729591 91.2519484996252 91.85501046399374 92.40758574427717 92.91332965545237 93.37573314305375 93.79811106299918 94.1835951759797 94.53513105688582 94.85547819647397 95.14721265370444 95.41273169848115 95.65425996277307 95.8738566912248 96.07342374913698 96.25471410551005 96.41934056156039 96.56878454091712 96.7044047969927 96.82744592631735 96.9356102996638 97.03952971011766 97.12870983733956 97.21455354043725 97.28781956784148 97.35799645408639 97.41818069421042 97.47581208819456 97.52522531486972 97.57253227447336 97.61308529960714 97.65190279403683 97.68696513369119 97.7170146520184 97.74590529610686 97.77053608831841 97.79410522056654 97.81439940481441 97.8338021147945 97.85034096421353 97.86631092140497 97.87992006716338 97.89226822941059 97.90407208847844 97.91418161090486 97.92388960488357 97.93220188030669 97.9397028003648 97.94690542356064 97.9530722323284 97.95896193122108 97.9640045027314 97.968554583207 97.97292345775323 97.97666384034096 97.9802359731433 97.98327932923364 97.98604012820395 97.98869088404913 97.99094921369728 97.99310756159969 97.99494673431931 97.99671397724858 97.99822726044171 97.99966685829038 98.00089985005259 98.00207914373995 98.00308918430926 98.00405523226001 98.00487856646338 98.00567031846171 98.00638494749943 98.00699400187708 98.007576977285 98.00807885313901 98.0085566406368 98.00899010934565 98.00935953823509 98.00971479300618 97.84581229765806 97.71268578842414 97.74373644120666 97.990269648785 98.31889983375517 98.56539472754267 98.66820267680482 98.6683547110624 98.70955280216594 98.89441159803538 99.14084413145574 99.28462956621395 99.25393890704594 99.05902512988918 98.85384015594914 98.81286065530446 98.8847645079667 98.8848243658309 98.64882428198995 98.14598122554213 97.56102595896436 97.17106735848502 97.1608378073369 97.42771075377276 97.67405287995587 97.56118499095395 96.97620968075324 96.12439198619678 95.35467588917844 94.97495746926674 95.04681402682338 95.3136693975771 95.34447078776452 94.79027323320807 93.65107594184495 92.3168774402802 91.28030919757171 90.86979118175265 91.1571652359564 91.7319068307176 91.91664876109104 91.22902329458589 89.6998202775705 87.84219630587478 86.30272889193401 85.67668057223175 86.12826149035368 87.24694607739261 87.69852655707575 86.23089960114197 83.0595912780039 79.1595996868551 75.56750193471012 72.8067183900251 70.5180390577737 67.01830901263239 61.435161157688775
71.52213347988318 73.3978575386498 75.18190267535343 76.8725689395434 78.46921224512295 79.97214409136032 81.3825209395659 82.70222842391222 83.93376490890883 85.08012812821657 86.14470782447316 87.1311865173005 88.04344979994077 88.88550693152084 89.66142196554709 90.37525523868449 91.03101473195468 91.63261659871306 92.18385401673052 92.68837345095362 93.14965739484794 93.57101267860018 93.95556348046945 94.30624824369625 94.62581977792281 94.91684790510934 95.18172409103299 95.4226675815167 95.64173263548497 95.84081651355571 96.02166794054551 96.1858958128528 96.3349779673723 96.47026986778381 96.59301309727478 96.70091558950061 96.80458339648449 96.89354760610864 96.97918346955943 97.05227210963395 97.1222790877932 97.18231761342955 97.23980947372462 97.28910306404656 97.33629548686503 97.37675032743638 97.41547383926695 97.45045128807864 97.48042805230679 97.50924874809327 97.5338199057018 97.55733197377461 97.57757702295565 97.59693275625317 97.61343156279776 97.62936285448266 97.64293905059017 97.65525731620444 97.6670325964737 97.67711764232823 97.68680213189171 97.69509428213004 97.70257704140849 97.70976222604322 97.71591410410191 97.72178954320741 97.72681990594475 97.73135897003725 97.73571726692536 97.76017366743937 97.7119233333904 97.65277893555488 97.60371277904636 97.50271510199393 97.27695317859902 96.99926034439405 96.75233356847251 96.58824388099357 96.4342631500119 96.17655552613978 95.78389176928381 95.36007015889949 95.06045834659197 94.89554844378104 94.72013180466439 94.40992887500497 93.99599006804878 93.36426376490607 92.17275137671778 90.27627107077744 87.5193790760553 84.04717090766948 80.25353352848622 76.17997361012048 71.89902425284352 67.6491387165884 63.60653204664058 59.802301481234586 56.226104924300856 53.064522466988876 50.48343264958781 48.731618597029076 47.81946169194889 47.37377316849601 47.16650529572911 46.87629853353211 46.088507300824595 44.42993928765229 41.92132825789013 38.759634463657044 35.26621010495002 31.6691173097518 28.072017643301127 24.464547373919697 20.763775029238232 17.04226655763067 13.538447573226348 10.635874268278226 8.676636711468573 7.62963721047553 7.266816461874827 7.2564517024893345 7.401582132453973 7.536346191741868 7.619278276022937 7.650378501413384 7.619280361275558 7.536350326939459 7.380855593982097 7.163162487342922 6.914370196046546 6.717409667372721 6.6655782628490465 6.78997519337336 7.080234097647711 7.411958475460769 7.691850988501315 7.857713351977081 7.919911909305082 7.888813065020186 7.764416792785991 7.515623942296327 7.152800909673535 6.655214912612058 6.095430615619081 5.546012660202575 5.141723974424391 4.9447628547864 4.975862062043333 5.193556096942345 5.514913922802801
71.47502243901691 73.34951097377878 75.13238097462929 76.82193361086121 78.41752522063193 79.91946709802774 81.32891494260744 82.64775314649188 83.87847842853844 85.02408654782548 86.08796501419509 87.07379392162383 87.9854563039456 88.8269587794212 89.60236272459848 90.31572580163201 90.97105335151933 91.57225894807783 92.1231332705434 92.62732038196619 93.08830048192192 93.50937822241552 93.89367572383553 94.24412949389409 94.56349052898037 94.85432695833398 95.11902867249327 95.3598134554822 95.5787342131018 95.77768695626004 95.95841925790286 96.12253895466186 96.27152290999275 96.4067256947426 96.52938807427819 96.63721949202018 96.74081901387254 96.82972462350378 96.9153040793159 96.98834457650453 97.05830544164326 97.11830442039675 97.17575841127646 97.22501953231604 97.27218086987386 97.31260906317459 97.35130706814651 97.38626147760046 97.41621849638065 97.44502020821194 97.46957518100112 97.49307176186812 97.51330347580183 97.53264645963708 97.54913439855356 97.5650551964277 97.57862245000653 97.59093260168059 97.60270012566963 97.61277852858741 97.6224566390573 97.6307433273245 97.63822115777099 97.64540160958371 97.65154943545093 97.65742100445303 97.66244805373184 97.66698412798016 97.67133955409396 97.59037293759607 97.41394651853082 97.05699216802272 96.73150045417952 96.52235256667674 96.36574991268485 96.19845306395723 95.88259121690699 95.06895949664377 93.48203771200642 90.92077101964044 87.363824635212 83.28784838437879 79.12691888440752 74.91292047150556 70.5504762338244 66.11380686938404 61.70878771812759 57.5048566388496 53.883324302267276 50.99244007355134 49.00169687084711 47.92168986640898 47.381756599845104 47.00067009240279 46.7678234120635 46.68323777308872 46.71513474098715 46.641107123705915 46.101087083497454 44.8938373409393 42.998185706204396 40.5412089913761 37.76650086365485 34.82232515283148 31.804005228921188 28.70094692964938 25.55551794800835 22.47362417996881 19.688265570048124 17.517167956380238 16.087421343577425 15.367256418463052 15.14485734718132 15.1448648111163 15.21900693540431 15.28255801297508 15.293154117479155 15.229614181974691 15.113119297061505 14.943670000111844 14.75303834365818 14.647133181781696 14.689499316402406 14.996636470054632 15.547362810090544 16.246361086239407 16.955950048529616 17.591403138820915 18.06799339033056 18.385720662499114 18.544585111303913 18.52340489644417 18.32217992182947 17.962092018126704 17.474913678899775 16.94537170683903 16.47937478790332 16.16164976775716 15.981605779191431 15.88628862732703 15.82274399127877 15.716835838126737 15.526200780151068 15.229657050292563 14.80602296769116 14.287071087672008 13.683392260707773 13.058531682515342 12.465443638233515 11.988855044871123 11.713492784453965
71.47502243901691 73.34951097377878 75.13238097462929 76.82193361086121 78.41752522063193 79.91946709802774 81.32891494260744 82.64775314649188 83.87847842853844 85.02408654782548 86.08796501419509 87.07379392162383 87.9854563039456 88.8269587794212 89.60236272459848 90.31572580163201 90.97105335151933 91.57225894807783 92.1231332705434 92.62732038196619 93.08830048192192 93.50937822241552 93.89367572383553 94.24412949389409 94.56349052898037 94.85432695833398 95.11902867249327 95.3598134554822 95.5787342131018 95.77768695626004 95.95841925790286 96.12253895466186 96.27152290999275 96.4067256947426 96.52938807427819 96.63721949202018 96.74081901387254 96.82972462350378 96.9153040793159 96.98834457650453 97.05830544164326 97.11830442039675 97.17575841127646 97.22501953231604 97.27218086987386 97.31260906317459 97.35130706814651 97.38626147760046 97.41621849638065 97.44502020821194 97.46957518100112 97.49307176186812 97.51330347580183 97.53264645963708 97.54913439855356 97.5650551964277 97.57862245000653 97.59093260168059 97.60270012566963 97.61277852858741 97.6224566390573 97.6307433273245 97.63822115777099 97.64540160958371 97.65154943545093 97.65742100445303 97.66244805373184 97.66698412798016 97.67133955409396 97.59037293759607 97.41394651853082 97.05699216802272 96.73150045417952 96.52235256667674 96.36574991268485 96.19845306395723 95.88259121690699 95.06895949664377 93.48203771200642 90.92077101964044 87.363824635212 83.28784838437879 79.12691888440752 74.91292047150556 70.5504762338244 66.11380686938404 61.70878771812759 57.5048566388496 53.883324302267276 50.99244007355134 49.00169687084711 47.92168986640898 47.381756599845104 47.00067009240279 46.7678234120635 46.68323777308872 46.71513474098715 46.641107123705915 46.101087083497454 44.8938373409393 42.998185706204396 40.5412089913761 37.76650086365485 34.82232515283148 31.804005228921188 28.70094692964938 25.55551794800835 22.47362417996881 19.688265570048124 17.517167956380238 16.087421343577425 15.367256418463052 15.14485734718132 15.1448648111163 15.21900693540431 15.28255801297508 15.293154117479155 15.229614181974691 15.113119297061505 14.943670000111844 14.75303834365818 14.647133181781696 14.689499316402406 14.996636470054632 15.547362810090544 16.246361086239407 16.955950048529616 17.591403138820915 18.06799339033056 18.385720662499114 18.544585111303913 18.52340489644417 18.32217992182947 17.962092018126704 17.474913678899775 16.94537170683903 16.47937478790332 16.16164976775716 15.981605779191431 15.88628862732703 15.82274399127877 15.716835838126737 15.526200780151068 15.229657050292563 14.80602296769116 14.287071087672008 13.683392260707773 13.058531682515342 12.465443638233515 11.988855044871123 11.713492784453965
71.47502243901691 73.34951097377878 75.13238097462929 76.82193361086121 78.41752522063193 79.91946709802774 81.32891494260744 82.64775314649188 83.87847842853844 85.02408654782548 86.08796501419509 87.07379392162383 87.9854563039456 88.8269587794212 89.60236272459848 90.31572580163201 90.97105335151933 91.57225894807783 92.1231332705434 92.62732038196619 93.08830048192192 93.50937822241552 93.89367572383553 94.24412949389409 94.56349052898037 94.85432695833398 95.11902867249327 95.3598134554822 95.5787342131018 95.77768695626004 95.95841925790286 96.12253895466186 96.27152290999275 96.4067256947426 96.52938807427819 96.63721949202018 96.74081901387254 96.82972462350378 96.9153040793159 96.98834457650453 97.05830544164326 97.11830442039675 97.17575841127646 97.22501953231604 97.27218086987386 97.31260906317459 97.35130706814651 97.38626147760046 97.41621849638065 97.44502020821194 97.46957518100112 97.49307176186812 97.51330347580183 97.53264645963708 97.54913439855356 97.5650551964277 97.57862245000653 97.59093260168059 97.60270012566963 97.61277852858741 97.6224566390573 97.6307433273245 97.63822115777099 97.64540160958371 97.65154943545093 97.65742100445303 97.66244805373184 97.66698412798016 97.67133955409396 97.59037293759607 97.41394651853082 97.05699216802272 96.73150045417952 96.52235256667674 96.36574991268485 96.19845306395723 95.88259121690699 95.06895949664377 93.48203771200642 90.92077101964044 87.363824635212 83.28784838437879 79.12691888440752 74.91292047150556 70.5504762338244 66.11380686938404 61.70878771812759 57.5048566388496 53.883324302267276 50.99244007355134 49.00169687084711 47.92168986640898 47.381756599845104 47.00067009240279 46.7678234120635 46.68323777308872 46.71513474098715 46.641107123705915 46.101087083497454 44.8938373409393 42.998185706204396 40.5412089913761 37.76650086365485 34.82232515283148 31.804005228921188 28.70094692964938 25.55551794800835 22.47362417996881 19.688265570048124 17.517167956380238 16.087421343577425 15.367256418463052 15.14485734718132 15.1448648111163 15.21900693540431 15.28255801297508 15.293154117479155 15.229614181974691 15.113119297061505 14.943670000111844 14.75303834365818 14.647133181781696 14.689499316402406 14.996636470054632 15.547362810090544 16.246361086239407 16.955950048529616 17.591403138820915 18.06799339033056 18.385720662499114 18.544585111303913 18.52340489644417 18.32217992182947 17.962092018126704 17.474913678899775 16.94537170683903 16.47937478790332 16.16164976775716 15.981605779191431 15.88628862732703 15.82274399127877 15.716835838126737 15.526200780151068 15.229657050292563 14.80602296769116 14.287071087672008 13.683392260707773 13.058531682515342 12.465443638233515 11.988855044871123 11.713492784453965
71.47502243901691 73.34951097377878 75.13238097462929 76.82193361086121 78.41752522063193 79.91946709802774 81.32891494260744 82.64775314649188 83.87847842853844 85.02408654782548 86.08796501419509 87.07379392162383 87.9854563039456 88.8269587794212 89.60236272459848 90.31572580163201 90.97105335151933 91.57225894807783 92.1231332705434 92.62732038196619 93.08830048192192 93.50937822241552 93.89367572383553 94.24412949389409 94.56349052898037 94.85432695833398 95.11902867249327 95.3598134554822 95.5787342131018 95.77768695626004 95.95841925790286 96.12253895466186 96.27152290999275 96.4067256947426 96.52938807427819 96.63721949202018 96.74081901387254 96.82972462350378 96.9153040793159 96.98834457650453 97.05830544164326 97.11830442039675 97.17575841127646 97.22501953231604 97.27218086987386 97.31260906317459 97.35130706814651 97.38626147760046 97.41621849638065 97.44502020821194 97.46957518100112 97.49307176186812 97.51330347580183 97.53264645963708 97.54913439855356 97.5650551964277 97.57862245000653 97.59093260168059 97.60270012566963 97.61277852858741 97.6224566390573 97.6307433273245 97.63822115777099 97.64540160958371 97.65154943545093 97.65742100445303 97.66244805373184 97.66698412798016 97.67133955409396 97.59037293759607 97.41394651853082 97.05699216802272 96.73150045417952 96.52235256667674 96.36574991268485 96.19845306395723 95.88259121690699 95.06895949664377 93.48203771200642 90.92077101964044 87.363824635212 83.28784838437879 79.12691888440752 74.91292047150556 70.5504762338244 66.11380686938404 61.70878771812759 57.5048566388496 53.883324302267276 50.99244007355134 49.00169687084711 47.92168986640898 47.381756599845104 47.00067009240279 46.7678234120635 46.68323777308872 46.71513474098715 46.641107123705915 46.101087083497454 44.8938373409393 42.998185706204396 40.5412089913761 37.76650086365485 34.82232515283148 31.804005228921188 28.70094692964938 25.55551794800835 22.47362417996881 19.688265570048124 17.517167956380238 16.087421343577425 15.367256418463052 15.14485734718132 15.1448648111163 15.21900693540431 15.28255801297508 15.293154117479155 15.229614181974691 15.113119297061505 14.943670000111844 14.75303834365818 14.647133181781696 14.689499316402406 14.996636470054632 15.547362810090544 16.246361086239407 16.955950048529616 17.591403138820915 18.06799339033056 18.385720662499114 18.544585111303913 18.52340489644417 18.32217992182947 17.962092018126704 17.474913678899775 16.94537170683903 16.47937478790332 16.16164976775716 15.981605779191431 15.88628862732703 15.82274399127877 15.716835838126737 15.526200780151068 15.229657050292563 14.80602296769116 14.287071087672008 13.683392260707773 13.058531682515342 12.465443638233515 11.988855044871123 11.713492784453965
71.47502243901691 73.34951097377878 75.13238097462929 76.82193361086121 78.41752522063193 79.91946709802774 81.32891494260744 82.64775314649188 83.87847842853844 85.02408654782548 86.08796501419509 87.07379392162383 87.9854563039456 88.8269587794212 89.60236272459848 90.31572580163201 90.97105335151933 91.57225894807783 92.1231332705434 92.62732038196619 93.08830048192192 93.50937822241552 93.89367572383553 94.24412949389409 94.56349052898037 94.85432695833398 95.11902867249327 95.3598134554822 95.5787342131018 95.77768695626004 95.95841925790286 96.12253895466186 96.27152290999275 96.4067256947426 96.52938807427819 96.63721949202018 96.74081901387254 96.82972462350378 96.9153040793159 96.98834457650453 97.05830544164326 97.11830442039675 97.17575841127646 97.22501953231604 97.27218086987386 97.31260906317459 97.35130706814651 97.38626147760046 97.41621849638065 97.44502020821194 97.46957518100112 97.49307176186812 97.51330347580183 97.53264645963708 97.54913439855356 97.5650551964277 97.57862245000653 97.59093260168059 97.60270012566963 97.61277852858741 97.6224566390573 97.6307433273245 97.63822115777099 97.64540160958371 97.65154943545093 97.65742100445303 97.66244805373184 97.66698412798016 97.67133955409396 97.59037293759607 97.41394651853082 97.05699216802272 96.73150045417952 96.52235256667674 96.36574991268485 96.19845306395723 95.88259121690699 95.06895949664377 93.48203771200642 90.92077101964044 87.363824635212 83.28784838437879 79.12691888440752 74.91292047150556 70.5504762338244 66.11380686938404 61.70878771812759 57.5048566388496 53.883324302267276 50.99244007355134 49.00169687084711 47.92168986640898 47.381756599845104 47.00067009240279 46.7678234120635 46.68323777308872 46.71513474098715 46.641107123705915 46.101087083497454 44.8938373409393 42.998185706204396 40.5412089913761 37.76650086365485 34.82232515283148 31.804005228921188 28.70094692964938 25.55551794800835 22.47362417996881 19.688265570048124 17.517167956380238 16.087421343577425 15.367256418463052 15.14485734718132 15.1448648111163 15.21900693540431 15.28255801297508 15.293154117479155 15.229614181974691 15.113119297061505 14.943670000111844 14.75303834365818 14.647133181781696 14.689499316402406 14.996636470054632 15.547362810090544 16.246361086239407 16.955950048529616 17.591403138820915 18.06799339033056 18.385720662499114 18.544585111303913 18.52340489644417 18.32217992182947 17.962092018126704 17.474913678899775 16.94537170683903 16.47937478790332 16.16164976775716 15.981605779191431 15.88628862732703 15.82274399127877 15.716835838126737 15.526200780151068 15.229657050292563 14.80602296769116 14.287071087672008 13.683392260707773 13.058531682515342 12.465443638233515 11.988855044871123 11.713492784453965
71.47502243901691 73.34951097377878 75.13238097462929 76.82193361086121 78.41752522063193 79.91946709802774 81.32891494260744 82.64775314649188 83.87847842853844 85.02408654782548 86.08796501419509 87.07379392162383 87.9854563039456 88.8269587794212 89.60236272459848 90.31572580163201 90.97105335151933 91.57225894807783 92.1231332705434 92.62732038196619 93.08830048192192 93.50937822241552 93.89367572383553 94.24412949389409 94.56349052898037 94.85432695833398 95.11902867249327 95.3598134554822 95.5787342131018 95.77768695626004 95.95841925790286 96.12253895466186 96.27152290999275 96.4067256947426 96.52938807427819 96.63721949202018 96.74081901387254 96.82972462350378 96.9153040793159 96.98834457650453 97.05830544164326 97.11830442039675 97.17575841127646 97.22501953231604 97.27218086987386 97.31260906317459 97.35130706814651 97.38626147760046 97.41621849638065 97.44502020821194 97.46957518100112 97.49307176186812 97.51330347580183 97.53264645963708 97.54913439855356 97.5650551964277 97.57862245000653 97.59093260168059 97.60270012566963 97.61277852858741 97.6224566390573 97.6307433273245 97.63822115777099 97.64540160958371 97.65154943545093 97.65742100445303 97.66244805373184 97.66698412798016 97.67133955409396 97.59037293759607 97.41394651853082 97.05699216802272 96.73150045417952 96.52235256667674 96.36574991268485 96.19845306395723 95.88259121690699 95.06895949664377 93.48203771200642 90.92077101964044 87.363824635212 83.28784838437879 79.12691888440752 74.91292047150556 70.5504762338244 66.11380686938404 61.70878771812759 57.5048566388496 53.883324302267276 50.99244007355134 49.00169687084711 47.92168986640898 47.381756599845104 47.00067009240279 46.7678234120635 46.68323777308872 46.71513474098715 46.641107123705915 46.101087083497454 44.8938373409393 42.998185706204396 40.5412089913761 37.76650086365485 34.82232515283148 31.804005228921188 28.70094692964938 25.55551794800835 22.47362417996881 19.688265570048124 17.517167956380238 16.087421343577425 15.367256418463052 15.14485734718132 15.1448648111163 15.21900693540431 15.28255801297508 15.293154117479155 15.229614181974691 15.113119297061505 14.943670000111844 14.75303834365818 14.647133181781696 14.689499316402406 14.996636470054632 15.547362810090544 16.246361086239407 16.955950048529616 17.591403138820915 18.06799339033056 18.385720662499114 18.544585111303913 18.52340489644417 18.32217992182947 17.962092018126704 17.474913678899775 16.94537170683903 16.47937478790332 16.16164976775716 15.981605779191431 15.88628862732703 15.82274399127877 15.716835838126737 15.526200780151068 15.229657050292563 14.80602296769116 14.287071087672008 13.683392260707773 13.058531682515342 12.465443638233515 11.988855044871123 11.713492784453965