4 151 8
300.0440999999999 302.0443999999999 304.0446999999999 306.0449999999999 308.0452999999999 310.0455999999999 312.0458999999999 314.0461999999999 316.04649999999987 318.0467999999999 320.0470999999999 322.04739999999987 324.0476999999999 326.0479999999999 328.04829999999987 330.0485999999999 332.0488999999999 334.04919999999987 336.0494999999999 338.0497999999999 340.0500999999999 342.05039999999985 344.0506999999999 346.0509999999999 348.05129999999986 350.0515999999999 352.0518999999999 354.05219999999986 356.0524999999999 358.0527999999999 360.05309999999986 362.0533999999999 364.0536999999999 366.05399999999986 368.0542999999999 369.99 372.04 373.98 376.04 377.98 380.03 381.97 384.02 385.96 388.01 389.95 392.0 394.05 395.99 398.05 399.99 402.04 403.99 406.05 407.99 410.06 412.01 413.96 416.02 417.97 420.04 422.0 423.95 426.02 427.98 430.05 432.01 433.96 436.03 437.99 440.06 442.01 443.96 446.03 447.98 450.04 451.98 454.04 455.99 458.04 459.98 462.03 463.97 466.02 467.95 470.0 472.05 473.98 476.02 477.96 480.0 482.05 483.98 486.03 487.96 490.01 492.06 493.99 496.05 497.98 500.04 501.98 504.04 505.98 508.04 509.99 512.05 514.0 515.95 518.01 519.96 522.03 523.98 526.04 527.99 530.05 532.0 534.06 536.0 538.06 540.0 542.05 543.99 546.04 547.98 550.03 551.96 554.0 556.04 557.97 560.01 562.05 563.98 566.01 568.05 569.98 572.01 574.05 575.97 578.01 580.05 581.98 584.02 585.95 588.0 590.04 591.97 594.02 595.96 598.01 599.95
0.0 39.77 47.82 50.0 60.0 70.0 80.0 90.0
71.69571887237906 73.57599534423954 75.36437038778762 77.059139926765 78.65965831186735 80.16623779837676 81.58003765435421 82.90294809043735 84.1374735347074 85.28661899637405 86.35378244503603 87.34265533785087 88.25713269845934 89.10123351652605 89.87903170908201 90.59459746729591 91.2519484996252 91.85501046399374 92.40758574427717 92.91332965545237 93.37573314305375 93.79811106299918 94.1835951759797 94.53513105688582 94.85547819647397 95.14721265370444 95.41273169848115 95.65425996277307 95.8738566912248 96.07342374913698 96.25471410551005 96.41934056156039 96.56878454091712 96.7044047969927 96.82744592631735 96.9356102996638 97.03952971011766 97.12870983733956 97.21455354043725 97.28781956784148 97.35799645408639 97.41818069421042 97.47581208819456 97.52522531486972 97.57253227447336 97.61308529960714 97.65190279403683 97.68696513369119 97.7170146520184 97.74590529610686 97.77053608831841 97.79410522056654 97.81439940481441 97.8338021147945 97.85034096421353 97.86631092140497 97.87992006716338 97.89226822941059 97.90407208847844 97.91418161090486 97.92388960488357 97.93220188030669 97.9397028003648 97.94690542356064 97.9530722323284 97.95896193122108 97.9640045027314 97.968554583207 97.97292345775323 97.97666384034096 97.9802359731433 97.98327932923364 97.98604012820395 97.98869088404913 97.99094921369728 97.99310756159969 97.99494673431931 97.99671397724858 97.99822726044171 97.99966685829038 98.00089985005259 98.00207914373995 98.00308918430926 98.00405523226001 98.00487856646338 98.00567031846171 98.00638494749943 98.00699400187708 98.007576977285 98.00807885313901 98.0085566406368 98.00899010934565 98.00935953823509 98.00971479300618 98.01001756268454 98.01030871541336 98.0105715049899 98.01079546982581 98.01101183845114 97.8469880604323 97.71374637880784 97.74468590265845 97.99114266532338 98.31968276350963 98.56611460025891 98.66884728649792 98.66894516103191 98.71008119553193 98.89489241515012 99.14127897073546 99.28502458225945 99.25429542729118 99.0593478953149 98.85413480753131 98.81312412506931 98.88500570331675 98.88503985145147 98.6490209380874 98.14615610917492 97.56118499095395 97.17120893823387 97.16096721474749 97.42782673726951 97.67415930786812 97.56128000636897 96.97629612767373 96.12446861121663 95.35474541032224 94.97501991954336 95.0468707031056 95.31372065638054 95.3445177409625 94.79031503257075 93.65111320544845 92.31691107704488 91.28033897874303 90.8698179333649 91.15718981058298 91.73192898514759 91.91666880748771 91.22904151427001 89.69983633883206 87.84221050930502 86.30274157891013 85.67669195462454 86.12827182316714 87.24695558155246 87.69853519069135 86.23090731529831 83.05959798456875 79.15960541417533
71.52213347988318 73.3978575386498 75.18190267535343 76.8725689395434 78.46921224512295 79.97214409136032 81.3825209395659 82.70222842391222 83.93376490890883 85.08012812821657 86.14470782447316 87.1311865173005 88.04344979994077 88.88550693152084 89.66142196554709 90.37525523868449 91.03101473195468 91.63261659871306 92.18385401673052 92.68837345095362 93.14965739484794 93.57101267860018 93.95556348046945 94.30624824369625 94.62581977792281 94.91684790510934 95.18172409103299 95.4226675815167 95.64173263548497 95.84081651355571 96.02166794054551 96.1858958128528 96.3349779673723 96.47026986778381 96.59301309727478 96.70091558950061 96.80458339648449 96.89354760610864 96.97918346955943 97.05227210963395 97.1222790877932 97.18231761342955 97.23980947372462 97.28910306404656 97.33629548686503 97.37675032743638 97.41547383926695 97.45045128807864 97.48042805230679 97.50924874809327 97.5338199057018 97.55733197377461 97.57757702295565 97.59693275625317 97.61343156279776 97.62936285448266 97.64293905059017 97.65525731620444 97.6670325964737 97.67711764232823 97.68680213189171 97.69509428213004 97.70257704140849 97.70976222604322 97.71591410410191 97.72178954320741 97.72681990594475 97.73135897003725 97.73571726692536 97.73944859352217 97.74301207768991 97.74604806538825 97.74880218007699 97.75144651807044 97.77442747569818 97.72475967382108 97.66440698615068 97.6143449802766 97.51220418264315 97.2856073034107 97.00697360336838 96.75937553623115 96.594527459589 96.43999811260937 96.1816702796543 95.7885543186123 95.36425988377248 95.06424591850268 94.89895848558831 94.72322483003379 94.41270930056989 93.99848862737382 93.36651724245353 92.1747619187905 90.27805683650723 87.52094363839348 84.04852702642793 80.25470932011063 76.18098176413845 71.89988822641821 67.64987299203493 63.60714990669441 59.802834272892504 56.226552662127425 53.064910023920284 50.48376246313609 48.73191021618903 47.819717670074674 47.37400349618148 47.16671217160726 46.87648503662081 46.088672850787724 44.43008405435326 41.92145321192002 38.7597378104452 35.26629612473207 31.66918632175076 28.072073604773326 24.464590966625845 20.763808875791423 17.042291388476773 13.538465604930101 10.635886929828816 8.676646165733072 7.62964464102433 7.266822939689406 7.256457486929103 7.401587528796113 7.536351147226101 7.619282819387913 7.650382615715669 7.619284113455168 7.5363536502196835 7.380858530811958 7.163165097327333 6.914372451933333 6.717411644944545 6.665580059790585 6.7899768332393045 7.080235641798669 7.411959955730285 7.691852365770861 7.857714622510926 7.919913073575719 7.888814113071634 7.764417724283607 7.5156247610033935 7.1528016138419614 6.655215507982958 6.09543110778862 5.546013061465222
71.47502243901691 73.34951097377878 75.13238097462929 76.82193361086121 78.41752522063193 79.91946709802774 81.32891494260744 82.64775314649188 83.87847842853844 85.02408654782548 86.08796501419509 87.07379392162383 87.9854563039456 88.8269587794212 89.60236272459848 90.31572580163201 90.97105335151933 91.57225894807783 92.1231332705434 92.62732038196619 93.08830048192192 93.50937822241552 93.89367572383553 94.24412949389409 94.56349052898037 94.85432695833398 95.11902867249327 95.3598134554822 95.5787342131018 95.77768695626004 95.95841925790286 96.12253895466186 96.27152290999275 96.4067256947426 96.52938807427819 96.63721949202018 96.74081901387254 96.82972462350378 96.9153040793159 96.98834457650453 97.05830544164326 97.11830442039675 97.17575841127646 97.22501953231604 97.27218086987386 97.31260906317459 97.35130706814651 97.38626147760046 97.41621849638065 97.44502020821194 97.46957518100112 97.49307176186812 97.51330347580183 97.53264645963708 97.54913439855356 97.5650551964277 97.57862245000653 97.59093260168059 97.60270012566963 97.61277852858741 97.6224566390573 97.6307433273245 97.63822115777099 97.64540160958371 97.65154943545093 97.65742100445303 97.66244805373184 97.66698412798016 97.67133955409396 97.67506842289666 97.67862955982669 97.68166354774492 97.68441584832097 97.68705844451074 97.60460198825723 97.42674371397585 97.06854927502886 96.74203764327662 96.53174623727351 96.37432297341574 96.20610264374555 95.88956988182453 95.07514423771555 93.48759710523764 90.9256062659286 87.3680773141788 83.2915077060363 79.13007160321993 74.91561244383621 70.5527800145377 66.11575395822314 61.71042803349506 57.50624459927557 53.88449964626981 50.99344876111544 49.002572862087455 47.922463092941925 47.38245078825165 47.00129209201969 46.76838539693039 46.68374448102191 46.71558852167189 46.641522659432404 46.10145419412269 44.894165223242396 42.9984666178511 40.541451597586395 37.76670302816625 34.82249445633042 31.80414472370608 28.701061119878098 25.55560974345372 22.473697406097035 19.68832425445119 17.517214663297654 16.08746058330502 15.367289906137295 15.144887538403205 15.144891797335637 15.219031743558272 15.282580279898601 15.29317448625652 15.229632312174955 15.113135764666639 14.943684553840432 14.753051494870595 14.647144857661747 14.689510026215897 14.99664633101294 15.547372080961233 16.24636982338104 16.95595839863186 17.591410896045517 18.068000579554337 18.385727361557578 18.544591161671963 18.52341034964197 18.322184861218805 17.962096356201904 17.474917490059735 16.9453750910616 16.479377738628845 16.161652380975806 15.981608128575436 15.88629073786605 15.822745889534454 15.716837550224717 15.526202308651655 15.229658412727098 14.806024163188896 14.287072121363835
71.47502243901691 73.34951097377878 75.13238097462929 76.82193361086121 78.41752522063193 79.91946709802774 81.32891494260744 82.64775314649188 83.87847842853844 85.02408654782548 86.08796501419509 87.07379392162383 87.9854563039456 88.8269587794212 89.60236272459848 90.31572580163201 90.97105335151933 91.57225894807783 92.1231332705434 92.62732038196619 93.08830048192192 93.50937822241552 93.89367572383553 94.24412949389409 94.56349052898037 94.85432695833398 95.11902867249327 95.3598134554822 95.5787342131018 95.77768695626004 95.95841925790286 96.12253895466186 96.27152290999275 96.4067256947426 96.52938807427819 96.63721949202018 96.74081901387254 96.82972462350378 96.9153040793159 96.98834457650453 97.05830544164326 97.11830442039675 97.17575841127646 97.22501953231604 97.27218086987386 97.31260906317459 97.35130706814651 97.38626147760046 97.41621849638065 97.44502020821194 97.46957518100112 97.49307176186812 97.51330347580183 97.53264645963708 97.54913439855356 97.5650551964277 97.57862245000653 97.59093260168059 97.60270012566963 97.61277852858741 97.6224566390573 97.6307433273245 97.63822115777099 97.64540160958371 97.65154943545093 97.65742100445303 97.66244805373184 97.66698412798016 97.67133955409396 97.67506842289666 97.67862955982669 97.68166354774492 97.68441584832097 97.68705844451074 97.60460198825723 97.42674371397585 97.06854927502886 96.74203764327662 96.53174623727351 96.37432297341574 96.20610264374555 95.88956988182453 95.07514423771555 93.48759710523764 90.9256062659286 87.3680773141788 83.2915077060363 79.13007160321993 74.91561244383621 70.5527800145377 66.11575395822314 61.71042803349506 57.50624459927557 53.88449964626981 50.99344876111544 49.002572862087455 47.922463092941925 47.38245078825165 47.00129209201969 46.76838539693039 46.68374448102191 46.71558852167189 46.641522659432404 46.10145419412269 44.894165223242396 42.9984666178511 40.541451597586395 37.76670302816625 34.82249445633042 31.80414472370608 28.701061119878098 25.55560974345372 22.473697406097035 19.68832425445119 17.517214663297654 16.08746058330502 15.367289906137295 15.144887538403205 15.144891797335637 15.219031743558272 15.282580279898601 15.29317448625652 15.229632312174955 15.113135764666639 14.943684553840432 14.753051494870595 14.647144857661747 14.689510026215897 14.99664633101294 15.547372080961233 16.24636982338104 16.95595839863186 17.591410896045517 18.068000579554337 18.385727361557578 18.544591161671963 18.52341034964197 18.322184861218805 17.962096356201904 17.474917490059735 16.9453750910616 16.479377738628845 16.161652380975806 15.981608128575436 15.88629073786605 15.822745889534454 15.716837550224717 15.526202308651655 15.229658412727098 14.806024163188896 14.287072121363835
71.47502243901691 73.34951097377878 75.13238097462929 76.82193361086121 78.41752522063193 79.91946709802774 81.32891494260744 82.64775314649188 83.87847842853844 85.02408654782548 86.08796501419509 87.07379392162383 87.9854563039456 88.8269587794212 89.60236272459848 90.31572580163201 90.97105335151933 91.57225894807783 92.1231332705434 92.62732038196619 93.08830048192192 93.50937822241552 93.89367572383553 94.24412949389409 94.56349052898037 94.85432695833398 95.11902867249327 95.3598134554822 95.5787342131018 95.77768695626004 95.95841925790286 96.12253895466186 96.27152290999275 96.4067256947426 96.52938807427819 96.63721949202018 96.74081901387254 96.82972462350378 96.9153040793159 96.98834457650453 97.05830544164326 97.11830442039675 97.17575841127646 97.22501953231604 97.27218086987386 97.31260906317459 97.35130706814651 97.38626147760046 97.41621849638065 97.44502020821194 97.46957518100112 97.49307176186812 97.51330347580183 97.53264645963708 97.54913439855356 97.5650551964277 97.57862245000653 97.59093260168059 97.60270012566963 97.61277852858741 97.6224566390573 97.6307433273245 97.63822115777099 97.64540160958371 97.65154943545093 97.65742100445303 97.66244805373184 97.66698412798016 97.67133955409396 97.67506842289666 97.67862955982669 97.68166354774492 97.68441584832097 97.68705844451074 97.60460198825723 97.42674371397585 97.06854927502886 96.74203764327662 96.53174623727351 96.37432297341574 96.20610264374555 95.88956988182453 95.07514423771555 93.48759710523764 90.9256062659286 87.3680773141788 83.2915077060363 79.13007160321993 74.91561244383621 70.5527800145377 66.11575395822314 61.71042803349506 57.50624459927557 53.88449964626981 50.99344876111544 49.002572862087455 47.922463092941925 47.38245078825165 47.00129209201969 46.76838539693039 46.68374448102191 46.71558852167189 46.641522659432404 46.10145419412269 44.894165223242396 42.9984666178511 40.541451597586395 37.76670302816625 34.82249445633042 31.80414472370608 28.701061119878098 25.55560974345372 22.473697406097035 19.68832425445119 17.517214663297654 16.08746058330502 15.367289906137295 15.144887538403205 15.144891797335637 15.219031743558272 15.282580279898601 15.29317448625652 15.229632312174955 15.113135764666639 14.943684553840432 14.753051494870595 14.647144857661747 14.689510026215897 14.99664633101294 15.547372080961233 16.24636982338104 16.95595839863186 17.591410896045517 18.068000579554337 18.385727361557578 18.544591161671963 18.52341034964197 18.322184861218805 17.962096356201904 17.474917490059735 16.9453750910616 16.479377738628845 16.161652380975806 15.981608128575436 15.88629073786605 15.822745889534454 15.716837550224717 15.526202308651655 15.229658412727098 14.806024163188896 14.287072121363835
71.47502243901691 73.34951097377878 75.13238097462929 76.82193361086121 78.41752522063193 79.91946709802774 81.32891494260744 82.64775314649188 83.87847842853844 85.02408654782548 86.08796501419509 87.07379392162383 87.9854563039456 88.8269587794212 89.60236272459848 90.31572580163201 90.97105335151933 91.57225894807783 92.1231332705434 92.62732038196619 93.08830048192192 93.50937822241552 93.89367572383553 94.24412949389409 94.56349052898037 94.85432695833398 95.11902867249327 95.3598134554822 95.5787342131018 95.77768695626004 95.95841925790286 96.12253895466186 96.27152290999275 96.4067256947426 96.52938807427819 96.63721949202018 96.74081901387254 96.82972462350378 96.9153040793159 96.98834457650453 97.05830544164326 97.11830442039675 97.17575841127646 97.22501953231604 97.27218086987386 97.31260906317459 97.35130706814651 97.38626147760046 97.41621849638065 97.44502020821194 97.46957518100112 97.49307176186812 97.51330347580183 97.53264645963708 97.54913439855356 97.5650551964277 97.57862245000653 97.59093260168059 97.60270012566963 97.61277852858741 97.6224566390573 97.6307433273245 97.63822115777099 97.64540160958371 97.65154943545093 97.65742100445303 97.66244805373184 97.66698412798016 97.67133955409396 97.67506842289666 97.67862955982669 97.68166354774492 97.68441584832097 97.68705844451074 97.60460198825723 97.42674371397585 97.06854927502886 96.74203764327662 96.53174623727351 96.37432297341574 96.20610264374555 95.88956988182453 95.07514423771555 93.48759710523764 90.9256062659286 87.3680773141788 83.2915077060363 79.13007160321993 74.91561244383621 70.5527800145377 66.11575395822314 61.71042803349506 57.50624459927557 53.88449964626981 50.99344876111544 49.002572862087455 47.922463092941925 47.38245078825165 47.00129209201969 46.76838539693039 46.68374448102191 46.71558852167189 46.641522659432404 46.10145419412269 44.894165223242396 42.9984666178511 40.541451597586395 37.76670302816625 34.82249445633042 31.80414472370608 28.701061119878098 25.55560974345372 22.473697406097035 19.68832425445119 17.517214663297654 16.08746058330502 15.367289906137295 15.144887538403205 15.144891797335637 15.219031743558272 15.282580279898601 15.29317448625652 15.229632312174955 15.113135764666639 14.943684553840432 14.753051494870595 14.647144857661747 14.689510026215897 14.99664633101294 15.547372080961233 16.24636982338104 16.95595839863186 17.591410896045517 18.068000579554337 18.385727361557578 18.544591161671963 18.52341034964197 18.322184861218805 17.962096356201904 17.474917490059735 16.9453750910616 16.479377738628845 16.161652380975806 15.981608128575436 15.88629073786605 15.822745889534454 15.716837550224717 15.526202308651655 15.229658412727098 14.806024163188896 14.287072121363835
71.47502243901691 73.34951097377878 75.13238097462929 76.82193361086121 78.41752522063193 79.91946709802774 81.32891494260744 82.64775314649188 83.87847842853844 85.02408654782548 86.08796501419509 87.07379392162383 87.9854563039456 88.8269587794212 89.60236272459848 90.31572580163201 90.97105335151933 91.57225894807783 92.1231332705434 92.62732038196619 93.08830048192192 93.50937822241552 93.89367572383553 94.24412949389409 94.56349052898037 94.85432695833398 95.11902867249327 95.3598134554822 95.5787342131018 95.77768695626004 95.95841925790286 96.12253895466186 96.27152290999275 96.4067256947426 96.52938807427819 96.63721949202018 96.74081901387254 96.82972462350378 96.9153040793159 96.98834457650453 97.05830544164326 97.11830442039675 97.17575841127646 97.22501953231604 97.27218086987386 97.31260906317459 97.35130706814651 97.38626147760046 97.41621849638065 97.44502020821194 97.46957518100112 97.49307176186812 97.51330347580183 97.53264645963708 97.54913439855356 97.5650551964277 97.57862245000653 97.59093260168059 97.60270012566963 97.61277852858741 97.6224566390573 97.6307433273245 97.63822115777099 97.64540160958371 97.65154943545093 97.65742100445303 97.66244805373184 97.66698412798016 97.67133955409396 97.67506842289666 97.67862955982669 97.68166354774492 97.68441584832097 97.68705844451074 97.60460198825723 97.42674371397585 97.06854927502886 96.74203764327662 96.53174623727351 96.37432297341574 96.20610264374555 95.88956988182453 95.07514423771555 93.48759710523764 90.9256062659286 87.3680773141788 83.2915077060363 79.13007160321993 74.91561244383621 70.5527800145377 66.11575395822314 61.71042803349506 57.50624459927557 53.88449964626981 50.99344876111544 49.002572862087455 47.922463092941925 47.38245078825165 47.00129209201969 46.76838539693039 46.68374448102191 46.71558852167189 46.641522659432404 46.10145419412269 44.894165223242396 42.9984666178511 40.541451597586395 37.76670302816625 34.82249445633042 31.80414472370608 28.701061119878098 25.55560974345372 22.473697406097035 19.68832425445119 17.517214663297654 16.08746058330502 15.367289906137295 15.144887538403205 15.144891797335637 15.219031743558272 15.282580279898601 15.29317448625652 15.229632312174955 15.113135764666639 14.943684553840432 14.753051494870595 14.647144857661747 14.689510026215897 14.99664633101294 15.547372080961233 16.24636982338104 16.95595839863186 17.591410896045517 18.068000579554337 18.385727361557578 18.544591161671963 18.52341034964197 18.322184861218805 17.962096356201904 17.474917490059735 16.9453750910616 16.479377738628845 16.161652380975806 15.981608128575436 15.88629073786605 15.822745889534454 15.716837550224717 15.526202308651655 15.229658412727098 14.806024163188896 14.287072121363835
71.47502243901691 73.34951097377878 75.13238097462929 76.82193361086121 78.41752522063193 79.91946709802774 81.32891494260744 82.64775314649188 83.87847842853844 85.02408654782548 86.08796501419509 87.07379392162383 87.9854563039456 88.8269587794212 89.60236272459848 90.31572580163201 90.97105335151933 91.57225894807783 92.1231332705434 92.62732038196619 93.08830048192192 93.50937822241552 93.89367572383553 94.24412949389409 94.56349052898037 94.85432695833398 95.11902867249327 95.3598134554822 95.5787342131018 95.77768695626004 95.95841925790286 96.12253895466186 96.27152290999275 96.4067256947426 96.52938807427819 96.63721949202018 96.74081901387254 96.82972462350378 96.9153040793159 96.98834457650453 97.05830544164326 97.11830442039675 97.17575841127646 97.22501953231604 97.27218086987386 97.31260906317459 97.35130706814651 97.38626147760046 97.41621849638065 97.44502020821194 97.46957518100112 97.49307176186812 97.51330347580183 97.53264645963708 97.54913439855356 97.5650551964277 97.57862245000653 97.59093260168059 97.60270012566963 97.61277852858741 97.6224566390573 97.6307433273245 97.63822115777099 97.64540160958371 97.65154943545093 97.65742100445303 97.66244805373184 97.66698412798016 97.67133955409396 97.67506842289666 97.67862955982669 97.68166354774492 97.68441584832097 97.68705844451074 97.60460198825723 97.42674371397585 97.06854927502886 96.74203764327662 96.53174623727351 96.37432297341574 96.20610264374555 95.88956988182453 95.07514423771555 93.48759710523764 90.9256062659286 87.3680773141788 83.2915077060363 79.13007160321993 74.91561244383621 70.5527800145377 66.11575395822314 61.71042803349506 57.50624459927557 53.88449964626981 50.99344876111544 49.002572862087455 47.922463092941925 47.38245078825165 47.00129209201969 46.76838539693039 46.68374448102191 46.71558852167189 46.641522659432404 46.10145419412269 44.894165223242396 42.9984666178511 40.541451597586395 37.76670302816625 34.82249445633042 31.80414472370608 28.701061119878098 25.55560974345372 22.473697406097035 19.68832425445119 17.517214663297654 16.08746058330502 15.367289906137295 15.144887538403205 15.144891797335637 15.219031743558272 15.282580279898601 15.29317448625652 15.229632312174955 15.113135764666639 14.943684553840432 14.753051494870595 14.647144857661747 14.689510026215897 14.99664633101294 15.547372080961233 16.24636982338104 16.95595839863186 17.591410896045517 18.068000579554337 18.385727361557578 18.544591161671963 18.52341034964197 18.322184861218805 17.962096356201904 17.474917490059735 16.9453750910616 16.479377738628845 16.161652380975806 15.981608128575436 15.88629073786605 15.822745889534454 15.716837550224717 15.526202308651655 15.229658412727098 14.806024163188896 14.287072121363835