4 151 9
300.0440999999999 302.0443999999999 304.0446999999999 306.0449999999999 308.0452999999999 310.0455999999999 312.0458999999999 314.0461999999999 316.04649999999987 318.0467999999999 320.0470999999999 322.04739999999987 324.0476999999999 326.0479999999999 328.04829999999987 330.0485999999999 332.0488999999999 334.04919999999987 336.0494999999999 338.0497999999999 340.0500999999999 342.05039999999985 344.0506999999999 346.0509999999999 348.05129999999986 350.0515999999999 352.0518999999999 354.05219999999986 356.0524999999999 358.0527999999999 360.05309999999986 362.0533999999999 364.0536999999999 366.05399999999986 368.0542999999999 370.0545999999999 372.05489999999986 374.0551999999999 376.0554999999999 378.05579999999986 380.05609999999984 382.0563999999999 384.05669999999986 386.05699999999985 388.0572999999999 390.05759999999987 392.05789999999985 394.0581999999999 396.05849999999987 398.05879999999985 399.99 402.04 403.99 406.05 407.99 410.06 412.01 413.96 416.02 417.97 420.04 422.0 423.95 426.02 427.98 430.05 432.01 433.96 436.03 437.99 440.06 442.01 443.96 446.03 447.98 450.04 451.98 454.04 455.99 458.04 459.98 462.03 463.97 466.02 467.95 470.0 472.05 473.98 476.02 477.96 480.0 482.05 483.98 486.03 487.96 490.01 492.06 493.99 496.05 497.98 500.04 501.98 504.04 505.98 508.04 509.99 512.05 514.0 515.95 518.01 519.96 522.03 523.98 526.04 527.99 530.05 532.0 534.06 536.0 538.06 540.0 542.05 543.99 546.04 547.98 550.03 551.96 554.0 556.04 557.97 560.01 562.05 563.98 566.01 568.05 569.98 572.01 574.05 575.97 578.01 580.05 581.98 584.02 585.95 588.0 590.04 591.97 594.02 595.96 598.01 599.95
0.0 13.54 26.89 39.77 50.0 60.0 70.0 80.0 90.0
72.54240003921149 74.14314054766884 75.67585081505625 77.23987012581152 78.87722836298529 80.5228541519334 82.08020110229904 83.47224633778536 84.69755423217809 85.82744409348464 86.97401953628014 88.19042516061393 89.44788573329977 90.65004705751309 91.66819672030478 92.39800679327686 92.86693414011819 93.17157828512546 93.43084060735349 93.69792531056959 93.88930144124932 93.83069496814196 93.35466900679367 92.3809686129477 91.02825678824608 89.50726927439537 88.07147102721652 86.87615258951527 85.87587544994946 84.76148803996881 83.05903188656953 80.5649350587749 77.35904100072204 73.74581768881171 69.90940714741066 65.6270768190718 60.58321103686492 54.68573278984546 48.02643863386364 40.87151657558009 33.66205037761562 26.901682449557416 20.920765638432428 15.824379493844322 11.471159910951561 7.729401515570089 4.744174500515421 2.722177420536062 1.5310673204943817 0.9045136179999794 0.5757439290531585 0.4010611808514091 0.2982868681332775 0.24690706515786234 0.20579067075935709 0.18524183169645675 0.16468230324806374 0.16470307894749583 0.17501812253929339 0.20592493507948986 0.3192152957894407 0.4222238093026423 0.44285400959773213 0.4531862655566751 0.4429144621658106 0.4429410936206279 0.4326624086977069 0.4223805399428435 0.40179452825718687 0.3812042336061702 0.3297021681622558 0.20607025563394782 0.09273422786216962 0.06182449102932008 0.04121727725896829 0.030913638832802876 0.03091421903198852 0.030914776539664356 0.030915253931301876 0.030915708077609367 0.030916097046415125 0.030916469075224454 0.02061119180678595 0.02061139497792855 0.020611568134706847 0.020611734649379362 0.020611884944194452 0.020612013035428138 0.02061213564195056 0.020612241192291637 0.02061234167657067 0.02061243284009189 0.030918765802939122 0.030918877874267 0.03091897338825486 0.030919065237472912 0.04122553085205167 0.04122562505688193 0.05153214508321122 0.06183868985129389 0.07214526862282171 0.092758345442809 0.13398447512094325 0.1442911552383133 0.15459785372597118 0.16490454846951125 0.1855178010523457 0.20613106514057258 0.20613122395849454 0.20613137573854828 0.2061315057030403 0.2061316304805198 0.206131736780344 0.20613183836953994 0.20613192535713776 0.20613200848990465 0.20613207967383737 0.2061321477032639 0.20613220567021062 0.20613226136805898 0.2061323088274309 0.20613235421880086 0.20613239309471465 0.20613243027664038 0.2061324621214874 0.20613249257871763 0.2061325185360507 0.2061325433816262 0.20613256581792025 0.20613258503798612 0.20613260343485176 0.2061326200477679 0.2061326342792325 0.20613264783771687 0.20613266014487283 0.2061326706878051 0.20613268073218072 0.2061326898495489 0.20613269762139053 0.20613270510100568 0.2061327118553197 0.20613271764140634 0.20613272317967274 0.20613272792403153 0.2061327324863269 0.2061327365850753 0.20613274009627022 0.20613274347272398 0.20613274636452208 0.2061327491303113 0.20613275149909957
71.89210531097396 73.87038276234064 75.80064890829605 77.5862678455629 79.18119034223909 80.66403638175952 82.11235319973441 83.60954549777703 85.15543309314984 86.65033797105247 87.97067932608394 89.02399450861388 89.7982903760007 90.38539385691944 90.89084069322304 91.37627954213244 91.780198982978 91.903759805523 91.60144826743488 90.78367610396346 89.59557935422235 88.24503244508166 86.99322431915671 85.95591002233338 85.05013883494397 83.90086103973073 82.12819811513764 79.49935018553327 76.23365050994822 72.52270638440619 68.5093172144653 64.04327891568444 58.81087093117543 52.76105905899906 46.01591884984641 38.88183147807606 31.799231560679342 25.230540803413618 19.496291099333696 14.569608956336202 10.402468316981762 6.925726756447673 4.223434106301767 2.4102526148852332 1.3750049633389578 0.8109833166498219 0.5237485003708254 0.3595609629093778 0.26718698757236836 0.22614607552445026 0.18507501036108076 0.17483520197070387 0.16458492582133383 0.17490617163195596 0.20580675247179708 0.2778844613997754 0.38085758642261863 0.4426741151682531 0.45302348106134777 0.4530702600251211 0.45311518102924825 0.44285469729078036 0.43258888158000924 0.4223202020407689 0.39144336785165645 0.3502598618895838 0.26785956446669207 0.1545415416883919 0.08242583115528422 0.05151811124085947 0.041215991632421276 0.04121727183896404 0.030913824889581363 0.030914661182199328 0.030915373667439003 0.030916054609224367 0.03091663485375024 0.03091719240499306 0.030917669833936814 0.03091812401573401 0.030918513014936113 0.030918885072818 0.020612802488448337 0.03091950851320191 0.030919768268666614 0.030920018060194066 0.0309202435200341 0.030920435671899348 0.030920619596054792 0.030920777933938912 0.030920928672136125 0.04122808723747206 0.04122824264001692 0.05153549010016415 0.06184277916310077 0.09276444431383825 0.12368625738396137 0.185529810030806 0.29890979825475855 0.4535191635036571 0.6390508860110578 0.8348903472066779 0.9895011357657171 1.0822682325840178 1.1956501634266041 1.3193394807687615 1.4636436883373298 1.6388700289550313 1.638871291656178 1.6388724984019005 1.638873531700354 1.6388745237588351 1.6388753689084774 1.6388761766056985 1.6388768682111432 1.6388775291682869 1.638878095124776 1.6388786360009808 1.6388790968742197 1.6388795397067173 1.6388799170382085 1.6388802779277996 1.6388805870154664 1.6388808826348755 1.6388811358211932 1.6388813779750955 1.6388815843520197 1.6388817818897805 1.6388819602722569 1.6388821130837214 1.6388822593502324 1.6388823914332364 1.6388825045822217 1.6388826123805957 1.6388827102301315 1.638882794052993 1.6388828739120194 1.6388829464007608 1.6388830081917298 1.6388830676593171 1.63888312136031 1.6388831673632933 1.638883211395952 1.6388832491165517 1.6388832853896345 1.6388833179772306 1.6388833458934116 1.6388833727383165 1.638883395729908 1.6388834177196505 1.638883436552989
72.87867010502755 74.6427460497923 76.211003299256 77.53526874133733 78.58236189999779 79.3613886384388 79.91901797075035 80.30697773383486 80.44839520718247 80.17291654045968 79.34813123067892 77.92036438424704 75.99422648849568 73.54935656157544 70.6133986223685 67.19700088107139 63.36960376929088 59.13534690938595 54.401307015918846 49.101932267363395 43.44598404407213 37.70562592152566 32.14727737597124 26.861179439847234 21.987323308522203 17.60587985007327 13.746189591176337 10.32566625225112 7.310190023151022 4.775679449095205 2.9093355064889135 1.7262471731105633 1.0576939169339106 0.6925403324100342 0.49967136126912387 0.3879468615784157 0.3372529346632977 0.3068834601793838 0.307146226218542 0.32787666269423776 0.3896268808186151 0.5027329592478196 0.615945630115454 0.677893168491818 0.6987647711384998 0.7093434141023698 0.6993332065741978 0.6790019903570521 0.6483434479683896 0.6073527575920077 0.5663182901598673 0.4737622048360743 0.3502447319773204 0.22667389890729672 0.14427141160381485 0.11337460973968413 0.09277394354733794 0.08247613116338563 0.07217531662527488 0.07218276941009265 0.061877079588305135 0.06188233202803146 0.061887071780805714 0.0618916230429189 0.061895519784750413 0.05158270118646335 0.05158535647653891 0.06190530292001388 0.06190806356605336 0.0722288315870461 0.08255024569052319 0.09287191099906676 0.11351331172985293 0.1444753959541326 0.20639817950774175 0.2992839521670879 0.44377418887991543 0.6398719976419507 0.8669367388329985 1.0836868427101334 1.2694777018806098 1.434630276107972 1.5688204993039419 1.6823701452533784 1.7855980383222152 1.8785055975790466 1.961091571806891 1.9920685550772812 1.9920804045069096 1.9817688925428887 2.0230656068286765 2.13661445282982 2.384346855023047 2.786909023135013 3.385588827507436 4.190710814823049 5.233241576180187 6.451249426414502 7.772482467438073 9.135006453328426 10.445924574238862 11.694911837048938 12.892291712942958 13.718076302497765 14.574828607100594 15.379969663686007 16.071568134358785 16.567044807423972 16.567057571844646 16.567069770621913 16.567080216051675 16.567090244593917 16.567098788060903 16.567106952928047 16.56711394424413 16.567120625742007 16.567126346895208 16.56713181451629 16.56713647340166 16.567140949916393 16.567144764293133 16.56714841246164 16.567151536973732 16.567154525337614 16.56715708475294 16.567159532643547 16.56716161887106 16.567163615745052 16.56716541898169 16.567166963725526 16.567168442307597 16.56716977751113 16.567170921314037 16.567172011028575 16.56717300017208 16.567173847522437 16.56717465480309 16.567175387578846 16.56717601221273 16.567176613359965 16.56717715621372 16.567177621249673 16.567178066367966 16.56717844767878 16.567178814356907 16.567179143779104 16.567179425978797 16.567179697349154 16.56717992976705 16.567180152057436 16.567180342440295
23.532608691933063 21.04502285448954 18.33628818239456 15.43956534681449 12.46606126637426 9.577614922747657 7.058425972732512 5.093277878815177 3.756110112040029 2.9552760629135286 2.505783644175965 2.3580861392297052 2.448442330285011 2.7275691024358677 3.1239616630743807 3.495493369451494 3.773039101485343 3.915135358368043 3.9583320980418746 3.9404922477530944 3.8608522675003454 3.718797088505597 3.4838068296822025 3.1149744042293364 2.6314945996396273 2.083352933308865 1.5922290393489507 1.2302383026771702 1.0292506020607564 0.9190631117033415 0.9003352178939172 0.9326208214645832 1.0264465117768509 1.202629010560526 1.4717500925436444 1.8752954075347539 2.423925768713479 3.107623371639149 3.885272013119808 4.674214284490521 5.4329320630588365 6.088751652756858 6.641387392626794 7.08023514179056 7.4258259696366515 7.657261307035404 7.774396948553773 7.78749948640825 7.727645096439318 7.677911294774649 7.74219003776676 8.045502906303588 8.670984327178461 9.702198004327254 11.159933924386133 12.992574453036992 15.137569750947783 17.470230925189572 19.897027561482247 22.292800155171964 24.553655290067027 26.627207170070125 28.47184891559412 30.098050663054888 31.463865714100653 32.600690582000055 33.60199423410124 34.519920850559636 35.510763037315456 36.67849919731142 38.096207202778714 39.8366644847646 41.86873293203971 44.140420480688505 46.547448190032 48.96495270959319 51.25740366937542 53.32074400932394 55.10277232574398 56.572316198254136 57.72928024282114 58.62582080385482 59.2722740520433 59.720790287613724 60.00255397503212 60.19054821364893 60.36808069881643 60.63930656025189 61.07719793041458 61.827567110191886 63.025881135007225 64.76589024732992 67.0475857836227 69.67307008843034 72.37145830228974 74.91358897983882 77.24735804123047 79.43525974631703 81.55024078979964 83.63394973449985 85.54055843181833 87.02002016312134 87.8223220488514 88.14538603475967 88.07256787929248 87.82263045269941 87.63519575145995 87.6769417368535 87.67700928935793 87.67707384833608 87.67712912816101 87.67718220171298 87.67722741587556 87.67727062639314 87.6773076261852 87.67734298634187 87.6773732641145 87.6774022001318 87.67742685611758 87.67745054695236 87.6774707335874 87.67749004060693 87.67750657630583 87.67752239147438 87.67753593653995 87.67754889138885 87.67755993222629 87.67757050018253 87.67758004336149 87.67758821853195 87.67759604355783 87.6776031097886 87.67760916307948 87.67761493012115 87.67762016491581 87.67762464930567 87.67762892163665 87.6776327996691 87.67763610538773 87.67763928680914 87.67764215972689 87.67764462081338 87.67764697649064 87.67764899448278 87.67765093503505 87.67765267841965 87.67765417189096 87.67765560805071 87.67765683806432 87.67765801448058 87.67765902203426
23.532608691933063 21.04502285448954 18.33628818239456 15.43956534681449 12.46606126637426 9.577614922747657 7.058425972732512 5.093277878815177 3.756110112040029 2.9552760629135286 2.505783644175965 2.3580861392297052 2.448442330285011 2.7275691024358677 3.1239616630743807 3.495493369451494 3.773039101485343 3.915135358368043 3.9583320980418746 3.9404922477530944 3.8608522675003454 3.718797088505597 3.4838068296822025 3.1149744042293364 2.6314945996396273 2.083352933308865 1.5922290393489507 1.2302383026771702 1.0292506020607564 0.9190631117033415 0.9003352178939172 0.9326208214645832 1.0264465117768509 1.202629010560526 1.4717500925436444 1.8752954075347539 2.423925768713479 3.107623371639149 3.885272013119808 4.674214284490521 5.4329320630588365 6.088751652756858 6.641387392626794 7.08023514179056 7.4258259696366515 7.657261307035404 7.774396948553773 7.78749948640825 7.727645096439318 7.677911294774649 7.74219003776676 8.045502906303588 8.670984327178461 9.702198004327254 11.159933924386133 12.992574453036992 15.137569750947783 17.470230925189572 19.897027561482247 22.292800155171964 24.553655290067027 26.627207170070125 28.47184891559412 30.098050663054888 31.463865714100653 32.600690582000055 33.60199423410124 34.519920850559636 35.510763037315456 36.67849919731142 38.096207202778714 39.8366644847646 41.86873293203971 44.140420480688505 46.547448190032 48.96495270959319 51.25740366937542 53.32074400932394 55.10277232574398 56.572316198254136 57.72928024282114 58.62582080385482 59.2722740520433 59.720790287613724 60.00255397503212 60.19054821364893 60.36808069881643 60.63930656025189 61.07719793041458 61.827567110191886 63.025881135007225 64.76589024732992 67.0475857836227 69.67307008843034 72.37145830228974 74.91358897983882 77.24735804123047 79.43525974631703 81.55024078979964 83.63394973449985 85.54055843181833 87.02002016312134 87.8223220488514 88.14538603475967 88.07256787929248 87.82263045269941 87.63519575145995 87.6769417368535 87.67700928935793 87.67707384833608 87.67712912816101 87.67718220171298 87.67722741587556 87.67727062639314 87.6773076261852 87.67734298634187 87.6773732641145 87.6774022001318 87.67742685611758 87.67745054695236 87.6774707335874 87.67749004060693 87.67750657630583 87.67752239147438 87.67753593653995 87.67754889138885 87.67755993222629 87.67757050018253 87.67758004336149 87.67758821853195 87.67759604355783 87.6776031097886 87.67760916307948 87.67761493012115 87.67762016491581 87.67762464930567 87.67762892163665 87.6776327996691 87.67763610538773 87.67763928680914 87.67764215972689 87.67764462081338 87.67764697649064 87.67764899448278 87.67765093503505 87.67765267841965 87.67765417189096 87.67765560805071 87.67765683806432 87.67765801448058 87.67765902203426
23.532608691933063 21.04502285448954 18.33628818239456 15.43956534681449 12.46606126637426 9.577614922747657 7.058425972732512 5.093277878815177 3.756110112040029 2.9552760629135286 2.505783644175965 2.3580861392297052 2.448442330285011 2.7275691024358677 3.1239616630743807 3.495493369451494 3.773039101485343 3.915135358368043 3.9583320980418746 3.9404922477530944 3.8608522675003454 3.718797088505597 3.4838068296822025 3.1149744042293364 2.6314945996396273 2.083352933308865 1.5922290393489507 1.2302383026771702 1.0292506020607564 0.9190631117033415 0.9003352178939172 0.9326208214645832 1.0264465117768509 1.202629010560526 1.4717500925436444 1.8752954075347539 2.423925768713479 3.107623371639149 3.885272013119808 4.674214284490521 5.4329320630588365 6.088751652756858 6.641387392626794 7.08023514179056 7.4258259696366515 7.657261307035404 7.774396948553773 7.78749948640825 7.727645096439318 7.677911294774649 7.74219003776676 8.045502906303588 8.670984327178461 9.702198004327254 11.159933924386133 12.992574453036992 15.137569750947783 17.470230925189572 19.897027561482247 22.292800155171964 24.553655290067027 26.627207170070125 28.47184891559412 30.098050663054888 31.463865714100653 32.600690582000055 33.60199423410124 34.519920850559636 35.510763037315456 36.67849919731142 38.096207202778714 39.8366644847646 41.86873293203971 44.140420480688505 46.547448190032 48.96495270959319 51.25740366937542 53.32074400932394 55.10277232574398 56.572316198254136 57.72928024282114 58.62582080385482 59.2722740520433 59.720790287613724 60.00255397503212 60.19054821364893 60.36808069881643 60.63930656025189 61.07719793041458 61.827567110191886 63.025881135007225 64.76589024732992 67.0475857836227 69.67307008843034 72.37145830228974 74.91358897983882 77.24735804123047 79.43525974631703 81.55024078979964 83.63394973449985 85.54055843181833 87.02002016312134 87.8223220488514 88.14538603475967 88.07256787929248 87.82263045269941 87.63519575145995 87.6769417368535 87.67700928935793 87.67707384833608 87.67712912816101 87.67718220171298 87.67722741587556 87.67727062639314 87.6773076261852 87.67734298634187 87.6773732641145 87.6774022001318 87.67742685611758 87.67745054695236 87.6774707335874 87.67749004060693 87.67750657630583 87.67752239147438 87.67753593653995 87.67754889138885 87.67755993222629 87.67757050018253 87.67758004336149 87.67758821853195 87.67759604355783 87.6776031097886 87.67760916307948 87.67761493012115 87.67762016491581 87.67762464930567 87.67762892163665 87.6776327996691 87.67763610538773 87.67763928680914 87.67764215972689 87.67764462081338 87.67764697649064 87.67764899448278 87.67765093503505 87.67765267841965 87.67765417189096 87.67765560805071 87.67765683806432 87.67765801448058 87.67765902203426
23.532608691933063 21.04502285448954 18.33628818239456 15.43956534681449 12.46606126637426 9.577614922747657 7.058425972732512 5.093277878815177 3.756110112040029 2.9552760629135286 2.505783644175965 2.3580861392297052 2.448442330285011 2.7275691024358677 3.1239616630743807 3.495493369451494 3.773039101485343 3.915135358368043 3.9583320980418746 3.9404922477530944 3.8608522675003454 3.718797088505597 3.4838068296822025 3.1149744042293364 2.6314945996396273 2.083352933308865 1.5922290393489507 1.2302383026771702 1.0292506020607564 0.9190631117033415 0.9003352178939172 0.9326208214645832 1.0264465117768509 1.202629010560526 1.4717500925436444 1.8752954075347539 2.423925768713479 3.107623371639149 3.885272013119808 4.674214284490521 5.4329320630588365 6.088751652756858 6.641387392626794 7.08023514179056 7.4258259696366515 7.657261307035404 7.774396948553773 7.78749948640825 7.727645096439318 7.677911294774649 7.74219003776676 8.045502906303588 8.670984327178461 9.702198004327254 11.159933924386133 12.992574453036992 15.137569750947783 17.470230925189572 19.897027561482247 22.292800155171964 24.553655290067027 26.627207170070125 28.47184891559412 30.098050663054888 31.463865714100653 32.600690582000055 33.60199423410124 34.519920850559636 35.510763037315456 36.67849919731142 38.096207202778714 39.8366644847646 41.86873293203971 44.140420480688505 46.547448190032 48.96495270959319 51.25740366937542 53.32074400932394 55.10277232574398 56.572316198254136 57.72928024282114 58.62582080385482 59.2722740520433 59.720790287613724 60.00255397503212 60.19054821364893 60.36808069881643 60.63930656025189 61.07719793041458 61.827567110191886 63.025881135007225 64.76589024732992 67.0475857836227 69.67307008843034 72.37145830228974 74.91358897983882 77.24735804123047 79.43525974631703 81.55024078979964 83.63394973449985 85.54055843181833 87.02002016312134 87.8223220488514 88.14538603475967 88.07256787929248 87.82263045269941 87.63519575145995 87.6769417368535 87.67700928935793 87.67707384833608 87.67712912816101 87.67718220171298 87.67722741587556 87.67727062639314 87.6773076261852 87.67734298634187 87.6773732641145 87.6774022001318 87.67742685611758 87.67745054695236 87.6774707335874 87.67749004060693 87.67750657630583 87.67752239147438 87.67753593653995 87.67754889138885 87.67755993222629 87.67757050018253 87.67758004336149 87.67758821853195 87.67759604355783 87.6776031097886 87.67760916307948 87.67761493012115 87.67762016491581 87.67762464930567 87.67762892163665 87.6776327996691 87.67763610538773 87.67763928680914 87.67764215972689 87.67764462081338 87.67764697649064 87.67764899448278 87.67765093503505 87.67765267841965 87.67765417189096 87.67765560805071 87.67765683806432 87.67765801448058 87.67765902203426
23.532608691933063 21.04502285448954 18.33628818239456 15.43956534681449 12.46606126637426 9.577614922747657 7.058425972732512 5.093277878815177 3.756110112040029 2.9552760629135286 2.505783644175965 2.3580861392297052 2.448442330285011 2.7275691024358677 3.1239616630743807 3.495493369451494 3.773039101485343 3.915135358368043 3.9583320980418746 3.9404922477530944 3.8608522675003454 3.718797088505597 3.4838068296822025 3.1149744042293364 2.6314945996396273 2.083352933308865 1.5922290393489507 1.2302383026771702 1.0292506020607564 0.9190631117033415 0.9003352178939172 0.9326208214645832 1.0264465117768509 1.202629010560526 1.4717500925436444 1.8752954075347539 2.423925768713479 3.107623371639149 3.885272013119808 4.674214284490521 5.4329320630588365 6.088751652756858 6.641387392626794 7.08023514179056 7.4258259696366515 7.657261307035404 7.774396948553773 7.78749948640825 7.727645096439318 7.677911294774649 7.74219003776676 8.045502906303588 8.670984327178461 9.702198004327254 11.159933924386133 12.992574453036992 15.137569750947783 17.470230925189572 19.897027561482247 22.292800155171964 24.553655290067027 26.627207170070125 28.47184891559412 30.098050663054888 31.463865714100653 32.600690582000055 33.60199423410124 34.519920850559636 35.510763037315456 36.67849919731142 38.096207202778714 39.8366644847646 41.86873293203971 44.140420480688505 46.547448190032 48.96495270959319 51.25740366937542 53.32074400932394 55.10277232574398 56.572316198254136 57.72928024282114 58.62582080385482 59.2722740520433 59.720790287613724 60.00255397503212 60.19054821364893 60.36808069881643 60.63930656025189 61.07719793041458 61.827567110191886 63.025881135007225 64.76589024732992 67.0475857836227 69.67307008843034 72.37145830228974 74.91358897983882 77.24735804123047 79.43525974631703 81.55024078979964 83.63394973449985 85.54055843181833 87.02002016312134 87.8223220488514 88.14538603475967 88.07256787929248 87.82263045269941 87.63519575145995 87.6769417368535 87.67700928935793 87.67707384833608 87.67712912816101 87.67718220171298 87.67722741587556 87.67727062639314 87.6773076261852 87.67734298634187 87.6773732641145 87.6774022001318 87.67742685611758 87.67745054695236 87.6774707335874 87.67749004060693 87.67750657630583 87.67752239147438 87.67753593653995 87.67754889138885 87.67755993222629 87.67757050018253 87.67758004336149 87.67758821853195 87.67759604355783 87.6776031097886 87.67760916307948 87.67761493012115 87.67762016491581 87.67762464930567 87.67762892163665 87.6776327996691 87.67763610538773 87.67763928680914 87.67764215972689 87.67764462081338 87.67764697649064 87.67764899448278 87.67765093503505 87.67765267841965 87.67765417189096 87.67765560805071 87.67765683806432 87.67765801448058 87.67765902203426
23.532608691933063 21.04502285448954 18.33628818239456 15.43956534681449 12.46606126637426 9.577614922747657 7.058425972732512 5.093277878815177 3.756110112040029 2.9552760629135286 2.505783644175965 2.3580861392297052 2.448442330285011 2.7275691024358677 3.1239616630743807 3.495493369451494 3.773039101485343 3.915135358368043 3.9583320980418746 3.9404922477530944 3.8608522675003454 3.718797088505597 3.4838068296822025 3.1149744042293364 2.6314945996396273 2.083352933308865 1.5922290393489507 1.2302383026771702 1.0292506020607564 0.9190631117033415 0.9003352178939172 0.9326208214645832 1.0264465117768509 1.202629010560526 1.4717500925436444 1.8752954075347539 2.423925768713479 3.107623371639149 3.885272013119808 4.674214284490521 5.4329320630588365 6.088751652756858 6.641387392626794 7.08023514179056 7.4258259696366515 7.657261307035404 7.774396948553773 7.78749948640825 7.727645096439318 7.677911294774649 7.74219003776676 8.045502906303588 8.670984327178461 9.702198004327254 11.159933924386133 12.992574453036992 15.137569750947783 17.470230925189572 19.897027561482247 22.292800155171964 24.553655290067027 26.627207170070125 28.47184891559412 30.098050663054888 31.463865714100653 32.600690582000055 33.60199423410124 34.519920850559636 35.510763037315456 36.67849919731142 38.096207202778714 39.8366644847646 41.86873293203971 44.140420480688505 46.547448190032 48.96495270959319 51.25740366937542 53.32074400932394 55.10277232574398 56.572316198254136 57.72928024282114 58.62582080385482 59.2722740520433 59.720790287613724 60.00255397503212 60.19054821364893 60.36808069881643 60.63930656025189 61.07719793041458 61.827567110191886 63.025881135007225 64.76589024732992 67.0475857836227 69.67307008843034 72.37145830228974 74.91358897983882 77.24735804123047 79.43525974631703 81.55024078979964 83.63394973449985 85.54055843181833 87.02002016312134 87.8223220488514 88.14538603475967 88.07256787929248 87.82263045269941 87.63519575145995 87.6769417368535 87.67700928935793 87.67707384833608 87.67712912816101 87.67718220171298 87.67722741587556 87.67727062639314 87.6773076261852 87.67734298634187 87.6773732641145 87.6774022001318 87.67742685611758 87.67745054695236 87.6774707335874 87.67749004060693 87.67750657630583 87.67752239147438 87.67753593653995 87.67754889138885 87.67755993222629 87.67757050018253 87.67758004336149 87.67758821853195 87.67759604355783 87.6776031097886 87.67760916307948 87.67761493012115 87.67762016491581 87.67762464930567 87.67762892163665 87.6776327996691 87.67763610538773 87.67763928680914 87.67764215972689 87.67764462081338 87.67764697649064 87.67764899448278 87.67765093503505 87.67765267841965 87.67765417189096 87.67765560805071 87.67765683806432 87.67765801448058 87.67765902203426