4 151 9
300.0440999999999 302.0443999999999 304.0446999999999 306.0449999999999 308.0452999999999 310.0455999999999 312.0458999999999 314.0461999999999 316.04649999999987 318.0467999999999 320.0470999999999 322.04739999999987 324.0476999999999 326.0479999999999 328.04829999999987 330.0485999999999 332.0488999999999 334.04919999999987 336.0494999999999 338.0497999999999 340.0500999999999 342.05039999999985 344.0506999999999 346.0509999999999 348.05129999999986 350.0515999999999 352.0518999999999 354.05219999999986 356.0524999999999 358.0527999999999 360.05309999999986 362.0533999999999 364.0536999999999 366.05399999999986 368.0542999999999 370.0545999999999 372.05489999999986 374.0551999999999 376.0554999999999 378.05579999999986 380.05609999999984 382.0563999999999 384.05669999999986 386.05699999999985 388.0572999999999 390.05759999999987 392.05789999999985 394.0581999999999 396.05849999999987 398.05879999999985 399.99 402.04 403.99 406.05 407.99 410.06 412.01 413.96 416.02 417.97 420.04 422.0 423.95 426.02 427.98 430.05 432.01 433.96 436.03 437.99 440.06 442.01 443.96 446.03 447.98 450.04 451.98 454.04 455.99 458.04 459.98 462.03 463.97 466.02 467.95 470.0 472.05 473.98 476.02 477.96 480.0 482.05 483.98 486.03 487.96 490.01 492.06 493.99 496.05 497.98 500.04 501.98 504.04 505.98 508.04 509.99 512.05 514.0 515.95 518.01 519.96 522.03 523.98 526.04 527.99 530.05 532.0 534.06 536.0 538.06 540.0 542.05 543.99 546.04 547.98 550.03 551.96 554.0 556.04 557.97 560.01 562.05 563.98 566.01 568.05 569.98 572.01 574.05 575.97 578.01 580.05 581.98 584.02 585.95 588.0 590.04 591.97 594.02 595.96 598.01 599.95
0.0 13.54 26.89 39.77 50.0 60.0 70.0 80.0 90.0
72.54240003921149 74.49904000140907 76.44457607728899 78.25277232532122 79.82018180608307 81.11295044492286 82.20888034733818 83.24558540778197 84.33480486170703 85.52251900475127 86.73792384741571 87.87814912901003 88.86319837065213 89.69435663892227 90.44897851462179 91.24529426394534 92.13766290694511 93.09430556832254 94.01387237401403 94.76289651587221 95.2345047771049 95.4581589300618 95.53353885418329 95.58194482013259 95.65647409591058 95.67052412271056 95.44587649600258 94.81239021752587 93.68918884202634 92.19706076910074 90.54912250271154 89.00062924061491 87.70675205083175 86.6198117861691 85.42672967765446 83.64954836553329 81.08374514046295 77.81021897516675 74.13531991757749 70.24376290561523 65.91127747295904 60.820749696505096 54.879852635064786 48.18077437594337 40.9904148875237 33.75069347037776 26.965805710721856 20.965902321940007 15.855281043777387 11.491434374136103 7.741699617446936 4.751032450085924 2.725724829493742 1.5328813628550624 0.9054789513411711 0.5763079208334211 0.40141311416715536 0.29852433059233613 0.2470844082907671 0.20592493507948986 0.1853508169099978 0.1647702670449336 0.1647828872921794 0.17509469351053358 0.20600672658874913 0.31932962563347594 0.42236092277633286 0.4429844687205432 0.4533066472645185 0.44302113635311663 0.44303728846803114 0.4327475368312904 0.4224559269276616 0.4018591916905806 0.38125981464545666 0.32974548088323075 0.20609479354659016 0.09274432961899308 0.06183050786260375 0.041220944103479165 0.030916097046415125 0.030916469075224454 0.030916787710178924 0.03091709246689282 0.030917352202060266 0.03091760197406904 0.030917827416291673 0.020612013035428138 0.02061213564195056 0.020612241192291637 0.02061234167657067 0.02061243284009189 0.02061251053529275 0.020612585249511334 0.020612648925503244 0.02061271015831528 0.020612765426025834 0.030919218792661445 0.030919287049926726 0.030919344925646946 0.030919400838352158 0.04122593130791512 0.041225992344905614 0.05153255544225474 0.06183914149038847 0.07214573995541117 0.09275890052617285 0.13398519234137218 0.14429185677094616 0.1545985318039112 0.16490520456243227 0.1855184674324678 0.206131736780344 0.20613183836953994 0.20613192535713776 0.20613200848990465 0.20613207967383737 0.2061321477032639 0.20613220567021062 0.20613226136805898 0.2061323088274309 0.20613235421880086 0.20613239309471465 0.20613243027664038 0.2061324621214874 0.20613249257871763 0.2061325185360507 0.2061325433816262 0.20613256581792025 0.20613258503798612 0.20613260343485176 0.2061326200477679 0.2061326342792325 0.20613264783771687 0.20613266014487283 0.2061326706878051 0.20613268073218072 0.2061326898495489 0.20613269762139053 0.20613270510100568 0.2061327118553197 0.20613271764140634 0.20613272317967274 0.20613272792403153 0.2061327324863269 0.2061327365850753 0.20613274009627022 0.20613274347272398 0.20613274636452208 0.2061327491303113 0.20613275149909957
72.81196234798904 74.57449974478256 76.10182254469454 77.49712548643389 78.90820880428528 80.3858263900582 81.90645031844787 83.38286685513448 84.71302124208403 85.85208933432504 86.89000307545898 87.91257237329174 89.00936482747768 90.17924844277344 91.31618260578492 92.29089979403994 93.00854125293002 93.45899475703541 93.73939847100324 93.95929710641617 94.18141183541721 94.34110108481569 94.23358034526437 93.71043348028158 92.68130892745299 91.29534360483044 89.76406357214675 88.35161238511184 87.17314406943689 86.14218370485473 84.8774563893752 82.99465451628835 80.25942202885157 76.89405696705703 73.09189322951926 68.99639104447269 64.45569529436801 59.15387117108027 53.03972638874841 46.23599920904725 39.05021078835476 31.92391209037123 25.320102530498456 19.558943559941017 14.611993043243851 10.4298613888129 6.942235024523098 4.232546191961819 2.4149593107502527 1.3774351872852881 0.8122736565847434 0.5245056059121117 0.3600295252341677 0.2675035566135798 0.22638742771897677 0.18525630759985026 0.17498862078877073 0.16471594983004767 0.17503179950097525 0.20594102728414596 0.2780479519952205 0.38106101859904357 0.4428886168557238 0.453221680238874 0.45325021540718125 0.4532774683276967 0.4429985104641445 0.4327163167274973 0.4224323846708316 0.39153764543053193 0.35033592887558085 0.26791226695326625 0.15456912444790682 0.08243909648586488 0.05152562277906501 0.04122140614563249 0.04122217980500032 0.03091719240499306 0.030917669833936814 0.03091812401573401 0.030918513014936113 0.030918885072818 0.030919203732672502 0.03091950851320191 0.030919768268666614 0.030920018060194066 0.0309202435200341 0.020613623781266233 0.030920619596054792 0.030920777933938912 0.030920928672136125 0.030921065428104046 0.03092118198001269 0.030921294060098487 0.030921389581550385 0.030921481437946083 0.041228752461320455 0.04122884667351245 0.05153617211288941 0.06184352229595324 0.09276545119515356 0.12368745884543374 0.18553146295607195 0.2989121785232049 0.45352247578250504 0.6390550609973688 0.8348953433473503 0.9895064325766227 1.082273494489929 1.1956554076391224 1.3193447299222976 1.4636489457468842 1.6388753689084774 1.6388761766056985 1.6388768682111432 1.6388775291682869 1.638878095124776 1.6388786360009808 1.6388790968742197 1.6388795397067173 1.6388799170382085 1.6388802779277996 1.6388805870154664 1.6388808826348755 1.6388811358211932 1.6388813779750955 1.6388815843520197 1.6388817818897805 1.6388819602722569 1.6388821130837214 1.6388822593502324 1.6388823914332364 1.6388825045822217 1.6388826123805957 1.6388827102301315 1.638882794052993 1.6388828739120194 1.6388829464007608 1.6388830081917298 1.6388830676593171 1.63888312136031 1.6388831673632933 1.638883211395952 1.6388832491165517 1.6388832853896345 1.6388833179772306 1.6388833458934116 1.6388833727383165 1.638883395729908 1.6388834177196505 1.638883436552989
72.71255626931365 74.80546770109986 76.74278180592651 78.50101052281306 80.07348831176245 81.48894927002247 82.76283596132424 83.83426834097438 84.65733757125469 85.20281047533054 85.48681187030164 85.5643052180694 85.49350479955764 85.19451495567027 84.4899726679975 83.24490028217349 81.40793350465015 79.09219635713063 76.27861259226688 72.99729268922498 69.25986093761884 65.13777765955992 60.63446670759402 55.653815073664205 50.12830002824371 44.27022036290478 38.35468250695912 32.64925299858134 27.24156447853792 22.269640820886753 17.810810051919933 13.891212545972063 10.424387162089022 7.3735176568362455 4.813160867735234 2.9300197177106657 1.7373636028109274 1.0638626619551972 0.6961981127620287 0.5020611397505516 0.3896268808186151 0.3385752582689397 0.307972815057727 0.3081332584053718 0.3288304805357646 0.3906528947230442 0.5039312812078778 0.6172745366882291 0.6792169454906939 0.6999997884111276 0.7104720367460153 0.7003441288881098 0.6798868326618572 0.6491116195981679 0.608000948901791 0.5668730486984207 0.47417793368639394 0.35052355744438896 0.22683670939372105 0.1443655388201853 0.11344131257855943 0.09282349804204719 0.08251609570774096 0.07220689355007205 0.07221143974887549 0.06189924142375602 0.061902427771846694 0.06190530292001388 0.06190806356605336 0.06191042707461094 0.051593903556576996 0.051595506110592645 0.061916351852647045 0.06191802683748541 0.07223936282770961 0.08256109025298979 0.0928829697655637 0.11352567700099127 0.14448945647216643 0.20641654146859684 0.29930775084989986 0.4438064882923942 0.6399136247160815 0.8669882957133974 1.0837444741262001 1.2695394972649598 1.4346933077955677 1.568883007107496 1.6824306006975451 1.7856563458849986 1.8785609206266285 1.9611437006650523 1.992116636447827 1.9921238572779907 1.9818080941506944 2.023101772673196 2.136648927552857 2.3843817880027998 2.7869459046590705 3.3856295103861282 4.190756301522706 5.233292410753585 6.451306901993073 7.772544361008893 9.135073170881038 10.445992818557206 11.694981821598269 12.892360725528063 13.718142998742387 14.574892533406942 15.380030854776946 16.07162586344718 16.567098788060903 16.567106952928047 16.56711394424413 16.567120625742007 16.567126346895208 16.56713181451629 16.56713647340166 16.567140949916393 16.567144764293133 16.56714841246164 16.567151536973732 16.567154525337614 16.56715708475294 16.567159532643547 16.56716161887106 16.567163615745052 16.56716541898169 16.567166963725526 16.567168442307597 16.56716977751113 16.567170921314037 16.567172011028575 16.56717300017208 16.567173847522437 16.56717465480309 16.567175387578846 16.56717601221273 16.567176613359965 16.56717715621372 16.567177621249673 16.567178066367966 16.56717844767878 16.567178814356907 16.567179143779104 16.567179425978797 16.567179697349154 16.56717992976705 16.567180152057436 16.567180342440295
35.10839645198692 34.57452472675521 33.30811981756076 31.411529498691547 29.037311051722202 26.312878008402816 23.334427877915463 20.17043782804142 16.857779907608222 13.516308619030895 10.31685280605782 7.557016209972363 5.422220945995158 3.977704941052308 3.1144082634931136 2.628842120827157 2.4636296446716632 2.548255183376707 2.828783236317766 3.229425977481859 3.602800444993895 3.8783165346613333 4.014386605467135 4.049466725498137 4.022859560368626 3.93409850027742 3.7828116667334943 3.5382060275343408 3.159086006325094 2.6652830239396903 2.1076028964334883 1.6090271315377975 1.2420002792499893 1.038166923646266 0.9262762820204755 0.9067362410058151 0.9386265742677727 1.0324330138336044 1.2089809189761105 1.4787890324826207 1.883416448527063 2.4334296571392207 3.118654610266248 3.897757559755857 4.687811924966154 5.447238734679659 6.103264894191746 6.655716227716918 7.09406129148932 7.438950591419012 7.669444628015931 7.785635241371301 7.797647776239623 7.7368009809426335 7.686105470756153 7.749774193364738 8.05256287782377 8.677887189760634 9.709166691873921 11.167215017039924 13.00021850669509 15.145655368433166 17.478696281273315 19.905732572729487 22.30165465241681 24.562449403685132 26.635854121732557 28.480236357852377 30.106045730463045 31.471443661066182 32.607770571869914 33.60860556662362 34.52608200739095 35.5164780177319 36.683847063166866 38.10121187230204 39.84140805433062 41.87329379126436 44.144716279112096 46.551589226661335 48.96884634094228 51.26113435958948 53.32421280710187 55.10604929730972 56.57532476361101 57.732090377300516 58.6283965785917 59.27463568593596 59.72293633550516 60.00451332008514 60.192320859185415 60.36968537611017 60.64077017502606 61.07853019265357 61.82879012870154 63.02700783312821 64.76693525857449 67.04856809538313 69.67399213109096 72.37232795286128 74.91440210488436 77.24810840530886 79.43596745225291 81.55089018793271 83.63456055535367 85.54111727723784 87.02054090726877 87.82279216274655 88.1458145909289 88.07295417227107 87.82297986577916 87.63551053716846 87.67722741587556 87.67727062639314 87.6773076261852 87.67734298634187 87.6773732641145 87.6774022001318 87.67742685611758 87.67745054695236 87.6774707335874 87.67749004060693 87.67750657630583 87.67752239147438 87.67753593653995 87.67754889138885 87.67755993222629 87.67757050018253 87.67758004336149 87.67758821853195 87.67759604355783 87.6776031097886 87.67760916307948 87.67761493012115 87.67762016491581 87.67762464930567 87.67762892163665 87.6776327996691 87.67763610538773 87.67763928680914 87.67764215972689 87.67764462081338 87.67764697649064 87.67764899448278 87.67765093503505 87.67765267841965 87.67765417189096 87.67765560805071 87.67765683806432 87.67765801448058 87.67765902203426
35.10839645198692 34.57452472675521 33.30811981756076 31.411529498691547 29.037311051722202 26.312878008402816 23.334427877915463 20.17043782804142 16.857779907608222 13.516308619030895 10.31685280605782 7.557016209972363 5.422220945995158 3.977704941052308 3.1144082634931136 2.628842120827157 2.4636296446716632 2.548255183376707 2.828783236317766 3.229425977481859 3.602800444993895 3.8783165346613333 4.014386605467135 4.049466725498137 4.022859560368626 3.93409850027742 3.7828116667334943 3.5382060275343408 3.159086006325094 2.6652830239396903 2.1076028964334883 1.6090271315377975 1.2420002792499893 1.038166923646266 0.9262762820204755 0.9067362410058151 0.9386265742677727 1.0324330138336044 1.2089809189761105 1.4787890324826207 1.883416448527063 2.4334296571392207 3.118654610266248 3.897757559755857 4.687811924966154 5.447238734679659 6.103264894191746 6.655716227716918 7.09406129148932 7.438950591419012 7.669444628015931 7.785635241371301 7.797647776239623 7.7368009809426335 7.686105470756153 7.749774193364738 8.05256287782377 8.677887189760634 9.709166691873921 11.167215017039924 13.00021850669509 15.145655368433166 17.478696281273315 19.905732572729487 22.30165465241681 24.562449403685132 26.635854121732557 28.480236357852377 30.106045730463045 31.471443661066182 32.607770571869914 33.60860556662362 34.52608200739095 35.5164780177319 36.683847063166866 38.10121187230204 39.84140805433062 41.87329379126436 44.144716279112096 46.551589226661335 48.96884634094228 51.26113435958948 53.32421280710187 55.10604929730972 56.57532476361101 57.732090377300516 58.6283965785917 59.27463568593596 59.72293633550516 60.00451332008514 60.192320859185415 60.36968537611017 60.64077017502606 61.07853019265357 61.82879012870154 63.02700783312821 64.76693525857449 67.04856809538313 69.67399213109096 72.37232795286128 74.91440210488436 77.24810840530886 79.43596745225291 81.55089018793271 83.63456055535367 85.54111727723784 87.02054090726877 87.82279216274655 88.1458145909289 88.07295417227107 87.82297986577916 87.63551053716846 87.67722741587556 87.67727062639314 87.6773076261852 87.67734298634187 87.6773732641145 87.6774022001318 87.67742685611758 87.67745054695236 87.6774707335874 87.67749004060693 87.67750657630583 87.67752239147438 87.67753593653995 87.67754889138885 87.67755993222629 87.67757050018253 87.67758004336149 87.67758821853195 87.67759604355783 87.6776031097886 87.67760916307948 87.67761493012115 87.67762016491581 87.67762464930567 87.67762892163665 87.6776327996691 87.67763610538773 87.67763928680914 87.67764215972689 87.67764462081338 87.67764697649064 87.67764899448278 87.67765093503505 87.67765267841965 87.67765417189096 87.67765560805071 87.67765683806432 87.67765801448058 87.67765902203426
35.10839645198692 34.57452472675521 33.30811981756076 31.411529498691547 29.037311051722202 26.312878008402816 23.334427877915463 20.17043782804142 16.857779907608222 13.516308619030895 10.31685280605782 7.557016209972363 5.422220945995158 3.977704941052308 3.1144082634931136 2.628842120827157 2.4636296446716632 2.548255183376707 2.828783236317766 3.229425977481859 3.602800444993895 3.8783165346613333 4.014386605467135 4.049466725498137 4.022859560368626 3.93409850027742 3.7828116667334943 3.5382060275343408 3.159086006325094 2.6652830239396903 2.1076028964334883 1.6090271315377975 1.2420002792499893 1.038166923646266 0.9262762820204755 0.9067362410058151 0.9386265742677727 1.0324330138336044 1.2089809189761105 1.4787890324826207 1.883416448527063 2.4334296571392207 3.118654610266248 3.897757559755857 4.687811924966154 5.447238734679659 6.103264894191746 6.655716227716918 7.09406129148932 7.438950591419012 7.669444628015931 7.785635241371301 7.797647776239623 7.7368009809426335 7.686105470756153 7.749774193364738 8.05256287782377 8.677887189760634 9.709166691873921 11.167215017039924 13.00021850669509 15.145655368433166 17.478696281273315 19.905732572729487 22.30165465241681 24.562449403685132 26.635854121732557 28.480236357852377 30.106045730463045 31.471443661066182 32.607770571869914 33.60860556662362 34.52608200739095 35.5164780177319 36.683847063166866 38.10121187230204 39.84140805433062 41.87329379126436 44.144716279112096 46.551589226661335 48.96884634094228 51.26113435958948 53.32421280710187 55.10604929730972 56.57532476361101 57.732090377300516 58.6283965785917 59.27463568593596 59.72293633550516 60.00451332008514 60.192320859185415 60.36968537611017 60.64077017502606 61.07853019265357 61.82879012870154 63.02700783312821 64.76693525857449 67.04856809538313 69.67399213109096 72.37232795286128 74.91440210488436 77.24810840530886 79.43596745225291 81.55089018793271 83.63456055535367 85.54111727723784 87.02054090726877 87.82279216274655 88.1458145909289 88.07295417227107 87.82297986577916 87.63551053716846 87.67722741587556 87.67727062639314 87.6773076261852 87.67734298634187 87.6773732641145 87.6774022001318 87.67742685611758 87.67745054695236 87.6774707335874 87.67749004060693 87.67750657630583 87.67752239147438 87.67753593653995 87.67754889138885 87.67755993222629 87.67757050018253 87.67758004336149 87.67758821853195 87.67759604355783 87.6776031097886 87.67760916307948 87.67761493012115 87.67762016491581 87.67762464930567 87.67762892163665 87.6776327996691 87.67763610538773 87.67763928680914 87.67764215972689 87.67764462081338 87.67764697649064 87.67764899448278 87.67765093503505 87.67765267841965 87.67765417189096 87.67765560805071 87.67765683806432 87.67765801448058 87.67765902203426
35.10839645198692 34.57452472675521 33.30811981756076 31.411529498691547 29.037311051722202 26.312878008402816 23.334427877915463 20.17043782804142 16.857779907608222 13.516308619030895 10.31685280605782 7.557016209972363 5.422220945995158 3.977704941052308 3.1144082634931136 2.628842120827157 2.4636296446716632 2.548255183376707 2.828783236317766 3.229425977481859 3.602800444993895 3.8783165346613333 4.014386605467135 4.049466725498137 4.022859560368626 3.93409850027742 3.7828116667334943 3.5382060275343408 3.159086006325094 2.6652830239396903 2.1076028964334883 1.6090271315377975 1.2420002792499893 1.038166923646266 0.9262762820204755 0.9067362410058151 0.9386265742677727 1.0324330138336044 1.2089809189761105 1.4787890324826207 1.883416448527063 2.4334296571392207 3.118654610266248 3.897757559755857 4.687811924966154 5.447238734679659 6.103264894191746 6.655716227716918 7.09406129148932 7.438950591419012 7.669444628015931 7.785635241371301 7.797647776239623 7.7368009809426335 7.686105470756153 7.749774193364738 8.05256287782377 8.677887189760634 9.709166691873921 11.167215017039924 13.00021850669509 15.145655368433166 17.478696281273315 19.905732572729487 22.30165465241681 24.562449403685132 26.635854121732557 28.480236357852377 30.106045730463045 31.471443661066182 32.607770571869914 33.60860556662362 34.52608200739095 35.5164780177319 36.683847063166866 38.10121187230204 39.84140805433062 41.87329379126436 44.144716279112096 46.551589226661335 48.96884634094228 51.26113435958948 53.32421280710187 55.10604929730972 56.57532476361101 57.732090377300516 58.6283965785917 59.27463568593596 59.72293633550516 60.00451332008514 60.192320859185415 60.36968537611017 60.64077017502606 61.07853019265357 61.82879012870154 63.02700783312821 64.76693525857449 67.04856809538313 69.67399213109096 72.37232795286128 74.91440210488436 77.24810840530886 79.43596745225291 81.55089018793271 83.63456055535367 85.54111727723784 87.02054090726877 87.82279216274655 88.1458145909289 88.07295417227107 87.82297986577916 87.63551053716846 87.67722741587556 87.67727062639314 87.6773076261852 87.67734298634187 87.6773732641145 87.6774022001318 87.67742685611758 87.67745054695236 87.6774707335874 87.67749004060693 87.67750657630583 87.67752239147438 87.67753593653995 87.67754889138885 87.67755993222629 87.67757050018253 87.67758004336149 87.67758821853195 87.67759604355783 87.6776031097886 87.67760916307948 87.67761493012115 87.67762016491581 87.67762464930567 87.67762892163665 87.6776327996691 87.67763610538773 87.67763928680914 87.67764215972689 87.67764462081338 87.67764697649064 87.67764899448278 87.67765093503505 87.67765267841965 87.67765417189096 87.67765560805071 87.67765683806432 87.67765801448058 87.67765902203426
35.10839645198692 34.57452472675521 33.30811981756076 31.411529498691547 29.037311051722202 26.312878008402816 23.334427877915463 20.17043782804142 16.857779907608222 13.516308619030895 10.31685280605782 7.557016209972363 5.422220945995158 3.977704941052308 3.1144082634931136 2.628842120827157 2.4636296446716632 2.548255183376707 2.828783236317766 3.229425977481859 3.602800444993895 3.8783165346613333 4.014386605467135 4.049466725498137 4.022859560368626 3.93409850027742 3.7828116667334943 3.5382060275343408 3.159086006325094 2.6652830239396903 2.1076028964334883 1.6090271315377975 1.2420002792499893 1.038166923646266 0.9262762820204755 0.9067362410058151 0.9386265742677727 1.0324330138336044 1.2089809189761105 1.4787890324826207 1.883416448527063 2.4334296571392207 3.118654610266248 3.897757559755857 4.687811924966154 5.447238734679659 6.103264894191746 6.655716227716918 7.09406129148932 7.438950591419012 7.669444628015931 7.785635241371301 7.797647776239623 7.7368009809426335 7.686105470756153 7.749774193364738 8.05256287782377 8.677887189760634 9.709166691873921 11.167215017039924 13.00021850669509 15.145655368433166 17.478696281273315 19.905732572729487 22.30165465241681 24.562449403685132 26.635854121732557 28.480236357852377 30.106045730463045 31.471443661066182 32.607770571869914 33.60860556662362 34.52608200739095 35.5164780177319 36.683847063166866 38.10121187230204 39.84140805433062 41.87329379126436 44.144716279112096 46.551589226661335 48.96884634094228 51.26113435958948 53.32421280710187 55.10604929730972 56.57532476361101 57.732090377300516 58.6283965785917 59.27463568593596 59.72293633550516 60.00451332008514 60.192320859185415 60.36968537611017 60.64077017502606 61.07853019265357 61.82879012870154 63.02700783312821 64.76693525857449 67.04856809538313 69.67399213109096 72.37232795286128 74.91440210488436 77.24810840530886 79.43596745225291 81.55089018793271 83.63456055535367 85.54111727723784 87.02054090726877 87.82279216274655 88.1458145909289 88.07295417227107 87.82297986577916 87.63551053716846 87.67722741587556 87.67727062639314 87.6773076261852 87.67734298634187 87.6773732641145 87.6774022001318 87.67742685611758 87.67745054695236 87.6774707335874 87.67749004060693 87.67750657630583 87.67752239147438 87.67753593653995 87.67754889138885 87.67755993222629 87.67757050018253 87.67758004336149 87.67758821853195 87.67759604355783 87.6776031097886 87.67760916307948 87.67761493012115 87.67762016491581 87.67762464930567 87.67762892163665 87.6776327996691 87.67763610538773 87.67763928680914 87.67764215972689 87.67764462081338 87.67764697649064 87.67764899448278 87.67765093503505 87.67765267841965 87.67765417189096 87.67765560805071 87.67765683806432 87.67765801448058 87.67765902203426
35.10839645198692 34.57452472675521 33.30811981756076 31.411529498691547 29.037311051722202 26.312878008402816 23.334427877915463 20.17043782804142 16.857779907608222 13.516308619030895 10.31685280605782 7.557016209972363 5.422220945995158 3.977704941052308 3.1144082634931136 2.628842120827157 2.4636296446716632 2.548255183376707 2.828783236317766 3.229425977481859 3.602800444993895 3.8783165346613333 4.014386605467135 4.049466725498137 4.022859560368626 3.93409850027742 3.7828116667334943 3.5382060275343408 3.159086006325094 2.6652830239396903 2.1076028964334883 1.6090271315377975 1.2420002792499893 1.038166923646266 0.9262762820204755 0.9067362410058151 0.9386265742677727 1.0324330138336044 1.2089809189761105 1.4787890324826207 1.883416448527063 2.4334296571392207 3.118654610266248 3.897757559755857 4.687811924966154 5.447238734679659 6.103264894191746 6.655716227716918 7.09406129148932 7.438950591419012 7.669444628015931 7.785635241371301 7.797647776239623 7.7368009809426335 7.686105470756153 7.749774193364738 8.05256287782377 8.677887189760634 9.709166691873921 11.167215017039924 13.00021850669509 15.145655368433166 17.478696281273315 19.905732572729487 22.30165465241681 24.562449403685132 26.635854121732557 28.480236357852377 30.106045730463045 31.471443661066182 32.607770571869914 33.60860556662362 34.52608200739095 35.5164780177319 36.683847063166866 38.10121187230204 39.84140805433062 41.87329379126436 44.144716279112096 46.551589226661335 48.96884634094228 51.26113435958948 53.32421280710187 55.10604929730972 56.57532476361101 57.732090377300516 58.6283965785917 59.27463568593596 59.72293633550516 60.00451332008514 60.192320859185415 60.36968537611017 60.64077017502606 61.07853019265357 61.82879012870154 63.02700783312821 64.76693525857449 67.04856809538313 69.67399213109096 72.37232795286128 74.91440210488436 77.24810840530886 79.43596745225291 81.55089018793271 83.63456055535367 85.54111727723784 87.02054090726877 87.82279216274655 88.1458145909289 88.07295417227107 87.82297986577916 87.63551053716846 87.67722741587556 87.67727062639314 87.6773076261852 87.67734298634187 87.6773732641145 87.6774022001318 87.67742685611758 87.67745054695236 87.6774707335874 87.67749004060693 87.67750657630583 87.67752239147438 87.67753593653995 87.67754889138885 87.67755993222629 87.67757050018253 87.67758004336149 87.67758821853195 87.67759604355783 87.6776031097886 87.67760916307948 87.67761493012115 87.67762016491581 87.67762464930567 87.67762892163665 87.6776327996691 87.67763610538773 87.67763928680914 87.67764215972689 87.67764462081338 87.67764697649064 87.67764899448278 87.67765093503505 87.67765267841965 87.67765417189096 87.67765560805071 87.67765683806432 87.67765801448058 87.67765902203426