4 151 9
300.0440999999999 302.0443999999999 304.0446999999999 306.0449999999999 308.0452999999999 310.0455999999999 312.0458999999999 314.0461999999999 316.04649999999987 318.0467999999999 320.0470999999999 322.04739999999987 324.0476999999999 326.0479999999999 328.04829999999987 330.0485999999999 332.0488999999999 334.04919999999987 336.0494999999999 338.0497999999999 340.0500999999999 342.05039999999985 344.0506999999999 346.0509999999999 348.05129999999986 350.0515999999999 352.0518999999999 354.05219999999986 356.0524999999999 358.0527999999999 360.05309999999986 362.0533999999999 364.0536999999999 366.05399999999986 368.0542999999999 370.0545999999999 372.05489999999986 374.0551999999999 376.0554999999999 378.05579999999986 380.05609999999984 382.0563999999999 384.05669999999986 386.05699999999985 388.0572999999999 390.05759999999987 392.05789999999985 394.0581999999999 396.05849999999987 398.05879999999985 399.99 402.04 403.99 406.05 407.99 410.06 412.01 413.96 416.02 417.97 420.04 422.0 423.95 426.02 427.98 430.05 432.01 433.96 436.03 437.99 440.06 442.01 443.96 446.03 447.98 450.04 451.98 454.04 455.99 458.04 459.98 462.03 463.97 466.02 467.95 470.0 472.05 473.98 476.02 477.96 480.0 482.05 483.98 486.03 487.96 490.01 492.06 493.99 496.05 497.98 500.04 501.98 504.04 505.98 508.04 509.99 512.05 514.0 515.95 518.01 519.96 522.03 523.98 526.04 527.99 530.05 532.0 534.06 536.0 538.06 540.0 542.05 543.99 546.04 547.98 550.03 551.96 554.0 556.04 557.97 560.01 562.05 563.98 566.01 568.05 569.98 572.01 574.05 575.97 578.01 580.05 581.98 584.02 585.95 588.0 590.04 591.97 594.02 595.96 598.01 599.95
0.0 13.54 26.89 39.77 50.0 60.0 70.0 80.0 90.0
72.94951806063297 74.78530695333058 76.61892613676447 78.4067334596467 80.05178440614216 81.48386811480195 82.74075456016662 83.92556819779213 85.16647415010407 86.47316781080241 87.76403203363411 88.90682311547 89.7912735494579 90.46265677935803 91.03495935766321 91.66446245642952 92.39674610820397 93.17157828512546 93.83896284401585 94.28414799238755 94.47844158833935 94.52113422471402 94.5728553305615 94.75684846859113 95.11784535751859 95.57047128426387 95.99770275557162 96.31112203827819 96.51206335787347 96.6826508393923 96.94606475865989 97.35521097839877 97.87167723352047 98.38538143122634 98.75492862259483 98.86875086489245 98.7576749898566 98.52420218357288 98.2916576127286 98.1121011163487 97.8943204716425 97.45457164609279 96.61888138552871 95.30522270660745 93.63667741265111 91.82898533637452 90.13931550979301 88.7224391742263 87.5277277581956 86.23715062522531 84.3670478894682 81.71364469346915 78.35687453238994 74.60708485520074 70.64793727168728 66.25482847009935 61.10742714898465 55.11376779280579 48.36677292291767 41.133505782128104 33.85741588889293 27.042920078749727 21.020117060208634 15.892418358044312 11.515776016311076 7.756619616193787 4.759286495674775 2.730020563045208 1.5350611464184831 0.9066479069552155 0.5769787942839476 0.40183699848619825 0.2988102897781021 0.24729796411728033 0.20608638629484144 0.18548183299681728 0.16487583483727214 0.16487880821154327 0.17518643894404398 0.2061047205173958 0.31946633614628966 0.42252507736140094 0.4431406238458979 0.453450689514428 0.44314871489619717 0.44315229496165626 0.4328495838280835 0.42254626722627675 0.40193664501803583 0.3813264620573953 0.3297974668251307 0.20612432840091888 0.09275629740881737 0.061837755748534 0.04122529785100649 0.030919065237472912 0.03091914813903875 0.030919218792661445 0.030919287049926726 0.030919344925646946 0.030919400838352158 0.03091944848093633 0.020612996172452807 0.020613022176901898 0.020613047163462826 0.020613068558688906 0.02061308900581619 0.020613106514057258 0.02061312239584945 0.020613137573854832 0.020613150570304033 0.020613163048051983 0.030919760517051594 0.030919775755430985 0.03091978880357066 0.030919801273485693 0.041226415934767474 0.04122642954065278 0.051533051417552656 0.06183967841041769 0.0721463080896008 0.09275955939846038 0.1339860555115645 0.14429270119364826 0.15459934659111552 0.1649059940629741 0.18551926668244562 0.2061325433816262 0.20613256581792025 0.20613258503798612 0.20613260343485176 0.2061326200477679 0.2061326342792325 0.20613264783771687 0.20613266014487283 0.2061326706878051 0.20613268073218072 0.2061326898495489 0.20613269762139053 0.20613270510100568 0.2061327118553197 0.20613271764140634 0.20613272317967274 0.20613272792403153 0.2061327324863269 0.2061327365850753 0.20613274009627022 0.20613274347272398 0.20613274636452208 0.2061327491303113 0.20613275149909957
72.9099799011136 74.80662622251069 76.49810364521889 78.0481873428678 79.56171006181108 81.1361503070708 82.74722041703464 84.28086301637234 85.60669318123699 86.68621431427619 87.57110155274363 88.41776425298363 89.33421652392833 90.31980213423662 91.25947035077667 92.00508096531884 92.49033435779401 92.75382611442419 92.93280816692973 93.20691920737355 93.6315047284645 94.17340987627931 94.72881673555901 95.18180459794354 95.48439232091057 95.73803678332065 96.03530655589276 96.4695391976799 97.03381199679164 97.60962195315523 98.05699702371827 98.27540520120544 98.25508137784878 98.09814488880201 97.91747635762847 97.7754708196716 97.60200598406202 97.18354866545634 96.36708961841606 95.06055955991548 93.41744185447006 91.65318278577053 90.03500426128258 88.67678343956479 87.48725610020861 86.0771532925159 84.05649952029816 81.18886542493752 77.70003127056451 73.78529682338653 69.58820389576637 64.95641974393915 59.56945658945901 53.37724814274045 46.50203572100254 39.25375317699049 32.07438484575351 25.42802475501361 19.634449508727048 14.663001142631192 10.462841452857187 6.962087799269012 4.2434909335943765 2.420615792184895 1.380352928740052 0.8138390908610919 0.5254168379923575 0.36059693060624776 0.26788395125467374 0.22667968945978167 0.18547196234589575 0.17517340531559716 0.16487373274443393 0.17518308003246286 0.20610249111626003 0.2782444914830193 0.38130516319625296 0.44314642447156716 0.45345915756440663 0.45346581889743215 0.453471524219063 0.4431706860437246 0.432868852257415 0.42256661634709275 0.3916503980697771 0.3504268713488661 0.26797544384029554 0.15460217835949674 0.08245498558947945 0.05153462988989819 0.0412279048961815 0.04122808723747206 0.03092118198001269 0.030921294060098487 0.030921389581550385 0.030921481437946083 0.030921564345990343 0.030921635005134337 0.030921703267733646 0.03092176114797662 0.030921817065051184 0.030921864711358434 0.020614606995119106 0.030921949502400507 0.030921986985170798 0.030922019080517844 0.03092204975360556 0.03092207601801946 0.0309220998425694 0.030922122611356614 0.030922142107553847 0.04122954776751787 0.041229569029144084 0.05153698668571379 0.06184441012117522 0.09276665259443133 0.12368891283960573 0.18553343049067708 0.2989150554047319 0.4535264135037457 0.6390600934362826 0.8349012736613319 0.9895128072546211 1.0822798281551065 1.1956617091525685 1.3193510464202027 1.4636552514338792 1.6388817818897805 1.6388819602722569 1.6388821130837214 1.6388822593502324 1.6388823914332364 1.6388825045822217 1.6388826123805957 1.6388827102301315 1.638882794052993 1.6388828739120194 1.6388829464007608 1.6388830081917298 1.6388830676593171 1.63888312136031 1.6388831673632933 1.638883211395952 1.6388832491165517 1.6388832853896345 1.6388833179772306 1.6388833458934116 1.6388833727383165 1.638883395729908 1.6388834177196505 1.638883436552989
72.83336633165104 74.82096500122438 76.70309684274214 78.39550931979468 79.8746714568605 81.1850120369391 82.42776375095451 83.6771118287751 84.94974830391655 86.17286144848421 87.28749152459098 88.26865973689463 89.15565318953652 90.02711493388043 90.94551393615505 91.87947160084019 92.77679023183715 93.53503505101467 94.13664450178588 94.58335537989927 94.9163961053382 95.15805462458913 95.2416406553767 95.11923957312843 94.76226665363089 94.19195821894634 93.47006986631746 92.65900311044467 91.67018676821566 90.31295500555892 88.44582680876574 86.01788119658578 83.15101408511205 79.8254577269095 76.07241540954415 71.90288805517847 67.3892682172662 62.53261973588578 57.231580152054995 51.41515916874015 45.29925156464846 39.161871539774026 33.271329786736445 27.71145103925644 22.617371489350557 18.062556211273385 14.068938626375036 10.545106668423916 7.450804068716097 4.8588220607360615 2.955151805016035 1.7508603222202743 1.0713368272247448 0.7006284148043718 0.504949940613352 0.39165774273709064 0.34017112634023916 0.30928549186269605 0.3093227855368923 0.3299783744461378 0.39188817072593257 0.5053723782289236 0.6188707178080571 0.6808078534721079 0.7014825575605048 0.7118412763731942 0.7015608480809292 0.6809583321201528 0.6500346674435603 0.6087858662336741 0.5675329391223469 0.4746786562174524 0.35085932716499996 0.22703276507077985 0.14447872565541922 0.11352149909786095 0.0928829697655637 0.08256412872799365 0.07224472823608322 0.0722457895140089 0.061925741555151695 0.06192648673847361 0.06192712497252402 0.061927735408099815 0.06192825566435429 0.05160729663678699 0.05160767294228661 0.06192959238582221 0.061929960761872835 0.07225199087395949 0.0825741064011705 0.09289628055781828 0.11354032642966891 0.14450639379218586 0.20643834314069734 0.29933648677307495 0.44384494630325044 0.6399639431003186 0.8670498370050439 1.0838143249711691 1.2696133622839723 1.4347685307588725 1.5689578385647154 1.6825029626088304 1.7857261678671406 1.8786271669737271 1.961206130718156 1.9921742354098608 1.9921757703215055 1.9818550753641166 2.0231449983464973 2.1366901436952896 2.3844235638891393 2.7869899546981767 3.3856781144623516 4.190810575732868 5.233353930140729 6.45137531717924 7.772619167894984 9.135152486402495 10.446075078794175 11.695064891787563 12.892443781732206 13.718223279858995 14.574969348081712 15.380104488248525 16.07169510316651 16.567163615745052 16.56716541898169 16.567166963725526 16.567168442307597 16.56716977751113 16.567170921314037 16.567172011028575 16.56717300017208 16.567173847522437 16.56717465480309 16.567175387578846 16.56717601221273 16.567176613359965 16.56717715621372 16.567177621249673 16.567178066367966 16.56717844767878 16.567178814356907 16.567179143779104 16.567179425978797 16.567179697349154 16.56717992976705 16.567180152057436 16.567180342440295
68.45641965014077 67.62404779738799 66.19968787213135 64.32196640240541 62.104562767691476 59.63854701451143 56.987684880587295 54.228429180326295 51.5481397280922 49.17905718191992 47.4171366513298 46.30761284440067 45.76992386766501 45.48789721874818 45.15891982065015 44.362914471248025 42.88073487832056 40.5963411972427 37.66799899749525 34.29907162016666 30.648616457689116 26.829176850317857 22.91503975040966 18.94105403862032 15.032790988745916 11.36742085941342 8.255251197643606 5.876675528490945 4.280052008569482 3.3290508268365477 2.7930853918754477 2.6031394357363093 2.6790253957375807 2.960317564456679 3.365470491341061 3.740286994148987 4.0123707405512485 4.140056385472754 4.164267609806603 4.126131636087872 4.025543947675976 3.862422391969911 3.6056206125337353 3.2135767115008402 2.7069002487083327 2.137392722560018 1.6296132455580004 1.2563832504738643 1.049048595081144 0.9350636218264121 0.9145137225818455 0.9459183003535225 1.039686370165283 1.216674347809527 1.4872978109852908 1.8932334271038689 2.444899581768199 3.1319472951054563 3.912804583220358 4.7041763165909085 5.464463343486727 6.120718458170929 6.672926930492077 7.110677482831715 7.454708091097309 7.684225375124894 7.799161351515906 7.809936844018019 7.74780284450519 7.696028082570453 7.758795616749629 8.061066225152365 8.68619981724406 9.7175583549982 11.175970442583205 13.009407771597939 15.155359142235568 17.48887071530668 19.916162700722587 22.312263173754438 24.572965011334368 26.646206399477723 28.490275840481274 30.115612196318033 31.48050661676164 32.616235108503766 33.61653087404325 34.5334652546358 35.523323374162324 36.690259707177056 38.107218709397756 39.84711761235917 41.87869714887559 44.149891004002356 46.55650599581587 48.97354773942739 51.26557638852261 53.32840585460943 55.10996088120083 56.57897122671508 57.735449376341144 58.63147054687501 59.277462925025446 59.72550503927162 60.00685959128515 60.19444350601391 60.37160715403119 60.64252350881943 61.080121846899424 61.830255856686634 63.0283544706956 64.76818461835192 67.04974282896568 69.67509338751395 72.37336692955188 74.91537231639549 77.24901648685945 79.43680985931618 81.5516750748204 83.63528671470218 85.541790897515 87.02115901962806 87.82335794180825 88.1463304365809 88.07341834689981 87.82340032728233 87.63588808815204 87.67757050018253 87.67758004336149 87.67758821853195 87.67759604355783 87.6776031097886 87.67760916307948 87.67761493012115 87.67762016491581 87.67762464930567 87.67762892163665 87.6776327996691 87.67763610538773 87.67763928680914 87.67764215972689 87.67764462081338 87.67764697649064 87.67764899448278 87.67765093503505 87.67765267841965 87.67765417189096 87.67765560805071 87.67765683806432 87.67765801448058 87.67765902203426
68.45641965014077 67.62404779738799 66.19968787213135 64.32196640240541 62.104562767691476 59.63854701451143 56.987684880587295 54.228429180326295 51.5481397280922 49.17905718191992 47.4171366513298 46.30761284440067 45.76992386766501 45.48789721874818 45.15891982065015 44.362914471248025 42.88073487832056 40.5963411972427 37.66799899749525 34.29907162016666 30.648616457689116 26.829176850317857 22.91503975040966 18.94105403862032 15.032790988745916 11.36742085941342 8.255251197643606 5.876675528490945 4.280052008569482 3.3290508268365477 2.7930853918754477 2.6031394357363093 2.6790253957375807 2.960317564456679 3.365470491341061 3.740286994148987 4.0123707405512485 4.140056385472754 4.164267609806603 4.126131636087872 4.025543947675976 3.862422391969911 3.6056206125337353 3.2135767115008402 2.7069002487083327 2.137392722560018 1.6296132455580004 1.2563832504738643 1.049048595081144 0.9350636218264121 0.9145137225818455 0.9459183003535225 1.039686370165283 1.216674347809527 1.4872978109852908 1.8932334271038689 2.444899581768199 3.1319472951054563 3.912804583220358 4.7041763165909085 5.464463343486727 6.120718458170929 6.672926930492077 7.110677482831715 7.454708091097309 7.684225375124894 7.799161351515906 7.809936844018019 7.74780284450519 7.696028082570453 7.758795616749629 8.061066225152365 8.68619981724406 9.7175583549982 11.175970442583205 13.009407771597939 15.155359142235568 17.48887071530668 19.916162700722587 22.312263173754438 24.572965011334368 26.646206399477723 28.490275840481274 30.115612196318033 31.48050661676164 32.616235108503766 33.61653087404325 34.5334652546358 35.523323374162324 36.690259707177056 38.107218709397756 39.84711761235917 41.87869714887559 44.149891004002356 46.55650599581587 48.97354773942739 51.26557638852261 53.32840585460943 55.10996088120083 56.57897122671508 57.735449376341144 58.63147054687501 59.277462925025446 59.72550503927162 60.00685959128515 60.19444350601391 60.37160715403119 60.64252350881943 61.080121846899424 61.830255856686634 63.0283544706956 64.76818461835192 67.04974282896568 69.67509338751395 72.37336692955188 74.91537231639549 77.24901648685945 79.43680985931618 81.5516750748204 83.63528671470218 85.541790897515 87.02115901962806 87.82335794180825 88.1463304365809 88.07341834689981 87.82340032728233 87.63588808815204 87.67757050018253 87.67758004336149 87.67758821853195 87.67759604355783 87.6776031097886 87.67760916307948 87.67761493012115 87.67762016491581 87.67762464930567 87.67762892163665 87.6776327996691 87.67763610538773 87.67763928680914 87.67764215972689 87.67764462081338 87.67764697649064 87.67764899448278 87.67765093503505 87.67765267841965 87.67765417189096 87.67765560805071 87.67765683806432 87.67765801448058 87.67765902203426
68.45641965014077 67.62404779738799 66.19968787213135 64.32196640240541 62.104562767691476 59.63854701451143 56.987684880587295 54.228429180326295 51.5481397280922 49.17905718191992 47.4171366513298 46.30761284440067 45.76992386766501 45.48789721874818 45.15891982065015 44.362914471248025 42.88073487832056 40.5963411972427 37.66799899749525 34.29907162016666 30.648616457689116 26.829176850317857 22.91503975040966 18.94105403862032 15.032790988745916 11.36742085941342 8.255251197643606 5.876675528490945 4.280052008569482 3.3290508268365477 2.7930853918754477 2.6031394357363093 2.6790253957375807 2.960317564456679 3.365470491341061 3.740286994148987 4.0123707405512485 4.140056385472754 4.164267609806603 4.126131636087872 4.025543947675976 3.862422391969911 3.6056206125337353 3.2135767115008402 2.7069002487083327 2.137392722560018 1.6296132455580004 1.2563832504738643 1.049048595081144 0.9350636218264121 0.9145137225818455 0.9459183003535225 1.039686370165283 1.216674347809527 1.4872978109852908 1.8932334271038689 2.444899581768199 3.1319472951054563 3.912804583220358 4.7041763165909085 5.464463343486727 6.120718458170929 6.672926930492077 7.110677482831715 7.454708091097309 7.684225375124894 7.799161351515906 7.809936844018019 7.74780284450519 7.696028082570453 7.758795616749629 8.061066225152365 8.68619981724406 9.7175583549982 11.175970442583205 13.009407771597939 15.155359142235568 17.48887071530668 19.916162700722587 22.312263173754438 24.572965011334368 26.646206399477723 28.490275840481274 30.115612196318033 31.48050661676164 32.616235108503766 33.61653087404325 34.5334652546358 35.523323374162324 36.690259707177056 38.107218709397756 39.84711761235917 41.87869714887559 44.149891004002356 46.55650599581587 48.97354773942739 51.26557638852261 53.32840585460943 55.10996088120083 56.57897122671508 57.735449376341144 58.63147054687501 59.277462925025446 59.72550503927162 60.00685959128515 60.19444350601391 60.37160715403119 60.64252350881943 61.080121846899424 61.830255856686634 63.0283544706956 64.76818461835192 67.04974282896568 69.67509338751395 72.37336692955188 74.91537231639549 77.24901648685945 79.43680985931618 81.5516750748204 83.63528671470218 85.541790897515 87.02115901962806 87.82335794180825 88.1463304365809 88.07341834689981 87.82340032728233 87.63588808815204 87.67757050018253 87.67758004336149 87.67758821853195 87.67759604355783 87.6776031097886 87.67760916307948 87.67761493012115 87.67762016491581 87.67762464930567 87.67762892163665 87.6776327996691 87.67763610538773 87.67763928680914 87.67764215972689 87.67764462081338 87.67764697649064 87.67764899448278 87.67765093503505 87.67765267841965 87.67765417189096 87.67765560805071 87.67765683806432 87.67765801448058 87.67765902203426
68.45641965014077 67.62404779738799 66.19968787213135 64.32196640240541 62.104562767691476 59.63854701451143 56.987684880587295 54.228429180326295 51.5481397280922 49.17905718191992 47.4171366513298 46.30761284440067 45.76992386766501 45.48789721874818 45.15891982065015 44.362914471248025 42.88073487832056 40.5963411972427 37.66799899749525 34.29907162016666 30.648616457689116 26.829176850317857 22.91503975040966 18.94105403862032 15.032790988745916 11.36742085941342 8.255251197643606 5.876675528490945 4.280052008569482 3.3290508268365477 2.7930853918754477 2.6031394357363093 2.6790253957375807 2.960317564456679 3.365470491341061 3.740286994148987 4.0123707405512485 4.140056385472754 4.164267609806603 4.126131636087872 4.025543947675976 3.862422391969911 3.6056206125337353 3.2135767115008402 2.7069002487083327 2.137392722560018 1.6296132455580004 1.2563832504738643 1.049048595081144 0.9350636218264121 0.9145137225818455 0.9459183003535225 1.039686370165283 1.216674347809527 1.4872978109852908 1.8932334271038689 2.444899581768199 3.1319472951054563 3.912804583220358 4.7041763165909085 5.464463343486727 6.120718458170929 6.672926930492077 7.110677482831715 7.454708091097309 7.684225375124894 7.799161351515906 7.809936844018019 7.74780284450519 7.696028082570453 7.758795616749629 8.061066225152365 8.68619981724406 9.7175583549982 11.175970442583205 13.009407771597939 15.155359142235568 17.48887071530668 19.916162700722587 22.312263173754438 24.572965011334368 26.646206399477723 28.490275840481274 30.115612196318033 31.48050661676164 32.616235108503766 33.61653087404325 34.5334652546358 35.523323374162324 36.690259707177056 38.107218709397756 39.84711761235917 41.87869714887559 44.149891004002356 46.55650599581587 48.97354773942739 51.26557638852261 53.32840585460943 55.10996088120083 56.57897122671508 57.735449376341144 58.63147054687501 59.277462925025446 59.72550503927162 60.00685959128515 60.19444350601391 60.37160715403119 60.64252350881943 61.080121846899424 61.830255856686634 63.0283544706956 64.76818461835192 67.04974282896568 69.67509338751395 72.37336692955188 74.91537231639549 77.24901648685945 79.43680985931618 81.5516750748204 83.63528671470218 85.541790897515 87.02115901962806 87.82335794180825 88.1463304365809 88.07341834689981 87.82340032728233 87.63588808815204 87.67757050018253 87.67758004336149 87.67758821853195 87.67759604355783 87.6776031097886 87.67760916307948 87.67761493012115 87.67762016491581 87.67762464930567 87.67762892163665 87.6776327996691 87.67763610538773 87.67763928680914 87.67764215972689 87.67764462081338 87.67764697649064 87.67764899448278 87.67765093503505 87.67765267841965 87.67765417189096 87.67765560805071 87.67765683806432 87.67765801448058 87.67765902203426
68.45641965014077 67.62404779738799 66.19968787213135 64.32196640240541 62.104562767691476 59.63854701451143 56.987684880587295 54.228429180326295 51.5481397280922 49.17905718191992 47.4171366513298 46.30761284440067 45.76992386766501 45.48789721874818 45.15891982065015 44.362914471248025 42.88073487832056 40.5963411972427 37.66799899749525 34.29907162016666 30.648616457689116 26.829176850317857 22.91503975040966 18.94105403862032 15.032790988745916 11.36742085941342 8.255251197643606 5.876675528490945 4.280052008569482 3.3290508268365477 2.7930853918754477 2.6031394357363093 2.6790253957375807 2.960317564456679 3.365470491341061 3.740286994148987 4.0123707405512485 4.140056385472754 4.164267609806603 4.126131636087872 4.025543947675976 3.862422391969911 3.6056206125337353 3.2135767115008402 2.7069002487083327 2.137392722560018 1.6296132455580004 1.2563832504738643 1.049048595081144 0.9350636218264121 0.9145137225818455 0.9459183003535225 1.039686370165283 1.216674347809527 1.4872978109852908 1.8932334271038689 2.444899581768199 3.1319472951054563 3.912804583220358 4.7041763165909085 5.464463343486727 6.120718458170929 6.672926930492077 7.110677482831715 7.454708091097309 7.684225375124894 7.799161351515906 7.809936844018019 7.74780284450519 7.696028082570453 7.758795616749629 8.061066225152365 8.68619981724406 9.7175583549982 11.175970442583205 13.009407771597939 15.155359142235568 17.48887071530668 19.916162700722587 22.312263173754438 24.572965011334368 26.646206399477723 28.490275840481274 30.115612196318033 31.48050661676164 32.616235108503766 33.61653087404325 34.5334652546358 35.523323374162324 36.690259707177056 38.107218709397756 39.84711761235917 41.87869714887559 44.149891004002356 46.55650599581587 48.97354773942739 51.26557638852261 53.32840585460943 55.10996088120083 56.57897122671508 57.735449376341144 58.63147054687501 59.277462925025446 59.72550503927162 60.00685959128515 60.19444350601391 60.37160715403119 60.64252350881943 61.080121846899424 61.830255856686634 63.0283544706956 64.76818461835192 67.04974282896568 69.67509338751395 72.37336692955188 74.91537231639549 77.24901648685945 79.43680985931618 81.5516750748204 83.63528671470218 85.541790897515 87.02115901962806 87.82335794180825 88.1463304365809 88.07341834689981 87.82340032728233 87.63588808815204 87.67757050018253 87.67758004336149 87.67758821853195 87.67759604355783 87.6776031097886 87.67760916307948 87.67761493012115 87.67762016491581 87.67762464930567 87.67762892163665 87.6776327996691 87.67763610538773 87.67763928680914 87.67764215972689 87.67764462081338 87.67764697649064 87.67764899448278 87.67765093503505 87.67765267841965 87.67765417189096 87.67765560805071 87.67765683806432 87.67765801448058 87.67765902203426
68.45641965014077 67.62404779738799 66.19968787213135 64.32196640240541 62.104562767691476 59.63854701451143 56.987684880587295 54.228429180326295 51.5481397280922 49.17905718191992 47.4171366513298 46.30761284440067 45.76992386766501 45.48789721874818 45.15891982065015 44.362914471248025 42.88073487832056 40.5963411972427 37.66799899749525 34.29907162016666 30.648616457689116 26.829176850317857 22.91503975040966 18.94105403862032 15.032790988745916 11.36742085941342 8.255251197643606 5.876675528490945 4.280052008569482 3.3290508268365477 2.7930853918754477 2.6031394357363093 2.6790253957375807 2.960317564456679 3.365470491341061 3.740286994148987 4.0123707405512485 4.140056385472754 4.164267609806603 4.126131636087872 4.025543947675976 3.862422391969911 3.6056206125337353 3.2135767115008402 2.7069002487083327 2.137392722560018 1.6296132455580004 1.2563832504738643 1.049048595081144 0.9350636218264121 0.9145137225818455 0.9459183003535225 1.039686370165283 1.216674347809527 1.4872978109852908 1.8932334271038689 2.444899581768199 3.1319472951054563 3.912804583220358 4.7041763165909085 5.464463343486727 6.120718458170929 6.672926930492077 7.110677482831715 7.454708091097309 7.684225375124894 7.799161351515906 7.809936844018019 7.74780284450519 7.696028082570453 7.758795616749629 8.061066225152365 8.68619981724406 9.7175583549982 11.175970442583205 13.009407771597939 15.155359142235568 17.48887071530668 19.916162700722587 22.312263173754438 24.572965011334368 26.646206399477723 28.490275840481274 30.115612196318033 31.48050661676164 32.616235108503766 33.61653087404325 34.5334652546358 35.523323374162324 36.690259707177056 38.107218709397756 39.84711761235917 41.87869714887559 44.149891004002356 46.55650599581587 48.97354773942739 51.26557638852261 53.32840585460943 55.10996088120083 56.57897122671508 57.735449376341144 58.63147054687501 59.277462925025446 59.72550503927162 60.00685959128515 60.19444350601391 60.37160715403119 60.64252350881943 61.080121846899424 61.830255856686634 63.0283544706956 64.76818461835192 67.04974282896568 69.67509338751395 72.37336692955188 74.91537231639549 77.24901648685945 79.43680985931618 81.5516750748204 83.63528671470218 85.541790897515 87.02115901962806 87.82335794180825 88.1463304365809 88.07341834689981 87.82340032728233 87.63588808815204 87.67757050018253 87.67758004336149 87.67758821853195 87.67759604355783 87.6776031097886 87.67760916307948 87.67761493012115 87.67762016491581 87.67762464930567 87.67762892163665 87.6776327996691 87.67763610538773 87.67763928680914 87.67764215972689 87.67764462081338 87.67764697649064 87.67764899448278 87.67765093503505 87.67765267841965 87.67765417189096 87.67765560805071 87.67765683806432 87.67765801448058 87.67765902203426