4 151 9
300.0440999999999 302.0443999999999 304.0446999999999 306.0449999999999 308.0452999999999 310.0455999999999 312.0458999999999 314.0461999999999 316.04649999999987 318.0467999999999 320.0470999999999 322.04739999999987 324.0476999999999 326.0479999999999 328.04829999999987 330.0485999999999 332.0488999999999 334.04919999999987 336.0494999999999 338.0497999999999 340.0500999999999 342.05039999999985 344.0506999999999 346.0509999999999 348.05129999999986 350.0515999999999 352.0518999999999 354.05219999999986 356.0524999999999 358.0527999999999 360.05309999999986 362.0533999999999 364.0536999999999 366.05399999999986 368.0542999999999 370.0545999999999 372.05489999999986 374.0551999999999 376.0554999999999 378.05579999999986 380.05609999999984 382.0563999999999 384.05669999999986 386.05699999999985 388.0572999999999 390.05759999999987 392.05789999999985 394.0581999999999 396.05849999999987 398.05879999999985 399.99 402.04 403.99 406.05 407.99 410.06 412.01 413.96 416.02 417.97 420.04 422.0 423.95 426.02 427.98 430.05 432.01 433.96 436.03 437.99 440.06 442.01 443.96 446.03 447.98 450.04 451.98 454.04 455.99 458.04 459.98 462.03 463.97 466.02 467.95 470.0 472.05 473.98 476.02 477.96 480.0 482.05 483.98 486.03 487.96 490.01 492.06 493.99 496.05 497.98 500.04 501.98 504.04 505.98 508.04 509.99 512.05 514.0 515.95 518.01 519.96 522.03 523.98 526.04 527.99 530.05 532.0 534.06 536.0 538.06 540.0 542.05 543.99 546.04 547.98 550.03 551.96 554.0 556.04 557.97 560.01 562.05 563.98 566.01 568.05 569.98 572.01 574.05 575.97 578.01 580.05 581.98 584.02 585.95 588.0 590.04 591.97 594.02 595.96 598.01 599.95
0.0 13.54 26.89 39.77 50.0 60.0 70.0 80.0 90.0
72.75349827254115 74.66151583898615 76.47627608810272 78.19604980214868 79.82018180608307 81.34898896211865 82.78364764184633 84.12607594356437 85.37881524501394 86.54491489050437 87.7186290165448 88.74150051050323 89.67062377621316 90.53761289062005 91.34685238702399 92.09315719874292 92.76138172479051 93.32612371873132 93.79037686346082 94.19621459011485 94.59626961775736 95.07348562997166 95.64248234655277 96.20822277371222 96.68385854136197 97.03124272558533 97.29198616437897 97.55838878843448 97.81748400234058 98.02109683453934 98.20606244608673 98.28800408504455 98.25755850918698 98.29386014617403 98.43928754750458 98.63429563549843 98.7576749898566 98.72848209687078 98.59833985176986 98.49063581304367 98.54954286342091 98.77609374662323 99.06869176651124 99.27413707090929 99.26965307554237 99.10673523616097 98.90885019256393 98.8407212845207 98.94394113449933 99.14702680940682 99.28498433689914 99.23693321066918 98.96952569580675 98.58793355865814 98.25475575405503 98.09584109614588 98.150652735846 98.327738131655 98.50431743858584 98.58656266930576 98.5757427933005 98.5532159762509 98.6431559052809 98.89760276989078 99.2746415431182 99.66174606464129 99.91411195140617 99.91875260745462 99.70685755059114 99.380973982841 99.06519834000281 98.81068757647797 98.52496520200732 98.02273052698699 97.12851386075877 95.76014855774572 94.04105429530908 92.18786364127911 90.4580330029893 89.00632355543738 87.78110488045469 86.46305851371108 84.56771998324275 81.88907224731011 78.50946302509838 74.73814983864955 70.76060101341955 66.35006996104316 61.187124653130226 55.17896967176471 48.4183905982645 41.17333459808355 33.886967320021284 27.064324432608384 21.03520822847606 15.902705887140236 11.522535873148442 7.760723916958024 4.761570205688716 2.7312088017654803 1.5356635749714906 0.9069704887741324 0.5771638928286786 0.401953932449587 0.2988891838702109 0.24735682270426684 0.2061308900581619 0.1855179586265153 0.1649049791667956 0.16490510059083865 0.17521177984758426 0.2061316304805198 0.31950419200953317 0.4225702686575568 0.4431836395178461 0.45349041867779016 0.44318397129875026 0.4431841175620173 0.4328776319074423 0.4225711358045209 0.4019580022134902 0.38134485530478157 0.32981182895154343 0.20613243027664038 0.09275960795466931 0.06183974777361528 0.04122650370721014 0.030919881507243927 0.030919884872688035 0.030919887755697914 0.030919890515227758 0.03091989300716518 0.03091989514188487 0.030919897175657525 0.020613266014487285 0.020613267068780514 0.020613268073218075 0.020613268984954893 0.020613269762139053 0.02061327051010057 0.02061327118553197 0.020613271764140635 0.020613272317967276 0.020613272792403152 0.03091990987294903 0.03091991048776129 0.03091991101444053 0.030919911520908595 0.04122654927290442 0.04122654982606226 0.05153318787477489
72.7214846066433 74.6286625895858 76.44262429114549 78.16164125448655 79.7850585928642 81.31319302906256 82.74722041703464 84.0890580110594 85.3412460705975 86.50683259815766 87.59834549183499 88.64739692557086 89.62194231221319 90.48846656399245 91.24056626577392 91.8812261395397 92.44235223787402 92.99532222490748 93.60334709441254 94.28174477743445 94.9571736470112 95.54453211078258 95.99662189471329 96.35492481337671 96.70138938141527 97.05883745800693 97.3470107350968 97.54589380603772 97.61859598430347 97.6500358324444 97.76344350728512 97.97120976620378 98.20430355801527 98.32188106831207 98.28405592801893 98.18325090858694 98.15308380956802 98.30717598868529 98.60604491508836 98.90759113827392 99.05893795944738 99.019451332939 98.85091040550472 98.72804966334151 98.76434904580199 98.95023024288143 99.1527798251043 99.20800625188176 99.04416100855715 98.70248259935323 98.32624022683419 98.10311715285556 98.08232923165112 98.22524826884022 98.41678903201336 98.53577160894258 98.52888695235961 98.50013799836852 98.54290311904907 98.74872258274797 99.10864777785191 99.49812164014486 99.77353561584643 99.83237556534469 99.6635416832836 99.37078317020367 99.06682968891195 98.81386175555778 98.54008114614228 98.0286620691074 97.12548428180075 95.7374181639537 94.01924609751345 92.18751964531839 90.50990897370559 89.10006938378463 87.86507625435819 86.4135527719556 84.35370919692427 81.44864469878195 77.92495896864398 73.97858568422919 69.75372362090917 65.09587192312775 59.685459347949454 53.47101789876227 46.57619348901136 39.310180550874705 32.11621688710224 25.458107165609704 19.655403659254528 14.677199056540054 10.471973630564298 6.967598261542193 4.246537502532919 2.4221827126391102 1.3811632074542355 0.8142697218018708 0.525668955551472 0.3607538800597272 0.2679890812304436 0.22676034121662852 0.18553146295607195 0.17522438051360287 0.1649172639209109 0.17522477478960113 0.2061469983573704 0.2782986841621751 0.3813725647250226 0.44321709076277815 0.4535247509107898 0.45352502544269657 0.45352525932058496 0.4432180854971386 0.4329108708482265 0.4226036395968539 0.3916815573254181 0.3504520353712789 0.2679928082938976 0.1546112773308224 0.0824593668950042 0.05153711565810691 0.04122970030227588 0.04122970773924216 0.030922285581531945 0.0309222901504735 0.03092229404437773 0.03092229777150529 0.030922301137212397 0.030922304020447572 0.030922306780193063 0.030922309272325216 0.03092231140721173 0.030922313441143313 0.02061487685824065 0.0309223168689244 0.03092231837569848 0.03092231974341058 0.030922320909277923 0.03092232203130787 0.03092232304453415 0.030922323912514968 0.030922324743319848 0.04122976727337237 0.04122976818590275 0.05153721125714562 0.06184465456201553 0.09276698336254623 0.12368931288527608 0.18553397181731893 0.2989158469184697
72.78051192937843 74.68923795016589 76.50467202682032 78.22508429953427 79.84981934999774 81.3791941580757 82.81438553215037 84.15731228271736 85.41051673114129 86.57704935396491 87.79677465913745 88.9309506394641 89.93641579044572 90.82472852251708 91.60810614842929 92.28973300051166 92.88250234003586 93.38992950486045 93.86415137183137 94.3582967027073 94.85739295815294 95.30622973300487 95.63839816695919 95.86593655533322 96.08090667031647 96.36638959485181 96.75589150105041 97.17207479923344 97.5264163447731 97.72942330256481 97.822605009122 97.92898669104866 98.1011107956202 98.34072720222484 98.54742929193496 98.62017586440777 98.53917563707626 98.36637843616515 98.22536314468974 98.1990604769242 98.29876069494902 98.43306144946082 98.53076929746881 98.56155825526493 98.56693654059542 98.62957557823385 98.8116683641896 99.07256313846078 99.35091502677513 99.53379344334105 99.59994219484358 99.5518580857716 99.42829861897341 99.25225764427223 98.94957815855929 98.47100195026748 97.78373649889419 96.90945411697811 95.91068503547241 94.84815900486173 93.63033426370373 92.06028261370147 89.99411688125498 87.38065646609432 84.34296162668657 80.86104237989993 76.96535186299604 72.66650807760963 68.03696185909264 63.07640678451612 57.681984176253074 51.78124993259078 45.59107374749911 39.3901847397803 33.44682498922955 27.843727687820802 22.715046272667305 18.133146771885606 14.118684032423118 10.578847750265588 7.472372814321639 4.871550290093257 2.9621808111857324 1.7546191698961615 1.073423098182141 0.7018592342603032 0.5057551948344088 0.392220751776874 0.3406147841903006 0.30965138945982634 0.30965289900438925 0.33029788642779834 0.39223021857521984 0.5057723782726505 0.6193150294220919 0.6812485561042396 0.7018943336888613 0.712217936676161 0.7018974870993214 0.6812547185533064 0.6502897709259372 0.6090024698904566 0.5677150073753905 0.4748167869939032 0.35095196362706815 0.22708680040341755 0.14450992542133784 0.11354360927206461 0.09289938825333445 0.0825772948068382 0.07225517851237491 0.07225522225056537 0.061933079581536085 0.061933110104403916 0.06193313624016497 0.06193316121772712 0.06193318260521572 0.05161100253743393 0.05161101705109551 0.06193323719594912 0.06193325145530143 0.0722554759422003 0.0825777023649781 0.09289993191778101 0.11354437877400768 0.14451104888287206 0.20644438154356462 0.2993443893187579 0.44385552212848134 0.6399777892529487 0.8670667595974069 1.0838335368465224 1.2696336593904216 1.4347893517339387 1.5689783775863901 1.6825229514929325 1.7857453054709869 1.8786454333578504 1.9612233285485474 1.992190084971011 1.9921901502487527 1.9818679771214562 2.0231569476686113 2.136701519420254 2.384435081692489 2.787002098953494 3.3856914963994047 4.190825518457169 5.233370856318938 6.451394140209281 7.772639749443951
72.67064653052904 74.57649124504357 76.38918484373723 78.10700007810237 79.72928251921189 81.25634866843563 82.68937355771158 84.0302731010061 85.28158578193741 86.44635747221905 87.58310451548374 88.66960911725558 89.66364671595453 90.56855321734099 91.34960679607715 92.04799206222268 92.66739222516956 93.23099136423053 93.73291119507098 94.21628081093866 94.67524364957787 95.13340970112709 95.57443621544824 95.99145317291241 96.38731177224075 96.72421094255333 97.0042723654313 97.23966220499551 97.38137379497613 97.216453593509 96.43817913486437 94.76862347343958 92.20569015291451 88.88147909672537 85.05274660685788 80.91590568884847 76.61668344682435 72.25998663821397 67.90959486761537 63.63963430697935 59.64841983137358 56.17598251055434 53.524816334337004 51.70748592569739 50.60140349980059 49.834452652697905 49.06485230415712 47.836013511843746 45.91924592924492 43.19993932838023 39.85409234206111 36.10081601239323 32.10551511070394 27.983509999619123 23.80716565975756 19.60848906643293 15.512107559218656 11.695377939197787 8.47080566686535 6.01551750218926 4.371570674789382 3.3934595533396643 2.8419798003499794 2.644380791565528 2.7174285080675946 2.998722097609715 3.4049743150142873 3.7800094325047207 4.050934551764139 4.176058540068676 4.197039776577316 4.155510883508777 4.051476893174987 3.8849402641096766 3.624639062459418 3.2289162603645805 2.7185901966484423 2.1457459007463826 1.635375284525861 1.2604032885267444 1.052085403198292 0.9375131258612179 0.9166889484323042 0.9479490521843449 1.0417110065109743 1.2188117239523926 1.4896696358810613 1.8959549551564754 2.4480882677208644 3.135652518983615 3.9169803812830937 4.708731283865711 5.469232836606886 6.125562980262714 6.677717687025726 7.115280388434143 7.459084067096564 7.688291369545176 7.802903724011233 7.8133361112200905 7.750843438469472 7.698766299598548 7.761284688777498 8.063411983323954 8.688493211654828 9.719871199569225 11.17838386130724 13.011941567173247 15.158038084127352 17.49165957596914 19.919043594705784 22.315176363601385 24.575876838646685 26.649056352461226 28.49304139230235 30.118250781073478 31.48301116969511 32.618577268133635 33.61870918069053 34.53549769048801 35.5252109317411 36.69202945853347 38.108878214843955 39.84868383405294 41.88019183280545 44.15131323689473 46.55786779195809 48.974840651302046 51.26679793172314 53.32955965906192 55.11103648650438 56.57997415509292 57.73637238376742 58.632321391007835 59.27823891853267 59.72621460485616 60.007502684009886 60.19502879235838 60.37213655308008 60.64300597534649 61.0805627355607 61.8306583679334 63.028726735713924 64.76852944376182 67.05006670839896 69.67539699539813 72.37365298623176 74.91563943411272 77.24926633249133 79.43704163027739 81.55189102001953
72.67064653052904 74.57649124504357 76.38918484373723 78.10700007810237 79.72928251921189 81.25634866843563 82.68937355771158 84.0302731010061 85.28158578193741 86.44635747221905 87.58310451548374 88.66960911725558 89.66364671595453 90.56855321734099 91.34960679607715 92.04799206222268 92.66739222516956 93.23099136423053 93.73291119507098 94.21628081093866 94.67524364957787 95.13340970112709 95.57443621544824 95.99145317291241 96.38731177224075 96.72421094255333 97.0042723654313 97.23966220499551 97.38137379497613 97.216453593509 96.43817913486437 94.76862347343958 92.20569015291451 88.88147909672537 85.05274660685788 80.91590568884847 76.61668344682435 72.25998663821397 67.90959486761537 63.63963430697935 59.64841983137358 56.17598251055434 53.524816334337004 51.70748592569739 50.60140349980059 49.834452652697905 49.06485230415712 47.836013511843746 45.91924592924492 43.19993932838023 39.85409234206111 36.10081601239323 32.10551511070394 27.983509999619123 23.80716565975756 19.60848906643293 15.512107559218656 11.695377939197787 8.47080566686535 6.01551750218926 4.371570674789382 3.3934595533396643 2.8419798003499794 2.644380791565528 2.7174285080675946 2.998722097609715 3.4049743150142873 3.7800094325047207 4.050934551764139 4.176058540068676 4.197039776577316 4.155510883508777 4.051476893174987 3.8849402641096766 3.624639062459418 3.2289162603645805 2.7185901966484423 2.1457459007463826 1.635375284525861 1.2604032885267444 1.052085403198292 0.9375131258612179 0.9166889484323042 0.9479490521843449 1.0417110065109743 1.2188117239523926 1.4896696358810613 1.8959549551564754 2.4480882677208644 3.135652518983615 3.9169803812830937 4.708731283865711 5.469232836606886 6.125562980262714 6.677717687025726 7.115280388434143 7.459084067096564 7.688291369545176 7.802903724011233 7.8133361112200905 7.750843438469472 7.698766299598548 7.761284688777498 8.063411983323954 8.688493211654828 9.719871199569225 11.17838386130724 13.011941567173247 15.158038084127352 17.49165957596914 19.919043594705784 22.315176363601385 24.575876838646685 26.649056352461226 28.49304139230235 30.118250781073478 31.48301116969511 32.618577268133635 33.61870918069053 34.53549769048801 35.5252109317411 36.69202945853347 38.108878214843955 39.84868383405294 41.88019183280545 44.15131323689473 46.55786779195809 48.974840651302046 51.26679793172314 53.32955965906192 55.11103648650438 56.57997415509292 57.73637238376742 58.632321391007835 59.27823891853267 59.72621460485616 60.007502684009886 60.19502879235838 60.37213655308008 60.64300597534649 61.0805627355607 61.8306583679334 63.028726735713924 64.76852944376182 67.05006670839896 69.67539699539813 72.37365298623176 74.91563943411272 77.24926633249133 79.43704163027739 81.55189102001953
72.67064653052904 74.57649124504357 76.38918484373723 78.10700007810237 79.72928251921189 81.25634866843563 82.68937355771158 84.0302731010061 85.28158578193741 86.44635747221905 87.58310451548374 88.66960911725558 89.66364671595453 90.56855321734099 91.34960679607715 92.04799206222268 92.66739222516956 93.23099136423053 93.73291119507098 94.21628081093866 94.67524364957787 95.13340970112709 95.57443621544824 95.99145317291241 96.38731177224075 96.72421094255333 97.0042723654313 97.23966220499551 97.38137379497613 97.216453593509 96.43817913486437 94.76862347343958 92.20569015291451 88.88147909672537 85.05274660685788 80.91590568884847 76.61668344682435 72.25998663821397 67.90959486761537 63.63963430697935 59.64841983137358 56.17598251055434 53.524816334337004 51.70748592569739 50.60140349980059 49.834452652697905 49.06485230415712 47.836013511843746 45.91924592924492 43.19993932838023 39.85409234206111 36.10081601239323 32.10551511070394 27.983509999619123 23.80716565975756 19.60848906643293 15.512107559218656 11.695377939197787 8.47080566686535 6.01551750218926 4.371570674789382 3.3934595533396643 2.8419798003499794 2.644380791565528 2.7174285080675946 2.998722097609715 3.4049743150142873 3.7800094325047207 4.050934551764139 4.176058540068676 4.197039776577316 4.155510883508777 4.051476893174987 3.8849402641096766 3.624639062459418 3.2289162603645805 2.7185901966484423 2.1457459007463826 1.635375284525861 1.2604032885267444 1.052085403198292 0.9375131258612179 0.9166889484323042 0.9479490521843449 1.0417110065109743 1.2188117239523926 1.4896696358810613 1.8959549551564754 2.4480882677208644 3.135652518983615 3.9169803812830937 4.708731283865711 5.469232836606886 6.125562980262714 6.677717687025726 7.115280388434143 7.459084067096564 7.688291369545176 7.802903724011233 7.8133361112200905 7.750843438469472 7.698766299598548 7.761284688777498 8.063411983323954 8.688493211654828 9.719871199569225 11.17838386130724 13.011941567173247 15.158038084127352 17.49165957596914 19.919043594705784 22.315176363601385 24.575876838646685 26.649056352461226 28.49304139230235 30.118250781073478 31.48301116969511 32.618577268133635 33.61870918069053 34.53549769048801 35.5252109317411 36.69202945853347 38.108878214843955 39.84868383405294 41.88019183280545 44.15131323689473 46.55786779195809 48.974840651302046 51.26679793172314 53.32955965906192 55.11103648650438 56.57997415509292 57.73637238376742 58.632321391007835 59.27823891853267 59.72621460485616 60.007502684009886 60.19502879235838 60.37213655308008 60.64300597534649 61.0805627355607 61.8306583679334 63.028726735713924 64.76852944376182 67.05006670839896 69.67539699539813 72.37365298623176 74.91563943411272 77.24926633249133 79.43704163027739 81.55189102001953
72.67064653052904 74.57649124504357 76.38918484373723 78.10700007810237 79.72928251921189 81.25634866843563 82.68937355771158 84.0302731010061 85.28158578193741 86.44635747221905 87.58310451548374 88.66960911725558 89.66364671595453 90.56855321734099 91.34960679607715 92.04799206222268 92.66739222516956 93.23099136423053 93.73291119507098 94.21628081093866 94.67524364957787 95.13340970112709 95.57443621544824 95.99145317291241 96.38731177224075 96.72421094255333 97.0042723654313 97.23966220499551 97.38137379497613 97.216453593509 96.43817913486437 94.76862347343958 92.20569015291451 88.88147909672537 85.05274660685788 80.91590568884847 76.61668344682435 72.25998663821397 67.90959486761537 63.63963430697935 59.64841983137358 56.17598251055434 53.524816334337004 51.70748592569739 50.60140349980059 49.834452652697905 49.06485230415712 47.836013511843746 45.91924592924492 43.19993932838023 39.85409234206111 36.10081601239323 32.10551511070394 27.983509999619123 23.80716565975756 19.60848906643293 15.512107559218656 11.695377939197787 8.47080566686535 6.01551750218926 4.371570674789382 3.3934595533396643 2.8419798003499794 2.644380791565528 2.7174285080675946 2.998722097609715 3.4049743150142873 3.7800094325047207 4.050934551764139 4.176058540068676 4.197039776577316 4.155510883508777 4.051476893174987 3.8849402641096766 3.624639062459418 3.2289162603645805 2.7185901966484423 2.1457459007463826 1.635375284525861 1.2604032885267444 1.052085403198292 0.9375131258612179 0.9166889484323042 0.9479490521843449 1.0417110065109743 1.2188117239523926 1.4896696358810613 1.8959549551564754 2.4480882677208644 3.135652518983615 3.9169803812830937 4.708731283865711 5.469232836606886 6.125562980262714 6.677717687025726 7.115280388434143 7.459084067096564 7.688291369545176 7.802903724011233 7.8133361112200905 7.750843438469472 7.698766299598548 7.761284688777498 8.063411983323954 8.688493211654828 9.719871199569225 11.17838386130724 13.011941567173247 15.158038084127352 17.49165957596914 19.919043594705784 22.315176363601385 24.575876838646685 26.649056352461226 28.49304139230235 30.118250781073478 31.48301116969511 32.618577268133635 33.61870918069053 34.53549769048801 35.5252109317411 36.69202945853347 38.108878214843955 39.84868383405294 41.88019183280545 44.15131323689473 46.55786779195809 48.974840651302046 51.26679793172314 53.32955965906192 55.11103648650438 56.57997415509292 57.73637238376742 58.632321391007835 59.27823891853267 59.72621460485616 60.007502684009886 60.19502879235838 60.37213655308008 60.64300597534649 61.0805627355607 61.8306583679334 63.028726735713924 64.76852944376182 67.05006670839896 69.67539699539813 72.37365298623176 74.91563943411272 77.24926633249133 79.43704163027739 81.55189102001953
72.67064653052904 74.57649124504357 76.38918484373723 78.10700007810237 79.72928251921189 81.25634866843563 82.68937355771158 84.0302731010061 85.28158578193741 86.44635747221905 87.58310451548374 88.66960911725558 89.66364671595453 90.56855321734099 91.34960679607715 92.04799206222268 92.66739222516956 93.23099136423053 93.73291119507098 94.21628081093866 94.67524364957787 95.13340970112709 95.57443621544824 95.99145317291241 96.38731177224075 96.72421094255333 97.0042723654313 97.23966220499551 97.38137379497613 97.216453593509 96.43817913486437 94.76862347343958 92.20569015291451 88.88147909672537 85.05274660685788 80.91590568884847 76.61668344682435 72.25998663821397 67.90959486761537 63.63963430697935 59.64841983137358 56.17598251055434 53.524816334337004 51.70748592569739 50.60140349980059 49.834452652697905 49.06485230415712 47.836013511843746 45.91924592924492 43.19993932838023 39.85409234206111 36.10081601239323 32.10551511070394 27.983509999619123 23.80716565975756 19.60848906643293 15.512107559218656 11.695377939197787 8.47080566686535 6.01551750218926 4.371570674789382 3.3934595533396643 2.8419798003499794 2.644380791565528 2.7174285080675946 2.998722097609715 3.4049743150142873 3.7800094325047207 4.050934551764139 4.176058540068676 4.197039776577316 4.155510883508777 4.051476893174987 3.8849402641096766 3.624639062459418 3.2289162603645805 2.7185901966484423 2.1457459007463826 1.635375284525861 1.2604032885267444 1.052085403198292 0.9375131258612179 0.9166889484323042 0.9479490521843449 1.0417110065109743 1.2188117239523926 1.4896696358810613 1.8959549551564754 2.4480882677208644 3.135652518983615 3.9169803812830937 4.708731283865711 5.469232836606886 6.125562980262714 6.677717687025726 7.115280388434143 7.459084067096564 7.688291369545176 7.802903724011233 7.8133361112200905 7.750843438469472 7.698766299598548 7.761284688777498 8.063411983323954 8.688493211654828 9.719871199569225 11.17838386130724 13.011941567173247 15.158038084127352 17.49165957596914 19.919043594705784 22.315176363601385 24.575876838646685 26.649056352461226 28.49304139230235 30.118250781073478 31.48301116969511 32.618577268133635 33.61870918069053 34.53549769048801 35.5252109317411 36.69202945853347 38.108878214843955 39.84868383405294 41.88019183280545 44.15131323689473 46.55786779195809 48.974840651302046 51.26679793172314 53.32955965906192 55.11103648650438 56.57997415509292 57.73637238376742 58.632321391007835 59.27823891853267 59.72621460485616 60.007502684009886 60.19502879235838 60.37213655308008 60.64300597534649 61.0805627355607 61.8306583679334 63.028726735713924 64.76852944376182 67.05006670839896 69.67539699539813 72.37365298623176 74.91563943411272 77.24926633249133 79.43704163027739 81.55189102001953
72.67064653052904 74.57649124504357 76.38918484373723 78.10700007810237 79.72928251921189 81.25634866843563 82.68937355771158 84.0302731010061 85.28158578193741 86.44635747221905 87.58310451548374 88.66960911725558 89.66364671595453 90.56855321734099 91.34960679607715 92.04799206222268 92.66739222516956 93.23099136423053 93.73291119507098 94.21628081093866 94.67524364957787 95.13340970112709 95.57443621544824 95.99145317291241 96.38731177224075 96.72421094255333 97.0042723654313 97.23966220499551 97.38137379497613 97.216453593509 96.43817913486437 94.76862347343958 92.20569015291451 88.88147909672537 85.05274660685788 80.91590568884847 76.61668344682435 72.25998663821397 67.90959486761537 63.63963430697935 59.64841983137358 56.17598251055434 53.524816334337004 51.70748592569739 50.60140349980059 49.834452652697905 49.06485230415712 47.836013511843746 45.91924592924492 43.19993932838023 39.85409234206111 36.10081601239323 32.10551511070394 27.983509999619123 23.80716565975756 19.60848906643293 15.512107559218656 11.695377939197787 8.47080566686535 6.01551750218926 4.371570674789382 3.3934595533396643 2.8419798003499794 2.644380791565528 2.7174285080675946 2.998722097609715 3.4049743150142873 3.7800094325047207 4.050934551764139 4.176058540068676 4.197039776577316 4.155510883508777 4.051476893174987 3.8849402641096766 3.624639062459418 3.2289162603645805 2.7185901966484423 2.1457459007463826 1.635375284525861 1.2604032885267444 1.052085403198292 0.9375131258612179 0.9166889484323042 0.9479490521843449 1.0417110065109743 1.2188117239523926 1.4896696358810613 1.8959549551564754 2.4480882677208644 3.135652518983615 3.9169803812830937 4.708731283865711 5.469232836606886 6.125562980262714 6.677717687025726 7.115280388434143 7.459084067096564 7.688291369545176 7.802903724011233 7.8133361112200905 7.750843438469472 7.698766299598548 7.761284688777498 8.063411983323954 8.688493211654828 9.719871199569225 11.17838386130724 13.011941567173247 15.158038084127352 17.49165957596914 19.919043594705784 22.315176363601385 24.575876838646685 26.649056352461226 28.49304139230235 30.118250781073478 31.48301116969511 32.618577268133635 33.61870918069053 34.53549769048801 35.5252109317411 36.69202945853347 38.108878214843955 39.84868383405294 41.88019183280545 44.15131323689473 46.55786779195809 48.974840651302046 51.26679793172314 53.32955965906192 55.11103648650438 56.57997415509292 57.73637238376742 58.632321391007835 59.27823891853267 59.72621460485616 60.007502684009886 60.19502879235838 60.37213655308008 60.64300597534649 61.0805627355607 61.8306583679334 63.028726735713924 64.76852944376182 67.05006670839896 69.67539699539813 72.37365298623176 74.91563943411272 77.24926633249133 79.43704163027739 81.55189102001953