4 151 9
300.0440999999999 302.0443999999999 304.0446999999999 306.0449999999999 308.0452999999999 310.0455999999999 312.0458999999999 314.0461999999999 316.04649999999987 318.0467999999999 320.0470999999999 322.04739999999987 324.0476999999999 326.0479999999999 328.04829999999987 330.0485999999999 332.0488999999999 334.04919999999987 336.0494999999999 338.0497999999999 340.0500999999999 342.05039999999985 344.0506999999999 346.0509999999999 348.05129999999986 350.0515999999999 352.0518999999999 354.05219999999986 356.0524999999999 358.0527999999999 360.05309999999986 362.0533999999999 364.0536999999999 366.05399999999986 368.0542999999999 370.0545999999999 372.05489999999986 374.0551999999999 376.0554999999999 378.05579999999986 380.05609999999984 382.0563999999999 384.05669999999986 386.05699999999985 388.0572999999999 390.05759999999987 392.05789999999985 394.0581999999999 396.05849999999987 398.05879999999985 399.99 402.04 403.99 406.05 407.99 410.06 412.01 413.96 416.02 417.97 420.04 422.0 423.95 426.02 427.98 430.05 432.01 433.96 436.03 437.99 440.06 442.01 443.96 446.03 447.98 450.04 451.98 454.04 455.99 458.04 459.98 462.03 463.97 466.02 467.95 470.0 472.05 473.98 476.02 477.96 480.0 482.05 483.98 486.03 487.96 490.01 492.06 493.99 496.05 497.98 500.04 501.98 504.04 505.98 508.04 509.99 512.05 514.0 515.95 518.01 519.96 522.03 523.98 526.04 527.99 530.05 532.0 534.06 536.0 538.06 540.0 542.05 543.99 546.04 547.98 550.03 551.96 554.0 556.04 557.97 560.01 562.05 563.98 566.01 568.05 569.98 572.01 574.05 575.97 578.01 580.05 581.98 584.02 585.95 588.0 590.04 591.97 594.02 595.96 598.01 599.95
0.0 13.54 26.89 39.77 50.0 60.0 70.0 80.0 90.0
72.75349827254115 74.66151583898615 76.47627608810272 78.19604980214868 79.82018180608307 81.34898896211865 82.78364764184633 84.12607594356437 85.37881524501394 86.54491489050437 87.62782298236618 88.63128544052536 89.55925475475647 90.5095043488968 91.31849847526392 92.04552444959698 92.72299902830771 93.35510098753242 93.93613480512596 94.45024441890264 94.87120168639939 95.20171006333504 95.48401908492444 95.77082229819628 96.14522980296996 96.62102608795396 97.10135527470966 97.49803717149143 97.77227519530521 97.9656912423811 98.17079579183985 98.37402633412485 98.52649995482265 98.66486960726911 98.70401877177382 98.63429563549843 98.63522281999936 98.74891008820057 98.9152448321125 99.01239985443407 98.95905685828241 98.8068268187286 98.67918216618764 98.7203350665881 98.93105891001338 99.20938333065726 99.40175143937074 99.38515676862792 99.2111072441158 99.0031269156341 98.92514438124091 99.02097719021073 99.21638379357222 99.34923034289487 99.29399864138979 99.02205025462816 98.63440700163717 98.29685630435235 98.13369082614967 98.18500904590077 98.35950017357217 98.5326196928703 98.61225911391361 98.59891182213752 98.57421867271646 98.66255336507848 98.91486781703289 99.29033277973478 99.67595027918674 99.92702329043904 99.93066653142871 99.71739670126735 99.39048466205423 99.07374687448545 98.81842222837646 98.53207150642038 98.0289885504356 97.13422788762543 95.76515159452946 94.0455839720877 92.1918013924099 90.46158851410677 89.00943181760513 87.7839312109977 86.46552832509522 84.56994726640352 81.89101888328454 78.51115765194578 74.7396038377127 70.76182401313719 66.35112785688098 61.18800688581277 55.1796907029787 48.41896275110212 41.173766228692735 33.88729550027031 27.06456100437192 21.035375185274006 15.90281997267898 11.522609208957762 7.760769610426392 4.761595066064196 2.7312219928499966 1.5356701521791913 0.9069740751923643 0.5771659196432893 0.4019552356134157 0.29889004445383016 0.2473574687501934 0.20613137573854828 0.18551835513273626 0.16490530438441586 0.1649053894242752 0.17521206261410893 0.20613192535713776 0.3195046131593522 0.42257076333136656 0.4431841175620173 0.4534908524744633 0.44318436194132677 0.4431844639789764 0.4328779438594818 0.42257140584416497 0.4019582390394487 0.3813450549247516 0.3298119881259482 0.2061325185360507 0.09275964452173178 0.06183976974537607 0.041226517007597226 0.030919890515227758 0.03091989300716518 0.03091989514188487 0.030919897175657525 0.03091989902173092 0.030919900603170763 0.030919902109827105 0.020613268984954893 0.020613269762139053 0.02061327051010057 0.02061327118553197 0.020613271764140635 0.020613272317967276 0.020613272792403152 0.020613273248632692 0.02061327365850753 0.020613274009627022 0.030919911520908595 0.03091991195467831 0.03091991236954669 0.030919912724864933
72.7214846066433 74.6286625895858 76.44262429114549 78.16164125448655 79.7850585928642 81.31319302906256 82.74722041703464 84.0890580110594 85.3412460705975 86.50683259815766 87.58926417880454 88.59228508414992 89.51984606475729 90.38539385691944 91.22166218077118 91.99555367102815 92.67266641349002 93.24647817981011 93.71996256006173 94.12540651269833 94.53492354702965 95.01186591896116 95.57071859905989 96.13620748507562 96.62158629548054 96.97878893226837 97.24941919754599 97.51571563944826 97.80008067008302 98.02109683453934 98.15822237421246 98.17400672287155 98.15352573818177 98.2201828048984 98.38588358646072 98.58083649527937 98.66334105540692 98.59319021641629 98.462915352744 98.40624925705168 98.53676681361462 98.81454817446422 99.09693569325044 99.23061297453035 99.17479828858976 98.9912926892941 98.85496205038365 98.8792648000789 99.0544374311561 99.24728905402579 99.29274305871984 99.12127509374376 98.77152860852796 98.38986584214088 98.1595305914236 98.13438294247624 98.2715507453173 98.458959010911 98.57379108366689 98.56337565819224 98.53195572926926 98.5712164597688 98.77446129410212 99.13194205952097 99.51932570565403 99.79315535659995 99.84980380042997 99.67929438901278 99.38494591548394 99.07963153842093 98.8256439366381 98.55049696696302 98.03804333315902 97.13386543447031 95.74491224805858 94.02602741818771 92.1934051338832 90.51523363101802 89.1047244614059 87.86930845271606 86.41724387674643 84.35702477367177 81.4514890331036 77.92746795610654 73.98069887749632 69.75556074379782 65.09741935751178 59.68674765865637 53.47205815477742 46.57699849448998 39.310807318509056 32.11667995799073 25.458439830210448 19.655635924202606 14.677352921375917 10.472075046984408 6.967659165963157 4.246571207371782 2.4222000893058024 1.3811719979429558 0.8142745160463479 0.5256717000930934 0.3607556224145843 0.26799022902080444 0.22676123789125252 0.18553211448310708 0.17522494860376484 0.16491773876277047 0.1752252324412266 0.2061474840757108 0.2782992789679846 0.3813733168495403 0.4432178670632989 0.45352548283428135 0.4535256742219516 0.453525857128331 0.4432186043419205 0.4329113378115798 0.42260404384806927 0.3916819025714167 0.35045230930376786 0.26799300142215593 0.15461137613353457 0.08245941547848432 0.05153714263588658 0.041229720200631335 0.04122972539250364 0.03092229777150529 0.030922301137212397 0.030922304020447572 0.030922306780193063 0.030922309272325216 0.03092231140721173 0.030922313441143313 0.030922315287360974 0.0309223168689244 0.03092231837569848 0.020614879828940388 0.030922320909277923 0.03092232203130787 0.03092232304453415 0.030922323912514968 0.030922324743319848 0.03092232545502928 0.030922326139427064 0.03092232675428737 0.04122976970801035 0.041229770383353875 0.051537213702198374 0.061844657272439645 0.09276698697469749
72.78051192937843 74.68923795016589 76.50467202682032 78.22508429953427 79.84981934999774 81.3791941580757 82.81438553215037 84.15731228271736 85.41051673114129 86.57704935396491 87.6603595338125 88.66419458148474 89.59250845433095 90.59013629056513 91.5134501181044 92.31835588886084 93.01704502319784 93.62209837870721 94.13664450178588 94.57357022002138 94.93606382106663 95.27659471132172 95.64831710474876 96.03518787129963 96.38059758319955 96.61690012202986 96.75589150105041 96.89000781868415 97.10234454784997 97.4258843545291 97.7820567790664 98.08130261808785 98.23332253523695 98.2796207023063 98.3434817975394 98.47724807329993 98.68225263966069 98.85739197245218 98.90108484237054 98.79333692805751 98.59610752504743 98.43306144946082 98.38704865044187 98.46911827774332 98.5874884456289 98.67069693557312 98.68825662185297 98.68162259855823 98.73344507632903 98.90585245667813 99.1571842589004 99.42826794537959 99.60342098496207 99.66439200592187 99.60910461160529 99.48106665522101 99.2990442435007 98.99197642885359 98.50899643398232 97.81796437487696 96.94075802167805 95.93824208745811 94.87288103997517 93.65234093444346 92.07990159978037 90.01181357037855 87.39591094255222 84.3562927790056 80.87256703845436 76.97529766276625 72.67517254979435 68.04415345864957 63.082443145871906 57.68696167025723 51.7853032384924 45.59436209221361 39.39269951057296 33.448792650928425 27.84518239727893 22.71614038861908 18.133921318733588 14.119238976371983 10.579217182806188 7.472613405910712 4.87168944559587 2.9622588269515733 1.7546608800377446 1.0734462680209182 0.7018728886345589 0.5057639361177164 0.39222700540555977 0.34061969537866704 0.3096554357172788 0.30965655812611254 0.33030134902511576 0.3922340171509258 0.5057767992757971 0.6193199449357921 0.681253443361106 0.7018988009337097 0.7122221300617406 0.7019011517381535 0.6812580088504686 0.6502925561003456 0.6090048780587357 0.5677170010085438 0.47481832638439575 0.3509529741136543 0.2270873935081509 0.14451026591196686 0.11354385194801772 0.09289957146501261 0.08257743944204812 0.07225529512180458 0.07225532561352581 0.06193316121772712 0.06193318260521572 0.061933203044920705 0.06193322046131461 0.06193323719594912 0.05161104287941786 0.051611054244428786 0.06193327677373357 0.061933287945187335 0.07225551376527761 0.08257774221878403 0.09289997169460408 0.1135444235347013 0.14451110022787766 0.20644444814611249 0.2993444765276762 0.443855638899052 0.6399779421317572 0.8670669463715888 1.083833747674809 1.269633883641906 1.4347895806963422 1.5689786036834794 1.6825231713337538 1.7857455165802327 1.8786456339133317 1.961223519026441 1.992190259694092 1.9921903055464205 1.9818681198483026 2.023157079240314 2.136701645593527 2.384435208777355 2.787002231175766 3.3856916447818306 4.190825681639102
72.67064653052904 74.57649124504357 76.38918484373723 78.10700007810237 79.72928251921189 81.25634866843563 82.68937355771158 84.0302731010061 85.28158578193741 86.44635747221905 87.52803234747986 88.53035206178924 89.45726460382322 90.36966797028839 91.24451940068322 92.03836260390463 92.75468618895714 93.35791595190831 93.89006581931086 94.35454369682472 94.77449435054189 95.14337966651183 95.50435964128798 95.85077690949561 96.20582938605871 96.55228375873658 96.8825733305766 97.19899317019625 97.46289859513935 97.67598514936068 97.85006845383438 97.9354348342369 97.7177079211562 96.8887269533634 95.1697419982593 92.55922332903678 89.19015371091683 85.32026426320907 81.14638595486663 76.81430023273361 72.42874573209293 68.05319024135726 63.76146336072588 59.7517940809382 56.264114364914576 53.600829149247836 51.77395457861979 50.66027999224781 49.88693467499737 49.11161933748278 47.8768718174382 45.954997866625526 43.230159271472466 39.879881400423386 36.12157550735605 32.12255397196015 27.996701168247757 23.81736663952289 19.61605489194249 15.517537362913817 11.699155805864917 8.473239498216218 6.01708543810362 4.372598159281583 3.3941827342146964 2.8425386550258755 2.6448424342924435 2.7178580217182704 2.9991494881955574 3.4054143207043817 3.7804601461478056 4.051362741064948 4.176458185509433 4.197401947550134 4.155836166440539 4.051769113812329 3.885188288696816 3.624852298348258 3.2290849567071143 2.718721143020499 2.1458375550381006 1.6354395640023467 1.2604473040944182 1.052119277699108 0.9375399058598769 0.9167130915197483 0.9479715864697662 1.0417334918442174 1.2188354354184727 1.4896953827729469 1.8959851845572422 2.4481235657266422 3.1356934929879476 3.9170266676509873 4.708780646701448 5.469285803701209 6.125616524375389 6.677770688182193 7.115331433243887 7.45913154084478 7.68833663654633 7.802944463327893 7.813373847762581 7.750876635133103 7.69879674270134 7.761311943921835 8.063438125490965 8.68851822820055 9.719896585904344 11.178410199532394 13.011969377503936 15.15806797807657 17.491690212839245 19.919075741167266 22.31520828603716 24.575909232982475 26.649087548669783 28.493072126587514 30.118279591377846 31.483038920257847 32.61860276459864 33.61873340791809 34.535519760034916 35.52523186251517 36.69204866545791 38.10889660702239 39.848700896003514 41.88020834253015 44.15132892392658 46.55788281233595 48.974854919292454 51.26681141911476 53.329572398503316 55.111048357930244 56.57998516108101 57.736382581565124 58.63233074750132 59.278247460802895 59.726222408767576 60.00750977804429 60.19503521850072 60.37214241654155 60.64301129398195 61.08056749698819 61.83066282075013 63.02873083465291 64.76853326837526 67.05007028201217 69.67540030097128 72.37365615810322 74.91564235117019
72.67064653052904 74.57649124504357 76.38918484373723 78.10700007810237 79.72928251921189 81.25634866843563 82.68937355771158 84.0302731010061 85.28158578193741 86.44635747221905 87.52803234747986 88.53035206178924 89.45726460382322 90.36966797028839 91.24451940068322 92.03836260390463 92.75468618895714 93.35791595190831 93.89006581931086 94.35454369682472 94.77449435054189 95.14337966651183 95.50435964128798 95.85077690949561 96.20582938605871 96.55228375873658 96.8825733305766 97.19899317019625 97.46289859513935 97.67598514936068 97.85006845383438 97.9354348342369 97.7177079211562 96.8887269533634 95.1697419982593 92.55922332903678 89.19015371091683 85.32026426320907 81.14638595486663 76.81430023273361 72.42874573209293 68.05319024135726 63.76146336072588 59.7517940809382 56.264114364914576 53.600829149247836 51.77395457861979 50.66027999224781 49.88693467499737 49.11161933748278 47.8768718174382 45.954997866625526 43.230159271472466 39.879881400423386 36.12157550735605 32.12255397196015 27.996701168247757 23.81736663952289 19.61605489194249 15.517537362913817 11.699155805864917 8.473239498216218 6.01708543810362 4.372598159281583 3.3941827342146964 2.8425386550258755 2.6448424342924435 2.7178580217182704 2.9991494881955574 3.4054143207043817 3.7804601461478056 4.051362741064948 4.176458185509433 4.197401947550134 4.155836166440539 4.051769113812329 3.885188288696816 3.624852298348258 3.2290849567071143 2.718721143020499 2.1458375550381006 1.6354395640023467 1.2604473040944182 1.052119277699108 0.9375399058598769 0.9167130915197483 0.9479715864697662 1.0417334918442174 1.2188354354184727 1.4896953827729469 1.8959851845572422 2.4481235657266422 3.1356934929879476 3.9170266676509873 4.708780646701448 5.469285803701209 6.125616524375389 6.677770688182193 7.115331433243887 7.45913154084478 7.68833663654633 7.802944463327893 7.813373847762581 7.750876635133103 7.69879674270134 7.761311943921835 8.063438125490965 8.68851822820055 9.719896585904344 11.178410199532394 13.011969377503936 15.15806797807657 17.491690212839245 19.919075741167266 22.31520828603716 24.575909232982475 26.649087548669783 28.493072126587514 30.118279591377846 31.483038920257847 32.61860276459864 33.61873340791809 34.535519760034916 35.52523186251517 36.69204866545791 38.10889660702239 39.848700896003514 41.88020834253015 44.15132892392658 46.55788281233595 48.974854919292454 51.26681141911476 53.329572398503316 55.111048357930244 56.57998516108101 57.736382581565124 58.63233074750132 59.278247460802895 59.726222408767576 60.00750977804429 60.19503521850072 60.37214241654155 60.64301129398195 61.08056749698819 61.83066282075013 63.02873083465291 64.76853326837526 67.05007028201217 69.67540030097128 72.37365615810322 74.91564235117019
72.67064653052904 74.57649124504357 76.38918484373723 78.10700007810237 79.72928251921189 81.25634866843563 82.68937355771158 84.0302731010061 85.28158578193741 86.44635747221905 87.52803234747986 88.53035206178924 89.45726460382322 90.36966797028839 91.24451940068322 92.03836260390463 92.75468618895714 93.35791595190831 93.89006581931086 94.35454369682472 94.77449435054189 95.14337966651183 95.50435964128798 95.85077690949561 96.20582938605871 96.55228375873658 96.8825733305766 97.19899317019625 97.46289859513935 97.67598514936068 97.85006845383438 97.9354348342369 97.7177079211562 96.8887269533634 95.1697419982593 92.55922332903678 89.19015371091683 85.32026426320907 81.14638595486663 76.81430023273361 72.42874573209293 68.05319024135726 63.76146336072588 59.7517940809382 56.264114364914576 53.600829149247836 51.77395457861979 50.66027999224781 49.88693467499737 49.11161933748278 47.8768718174382 45.954997866625526 43.230159271472466 39.879881400423386 36.12157550735605 32.12255397196015 27.996701168247757 23.81736663952289 19.61605489194249 15.517537362913817 11.699155805864917 8.473239498216218 6.01708543810362 4.372598159281583 3.3941827342146964 2.8425386550258755 2.6448424342924435 2.7178580217182704 2.9991494881955574 3.4054143207043817 3.7804601461478056 4.051362741064948 4.176458185509433 4.197401947550134 4.155836166440539 4.051769113812329 3.885188288696816 3.624852298348258 3.2290849567071143 2.718721143020499 2.1458375550381006 1.6354395640023467 1.2604473040944182 1.052119277699108 0.9375399058598769 0.9167130915197483 0.9479715864697662 1.0417334918442174 1.2188354354184727 1.4896953827729469 1.8959851845572422 2.4481235657266422 3.1356934929879476 3.9170266676509873 4.708780646701448 5.469285803701209 6.125616524375389 6.677770688182193 7.115331433243887 7.45913154084478 7.68833663654633 7.802944463327893 7.813373847762581 7.750876635133103 7.69879674270134 7.761311943921835 8.063438125490965 8.68851822820055 9.719896585904344 11.178410199532394 13.011969377503936 15.15806797807657 17.491690212839245 19.919075741167266 22.31520828603716 24.575909232982475 26.649087548669783 28.493072126587514 30.118279591377846 31.483038920257847 32.61860276459864 33.61873340791809 34.535519760034916 35.52523186251517 36.69204866545791 38.10889660702239 39.848700896003514 41.88020834253015 44.15132892392658 46.55788281233595 48.974854919292454 51.26681141911476 53.329572398503316 55.111048357930244 56.57998516108101 57.736382581565124 58.63233074750132 59.278247460802895 59.726222408767576 60.00750977804429 60.19503521850072 60.37214241654155 60.64301129398195 61.08056749698819 61.83066282075013 63.02873083465291 64.76853326837526 67.05007028201217 69.67540030097128 72.37365615810322 74.91564235117019
72.67064653052904 74.57649124504357 76.38918484373723 78.10700007810237 79.72928251921189 81.25634866843563 82.68937355771158 84.0302731010061 85.28158578193741 86.44635747221905 87.52803234747986 88.53035206178924 89.45726460382322 90.36966797028839 91.24451940068322 92.03836260390463 92.75468618895714 93.35791595190831 93.89006581931086 94.35454369682472 94.77449435054189 95.14337966651183 95.50435964128798 95.85077690949561 96.20582938605871 96.55228375873658 96.8825733305766 97.19899317019625 97.46289859513935 97.67598514936068 97.85006845383438 97.9354348342369 97.7177079211562 96.8887269533634 95.1697419982593 92.55922332903678 89.19015371091683 85.32026426320907 81.14638595486663 76.81430023273361 72.42874573209293 68.05319024135726 63.76146336072588 59.7517940809382 56.264114364914576 53.600829149247836 51.77395457861979 50.66027999224781 49.88693467499737 49.11161933748278 47.8768718174382 45.954997866625526 43.230159271472466 39.879881400423386 36.12157550735605 32.12255397196015 27.996701168247757 23.81736663952289 19.61605489194249 15.517537362913817 11.699155805864917 8.473239498216218 6.01708543810362 4.372598159281583 3.3941827342146964 2.8425386550258755 2.6448424342924435 2.7178580217182704 2.9991494881955574 3.4054143207043817 3.7804601461478056 4.051362741064948 4.176458185509433 4.197401947550134 4.155836166440539 4.051769113812329 3.885188288696816 3.624852298348258 3.2290849567071143 2.718721143020499 2.1458375550381006 1.6354395640023467 1.2604473040944182 1.052119277699108 0.9375399058598769 0.9167130915197483 0.9479715864697662 1.0417334918442174 1.2188354354184727 1.4896953827729469 1.8959851845572422 2.4481235657266422 3.1356934929879476 3.9170266676509873 4.708780646701448 5.469285803701209 6.125616524375389 6.677770688182193 7.115331433243887 7.45913154084478 7.68833663654633 7.802944463327893 7.813373847762581 7.750876635133103 7.69879674270134 7.761311943921835 8.063438125490965 8.68851822820055 9.719896585904344 11.178410199532394 13.011969377503936 15.15806797807657 17.491690212839245 19.919075741167266 22.31520828603716 24.575909232982475 26.649087548669783 28.493072126587514 30.118279591377846 31.483038920257847 32.61860276459864 33.61873340791809 34.535519760034916 35.52523186251517 36.69204866545791 38.10889660702239 39.848700896003514 41.88020834253015 44.15132892392658 46.55788281233595 48.974854919292454 51.26681141911476 53.329572398503316 55.111048357930244 56.57998516108101 57.736382581565124 58.63233074750132 59.278247460802895 59.726222408767576 60.00750977804429 60.19503521850072 60.37214241654155 60.64301129398195 61.08056749698819 61.83066282075013 63.02873083465291 64.76853326837526 67.05007028201217 69.67540030097128 72.37365615810322 74.91564235117019
72.67064653052904 74.57649124504357 76.38918484373723 78.10700007810237 79.72928251921189 81.25634866843563 82.68937355771158 84.0302731010061 85.28158578193741 86.44635747221905 87.52803234747986 88.53035206178924 89.45726460382322 90.36966797028839 91.24451940068322 92.03836260390463 92.75468618895714 93.35791595190831 93.89006581931086 94.35454369682472 94.77449435054189 95.14337966651183 95.50435964128798 95.85077690949561 96.20582938605871 96.55228375873658 96.8825733305766 97.19899317019625 97.46289859513935 97.67598514936068 97.85006845383438 97.9354348342369 97.7177079211562 96.8887269533634 95.1697419982593 92.55922332903678 89.19015371091683 85.32026426320907 81.14638595486663 76.81430023273361 72.42874573209293 68.05319024135726 63.76146336072588 59.7517940809382 56.264114364914576 53.600829149247836 51.77395457861979 50.66027999224781 49.88693467499737 49.11161933748278 47.8768718174382 45.954997866625526 43.230159271472466 39.879881400423386 36.12157550735605 32.12255397196015 27.996701168247757 23.81736663952289 19.61605489194249 15.517537362913817 11.699155805864917 8.473239498216218 6.01708543810362 4.372598159281583 3.3941827342146964 2.8425386550258755 2.6448424342924435 2.7178580217182704 2.9991494881955574 3.4054143207043817 3.7804601461478056 4.051362741064948 4.176458185509433 4.197401947550134 4.155836166440539 4.051769113812329 3.885188288696816 3.624852298348258 3.2290849567071143 2.718721143020499 2.1458375550381006 1.6354395640023467 1.2604473040944182 1.052119277699108 0.9375399058598769 0.9167130915197483 0.9479715864697662 1.0417334918442174 1.2188354354184727 1.4896953827729469 1.8959851845572422 2.4481235657266422 3.1356934929879476 3.9170266676509873 4.708780646701448 5.469285803701209 6.125616524375389 6.677770688182193 7.115331433243887 7.45913154084478 7.68833663654633 7.802944463327893 7.813373847762581 7.750876635133103 7.69879674270134 7.761311943921835 8.063438125490965 8.68851822820055 9.719896585904344 11.178410199532394 13.011969377503936 15.15806797807657 17.491690212839245 19.919075741167266 22.31520828603716 24.575909232982475 26.649087548669783 28.493072126587514 30.118279591377846 31.483038920257847 32.61860276459864 33.61873340791809 34.535519760034916 35.52523186251517 36.69204866545791 38.10889660702239 39.848700896003514 41.88020834253015 44.15132892392658 46.55788281233595 48.974854919292454 51.26681141911476 53.329572398503316 55.111048357930244 56.57998516108101 57.736382581565124 58.63233074750132 59.278247460802895 59.726222408767576 60.00750977804429 60.19503521850072 60.37214241654155 60.64301129398195 61.08056749698819 61.83066282075013 63.02873083465291 64.76853326837526 67.05007028201217 69.67540030097128 72.37365615810322 74.91564235117019
72.67064653052904 74.57649124504357 76.38918484373723 78.10700007810237 79.72928251921189 81.25634866843563 82.68937355771158 84.0302731010061 85.28158578193741 86.44635747221905 87.52803234747986 88.53035206178924 89.45726460382322 90.36966797028839 91.24451940068322 92.03836260390463 92.75468618895714 93.35791595190831 93.89006581931086 94.35454369682472 94.77449435054189 95.14337966651183 95.50435964128798 95.85077690949561 96.20582938605871 96.55228375873658 96.8825733305766 97.19899317019625 97.46289859513935 97.67598514936068 97.85006845383438 97.9354348342369 97.7177079211562 96.8887269533634 95.1697419982593 92.55922332903678 89.19015371091683 85.32026426320907 81.14638595486663 76.81430023273361 72.42874573209293 68.05319024135726 63.76146336072588 59.7517940809382 56.264114364914576 53.600829149247836 51.77395457861979 50.66027999224781 49.88693467499737 49.11161933748278 47.8768718174382 45.954997866625526 43.230159271472466 39.879881400423386 36.12157550735605 32.12255397196015 27.996701168247757 23.81736663952289 19.61605489194249 15.517537362913817 11.699155805864917 8.473239498216218 6.01708543810362 4.372598159281583 3.3941827342146964 2.8425386550258755 2.6448424342924435 2.7178580217182704 2.9991494881955574 3.4054143207043817 3.7804601461478056 4.051362741064948 4.176458185509433 4.197401947550134 4.155836166440539 4.051769113812329 3.885188288696816 3.624852298348258 3.2290849567071143 2.718721143020499 2.1458375550381006 1.6354395640023467 1.2604473040944182 1.052119277699108 0.9375399058598769 0.9167130915197483 0.9479715864697662 1.0417334918442174 1.2188354354184727 1.4896953827729469 1.8959851845572422 2.4481235657266422 3.1356934929879476 3.9170266676509873 4.708780646701448 5.469285803701209 6.125616524375389 6.677770688182193 7.115331433243887 7.45913154084478 7.68833663654633 7.802944463327893 7.813373847762581 7.750876635133103 7.69879674270134 7.761311943921835 8.063438125490965 8.68851822820055 9.719896585904344 11.178410199532394 13.011969377503936 15.15806797807657 17.491690212839245 19.919075741167266 22.31520828603716 24.575909232982475 26.649087548669783 28.493072126587514 30.118279591377846 31.483038920257847 32.61860276459864 33.61873340791809 34.535519760034916 35.52523186251517 36.69204866545791 38.10889660702239 39.848700896003514 41.88020834253015 44.15132892392658 46.55788281233595 48.974854919292454 51.26681141911476 53.329572398503316 55.111048357930244 56.57998516108101 57.736382581565124 58.63233074750132 59.278247460802895 59.726222408767576 60.00750977804429 60.19503521850072 60.37214241654155 60.64301129398195 61.08056749698819 61.83066282075013 63.02873083465291 64.76853326837526 67.05007028201217 69.67540030097128 72.37365615810322 74.91564235117019