4 151 9
300.0440999999999 302.0443999999999 304.0446999999999 306.0449999999999 308.0452999999999 310.0455999999999 312.0458999999999 314.0461999999999 316.04649999999987 318.0467999999999 320.0470999999999 322.04739999999987 324.0476999999999 326.0479999999999 328.04829999999987 330.0485999999999 332.0488999999999 334.04919999999987 336.0494999999999 338.0497999999999 340.0500999999999 342.05039999999985 344.0506999999999 346.0509999999999 348.05129999999986 350.0515999999999 352.0518999999999 354.05219999999986 356.0524999999999 358.0527999999999 360.05309999999986 362.0533999999999 364.0536999999999 366.05399999999986 368.0542999999999 370.0545999999999 372.05489999999986 374.0551999999999 376.0554999999999 378.05579999999986 380.05609999999984 382.0563999999999 384.05669999999986 386.05699999999985 388.0572999999999 390.05759999999987 392.05789999999985 394.0581999999999 396.05849999999987 398.05879999999985 399.99 402.04 403.99 406.05 407.99 410.06 412.01 413.96 416.02 417.97 420.04 422.0 423.95 426.02 427.98 430.05 432.01 433.96 436.03 437.99 440.06 442.01 443.96 446.03 447.98 450.04 451.98 454.04 455.99 458.04 459.98 462.03 463.97 466.02 467.95 470.0 472.05 473.98 476.02 477.96 480.0 482.05 483.98 486.03 487.96 490.01 492.06 493.99 496.05 497.98 500.04 501.98 504.04 505.98 508.04 509.99 512.05 514.0 515.95 518.01 519.96 522.03 523.98 526.04 527.99 530.05 532.0 534.06 536.0 538.06 540.0 542.05 543.99 546.04 547.98 550.03 551.96 554.0 556.04 557.97 560.01 562.05 563.98 566.01 568.05 569.98 572.01 574.05 575.97 578.01 580.05 581.98 584.02 585.95 588.0 590.04 591.97 594.02 595.96 598.01 599.95
0.0 13.54 26.89 39.77 50.0 60.0 70.0 80.0 90.0
72.75349827254115 74.66151583898615 76.47627608810272 78.19604980214868 79.82018180608307 81.34898896211865 82.78364764184633 84.12607594356437 85.37881524501394 86.54491489050437 87.62782298236618 88.63128544052536 89.55925475475647 90.41580920981926 91.20508282822364 91.93120585164674 92.59825526473864 93.21021464352694 93.7709424712388 94.28414799238755 94.85156368149637 95.30034424284534 95.69200211581163 96.05910897524087 96.40456956589946 96.72107892640065 96.99099002279587 97.18622048395237 97.30851723913032 97.39994114342541 97.51288242690846 97.73035603215848 98.06461787135373 98.41588852624376 98.69383680160962 98.85855715926661 98.95155759213056 99.06554395381231 99.18598643554922 99.26289004173849 99.33257709953523 99.30880032978278 99.18144454555227 99.13055877349268 99.19783007073319 99.32229623460316 99.38121388742046 99.29270546000593 99.10835104810947 98.95173409642956 98.96626894760186 99.15466425049453 99.41181312096991 99.58584961367116 99.55123697983899 99.361660279405 99.13874655533435 99.04831410205028 99.13232364299154 99.31759618883795 99.44071327221383 99.37706731147557 99.09630884533438 98.70190870067313 98.35791160979826 98.18870940446105 98.23496974622222 98.40436384229369 98.57359093242985 98.64947396700214 98.63246424428984 98.60461732084403 98.68982605154008 98.93979381058857 99.31302955548408 99.69648523578928 99.94567013041889 99.94747255273488 99.73260918237986 99.40430670553998 99.0860910337605 98.82964614380084 98.54210802824363 98.03810021251712 97.14232061887337 95.7724250483412 94.05203100035928 92.19753430747004 90.466663332521 89.01396358891144 87.7879632005145 86.46915576418547 84.57313072630615 81.89380119630853 78.51357975724186 74.74168703405118 70.76362370754669 66.35264352905146 61.18926907180499 55.180724243971255 48.41978171285948 41.17439889378022 33.887765707512415 27.06489811827219 21.035614630313813 15.90298239302849 11.52271675425125 7.760834602542557 4.761631273441223 2.7312407285357647 1.5356797174876504 0.9069791741142871 0.5771688629849632 0.40195708482060283 0.29889129176784973 0.24735841018788554 0.20613207967383737 0.1855189329329375 0.1649057645361685 0.1649058090944472 0.17521246250331626 0.20613235421880086 0.3195052092968077 0.42257148206711276 0.44318479356119783 0.45349148367317876 0.44318491485250894 0.4431849682704963 0.4328783882176325 0.42257179932787153 0.4019585766979609 0.3813453470883706 0.32981221484677203 0.20613264783771687 0.09275969706519277 0.06183980120634153 0.04122653614643615 0.030919903477432332 0.030919904643208575 0.030919905765150846 0.03091990677829795 0.030919907646210946 0.030919908476950905 0.030919909188604724 0.020613273248632692 0.02061327365850753 0.020613274009627022 0.0206132743472724 0.02061327463645221 0.02061327491303113 0.02061327514990996
72.7214846066433 74.6286625895858 76.44262429114549 78.16164125448655 79.7850585928642 81.31319302906256 82.74722041703464 84.0890580110594 85.3412460705975 86.50683259815766 87.58926417880454 88.59228508414992 89.51984606475729 90.3760236108219 91.16494992576293 91.89075343383041 92.55750932568202 93.16919942445547 93.7296805155325 94.24266021125044 94.72149917260289 95.19928550497241 95.64005169370115 96.00696542744315 96.29239856599976 96.498497777837 96.65741385988036 96.8417365856167 97.1144718571381 97.48838031528773 97.88491392787815 98.21456611420511 98.42772596528272 98.56595690050479 98.71173209347445 98.88667156196587 99.00752075202708 99.05285593955541 98.98431590128412 98.88712820434648 98.88488091083646 98.98871585916778 99.12768885421866 99.1588182157891 99.04140228468373 98.86810535005614 98.7728054228745 98.86899162971005 99.11609596674973 99.3706414588573 99.47781806908091 99.39895453216783 99.19327748094514 99.03804753701225 99.04449962705233 99.20475271971982 99.38324315974008 99.41637046929814 99.23273432884703 98.87228719911846 98.48046536778865 98.24165017341288 98.20797585393781 98.33880411910295 98.52011500350639 98.62905640384928 98.61352888750677 98.57689805830225 98.61220374840315 98.81173735996846 99.16567586760559 99.5500158090579 99.82074056845822 99.8749653926253 99.70208007749078 99.40542092019274 99.09812025122076 98.8422641187628 98.56553143059057 98.05167729523112 97.14596789292928 95.75578707051733 94.0356049523013 92.20197438636808 90.52277490123296 89.1114920494793 87.87533208393691 86.42261770295868 84.36175713123615 81.45563600397307 77.93104723000708 73.9838025476436 69.75818654690863 65.09963109452734 59.688589022252756 53.473548566688095 46.578183093176776 39.31170530319412 32.11734246075268 25.45891667850075 19.655968381017537 14.677578449658139 10.472220353520505 6.967745954540914 4.246619545963456 2.4222248279738983 1.3811848889943819 0.8142813351411792 0.5256756973236798 0.3607580971324938 0.2679918982654667 0.22676251272134829 0.18553306063114838 0.17522575473142687 0.16491842698980058 0.17522589934503696 0.20614818806600957 0.2783001457360156 0.3813743810336235 0.44321899501502415 0.45352651792252313 0.4535266177913408 0.4535267033250347 0.44321935819685315 0.4329119981414472 0.42260463205647114 0.39168239122878457 0.35045270807705997 0.26799327652250743 0.15461152010223786 0.0824594847471815 0.05153718212054203 0.041229748542948974 0.041229751254857755 0.030922315287360974 0.0309223168689244 0.03092231837569848 0.03092231974341058 0.030922320909277923 0.03092232203130787 0.03092232304453415 0.030922323912514968 0.030922324743319848 0.03092232545502928 0.020614884092951376 0.03092232675428737 0.030922327281007765 0.030922327787515407 0.03092232822131902 0.030922328636219822 0.030922328991565832
72.78051192937843 74.68923795016589 76.50467202682032 78.22508429953427 79.84981934999774 81.3791941580757 82.81438553215037 84.15731228271736 85.41051673114129 86.57704935396491 87.6603595338125 88.66419458148474 89.59250845433095 90.44938095139395 91.23894763016222 91.96534026588772 92.63263735702076 93.24482395870622 93.80575998684111 94.31915606319565 94.93606382106663 95.50379654422586 95.97564205180431 96.36373454346975 96.68028849608262 96.92753317573064 97.11763333239716 97.25266536510469 97.38505907913205 97.56753586361243 97.7820567790664 97.96960427159246 98.06043026035351 98.06574795259145 98.07835005482518 98.181183363148 98.40631842039072 98.67326189634454 98.89084663482993 98.96752140511383 98.9447210499904 98.94605426501982 99.02352580156116 99.17782477207568 99.30680512180089 99.30807797433177 99.16133496747669 98.92853241323353 98.73344507632903 98.65879370782716 98.71442632295724 98.81031724341948 98.87202757406827 98.87103335974632 98.84652715027084 98.88327325841178 99.0413388447581 99.28064288792545 99.54007238577196 99.70502820374081 99.75616514294593 99.69243689715869 99.55566947138946 99.36700079540628 99.0534634955289 98.56422542709417 97.86773830728961 96.98497457468842 95.97813454857139 94.90868470537858 93.6842100780325 92.10829750863 90.03669498572425 87.41793422338982 84.37557578276484 80.88922817536672 76.98966160567835 72.68739482890741 68.05453399839038 63.09121589987662 57.694149215549665 51.791185075610095 45.59900635476852 39.396361008786165 33.45157943469537 27.84729726521026 22.717697629194568 18.135048970314937 14.120031053707006 10.57975580654407 7.472956629305929 4.871893824810024 2.962370335028634 1.754720496047971 1.0734793843316262 0.701892451743762 0.5057767992757971 0.39223596512600173 0.340626721680553 0.3096612357060483 0.30966179567901764 0.33030642434736635 0.39223945964117884 0.5057830991891576 0.6193269946360025 0.6812604012102527 0.7019053520464981 0.7122280945247689 0.7019064890251938 0.6812626821564152 0.6502966066113742 0.6090083018261937 0.5677198961640808 0.47482051080043003 0.35095443869426823 0.2270882577983328 0.14451075941217004 0.11354420558235463 0.09289983069197191 0.08257764959459885 0.072255460031185 0.0722554759422003 0.06193327677373357 0.061933287945187335 0.06193329751309509 0.061933306664088014 0.061933314463069385 0.051611101606682405 0.051611107224242024 0.06193333444383375 0.061933339971243354 0.07225556912310149 0.08257779898474288 0.09290002996838452 0.11354448785164666 0.14451117374785924 0.20644454398508522 0.2993446020185585 0.4438558059346713 0.6399781620114129 0.8670672156523067 1.0838340499882964 1.269634206955302 1.4347899091759193 1.5689789282132396 1.6825234893682202 1.785745819747247 1.8786459220670069 1.961223792308872 1.9921905104966262 1.9921905333900167
72.67064653052904 74.57649124504357 76.38918484373723 78.10700007810237 79.72928251921189 81.25634866843563 82.68937355771158 84.0302731010061 85.28158578193741 86.44635747221905 87.52803234747986 88.53035206178924 89.45726460382322 90.31284361398764 91.10121840696421 91.82651452090757 92.4928042975944 93.10406677655277 93.66415604696604 94.1767771292569 94.70501885986708 95.22313938958969 95.68455654627152 96.09193621821014 96.40747648181653 96.67364412378369 96.8927149168145 97.08715332449833 97.24889599471086 97.4206898405542 97.59429140329632 97.79195470785773 97.99484847933596 98.19414476824535 98.39112506795271 98.54574328385927 98.65893607550821 98.74189344304592 98.74377488663002 98.44805307157027 97.54441452646206 95.75286825347392 93.07267230571995 89.63805749789601 85.70813661044315 81.48031577797973 77.10042794907532 72.67294520716179 68.2608650185473 63.93757254133044 59.90064882911088 56.391283290306156 53.71019788273852 51.86984313567454 50.74493720137926 49.962638188900456 49.178894991567134 47.9364823539895 46.00667303834363 43.274259124745576 39.91660366146971 36.15179456671367 32.146643309453246 28.015861063396994 23.83216036385718 19.627052618035812 15.525433344606428 11.704492016901671 8.476762789552723 6.019356199899488 4.374086119509858 3.3952294436688253 2.8433244006086666 2.6455089197958657 2.7184792968445635 2.9997673644677385 3.4060497866055197 3.7810959318977515 4.051980800513121 4.177038997514253 4.1979249256327895 4.156308191318066 4.0521818288655265 3.885549411700666 3.6251543026581903 3.2293302087627502 2.7189075172374615 2.1459709931990876 1.6355313107752154 1.260511477730955 1.0521676024191289 0.9375792379378629 0.9167475992788685 0.9480037945644677 1.0417656298012055 1.2188694076819835 1.4897332703838109 1.8960284949284854 2.4481740656110014 3.1357522259696626 3.9170929205168292 4.708853000566365 5.469361693433807 6.125692824540678 6.677846701044059 7.11540410429344 7.4592011600148975 7.688401022076746 7.803003797258685 7.813427446085084 7.75092491342108 7.698840024603838 7.76135152386256 8.06347522158131 8.688554486720351 9.7199335796408 11.178448373621062 13.012009903512908 15.158110275148655 17.491734727701164 19.91912120278269 22.315254713281853 24.57595508715607 26.649132875165336 28.493115587742018 30.118321512001568 31.483078198097417 32.61863988071191 33.61876791824235 34.53555191830245 35.525261704911145 36.69207677669624 38.108922804009595 39.84872589207622 41.88023206546597 44.15135138590274 46.55790442618753 48.97487545048056 51.26683071228768 53.32959072114734 55.11106547349754 56.580000942922716 57.73639728418622 58.632344170740154 59.278259721999696 59.72623369835788 60.00751996555276 60.19504445143977 60.37215082896658 60.643018928504226 61.0805744826743
72.67064653052904 74.57649124504357 76.38918484373723 78.10700007810237 79.72928251921189 81.25634866843563 82.68937355771158 84.0302731010061 85.28158578193741 86.44635747221905 87.52803234747986 88.53035206178924 89.45726460382322 90.31284361398764 91.10121840696421 91.82651452090757 92.4928042975944 93.10406677655277 93.66415604696604 94.1767771292569 94.70501885986708 95.22313938958969 95.68455654627152 96.09193621821014 96.40747648181653 96.67364412378369 96.8927149168145 97.08715332449833 97.24889599471086 97.4206898405542 97.59429140329632 97.79195470785773 97.99484847933596 98.19414476824535 98.39112506795271 98.54574328385927 98.65893607550821 98.74189344304592 98.74377488663002 98.44805307157027 97.54441452646206 95.75286825347392 93.07267230571995 89.63805749789601 85.70813661044315 81.48031577797973 77.10042794907532 72.67294520716179 68.2608650185473 63.93757254133044 59.90064882911088 56.391283290306156 53.71019788273852 51.86984313567454 50.74493720137926 49.962638188900456 49.178894991567134 47.9364823539895 46.00667303834363 43.274259124745576 39.91660366146971 36.15179456671367 32.146643309453246 28.015861063396994 23.83216036385718 19.627052618035812 15.525433344606428 11.704492016901671 8.476762789552723 6.019356199899488 4.374086119509858 3.3952294436688253 2.8433244006086666 2.6455089197958657 2.7184792968445635 2.9997673644677385 3.4060497866055197 3.7810959318977515 4.051980800513121 4.177038997514253 4.1979249256327895 4.156308191318066 4.0521818288655265 3.885549411700666 3.6251543026581903 3.2293302087627502 2.7189075172374615 2.1459709931990876 1.6355313107752154 1.260511477730955 1.0521676024191289 0.9375792379378629 0.9167475992788685 0.9480037945644677 1.0417656298012055 1.2188694076819835 1.4897332703838109 1.8960284949284854 2.4481740656110014 3.1357522259696626 3.9170929205168292 4.708853000566365 5.469361693433807 6.125692824540678 6.677846701044059 7.11540410429344 7.4592011600148975 7.688401022076746 7.803003797258685 7.813427446085084 7.75092491342108 7.698840024603838 7.76135152386256 8.06347522158131 8.688554486720351 9.7199335796408 11.178448373621062 13.012009903512908 15.158110275148655 17.491734727701164 19.91912120278269 22.315254713281853 24.57595508715607 26.649132875165336 28.493115587742018 30.118321512001568 31.483078198097417 32.61863988071191 33.61876791824235 34.53555191830245 35.525261704911145 36.69207677669624 38.108922804009595 39.84872589207622 41.88023206546597 44.15135138590274 46.55790442618753 48.97487545048056 51.26683071228768 53.32959072114734 55.11106547349754 56.580000942922716 57.73639728418622 58.632344170740154 59.278259721999696 59.72623369835788 60.00751996555276 60.19504445143977 60.37215082896658 60.643018928504226 61.0805744826743
72.67064653052904 74.57649124504357 76.38918484373723 78.10700007810237 79.72928251921189 81.25634866843563 82.68937355771158 84.0302731010061 85.28158578193741 86.44635747221905 87.52803234747986 88.53035206178924 89.45726460382322 90.31284361398764 91.10121840696421 91.82651452090757 92.4928042975944 93.10406677655277 93.66415604696604 94.1767771292569 94.70501885986708 95.22313938958969 95.68455654627152 96.09193621821014 96.40747648181653 96.67364412378369 96.8927149168145 97.08715332449833 97.24889599471086 97.4206898405542 97.59429140329632 97.79195470785773 97.99484847933596 98.19414476824535 98.39112506795271 98.54574328385927 98.65893607550821 98.74189344304592 98.74377488663002 98.44805307157027 97.54441452646206 95.75286825347392 93.07267230571995 89.63805749789601 85.70813661044315 81.48031577797973 77.10042794907532 72.67294520716179 68.2608650185473 63.93757254133044 59.90064882911088 56.391283290306156 53.71019788273852 51.86984313567454 50.74493720137926 49.962638188900456 49.178894991567134 47.9364823539895 46.00667303834363 43.274259124745576 39.91660366146971 36.15179456671367 32.146643309453246 28.015861063396994 23.83216036385718 19.627052618035812 15.525433344606428 11.704492016901671 8.476762789552723 6.019356199899488 4.374086119509858 3.3952294436688253 2.8433244006086666 2.6455089197958657 2.7184792968445635 2.9997673644677385 3.4060497866055197 3.7810959318977515 4.051980800513121 4.177038997514253 4.1979249256327895 4.156308191318066 4.0521818288655265 3.885549411700666 3.6251543026581903 3.2293302087627502 2.7189075172374615 2.1459709931990876 1.6355313107752154 1.260511477730955 1.0521676024191289 0.9375792379378629 0.9167475992788685 0.9480037945644677 1.0417656298012055 1.2188694076819835 1.4897332703838109 1.8960284949284854 2.4481740656110014 3.1357522259696626 3.9170929205168292 4.708853000566365 5.469361693433807 6.125692824540678 6.677846701044059 7.11540410429344 7.4592011600148975 7.688401022076746 7.803003797258685 7.813427446085084 7.75092491342108 7.698840024603838 7.76135152386256 8.06347522158131 8.688554486720351 9.7199335796408 11.178448373621062 13.012009903512908 15.158110275148655 17.491734727701164 19.91912120278269 22.315254713281853 24.57595508715607 26.649132875165336 28.493115587742018 30.118321512001568 31.483078198097417 32.61863988071191 33.61876791824235 34.53555191830245 35.525261704911145 36.69207677669624 38.108922804009595 39.84872589207622 41.88023206546597 44.15135138590274 46.55790442618753 48.97487545048056 51.26683071228768 53.32959072114734 55.11106547349754 56.580000942922716 57.73639728418622 58.632344170740154 59.278259721999696 59.72623369835788 60.00751996555276 60.19504445143977 60.37215082896658 60.643018928504226 61.0805744826743
72.67064653052904 74.57649124504357 76.38918484373723 78.10700007810237 79.72928251921189 81.25634866843563 82.68937355771158 84.0302731010061 85.28158578193741 86.44635747221905 87.52803234747986 88.53035206178924 89.45726460382322 90.31284361398764 91.10121840696421 91.82651452090757 92.4928042975944 93.10406677655277 93.66415604696604 94.1767771292569 94.70501885986708 95.22313938958969 95.68455654627152 96.09193621821014 96.40747648181653 96.67364412378369 96.8927149168145 97.08715332449833 97.24889599471086 97.4206898405542 97.59429140329632 97.79195470785773 97.99484847933596 98.19414476824535 98.39112506795271 98.54574328385927 98.65893607550821 98.74189344304592 98.74377488663002 98.44805307157027 97.54441452646206 95.75286825347392 93.07267230571995 89.63805749789601 85.70813661044315 81.48031577797973 77.10042794907532 72.67294520716179 68.2608650185473 63.93757254133044 59.90064882911088 56.391283290306156 53.71019788273852 51.86984313567454 50.74493720137926 49.962638188900456 49.178894991567134 47.9364823539895 46.00667303834363 43.274259124745576 39.91660366146971 36.15179456671367 32.146643309453246 28.015861063396994 23.83216036385718 19.627052618035812 15.525433344606428 11.704492016901671 8.476762789552723 6.019356199899488 4.374086119509858 3.3952294436688253 2.8433244006086666 2.6455089197958657 2.7184792968445635 2.9997673644677385 3.4060497866055197 3.7810959318977515 4.051980800513121 4.177038997514253 4.1979249256327895 4.156308191318066 4.0521818288655265 3.885549411700666 3.6251543026581903 3.2293302087627502 2.7189075172374615 2.1459709931990876 1.6355313107752154 1.260511477730955 1.0521676024191289 0.9375792379378629 0.9167475992788685 0.9480037945644677 1.0417656298012055 1.2188694076819835 1.4897332703838109 1.8960284949284854 2.4481740656110014 3.1357522259696626 3.9170929205168292 4.708853000566365 5.469361693433807 6.125692824540678 6.677846701044059 7.11540410429344 7.4592011600148975 7.688401022076746 7.803003797258685 7.813427446085084 7.75092491342108 7.698840024603838 7.76135152386256 8.06347522158131 8.688554486720351 9.7199335796408 11.178448373621062 13.012009903512908 15.158110275148655 17.491734727701164 19.91912120278269 22.315254713281853 24.57595508715607 26.649132875165336 28.493115587742018 30.118321512001568 31.483078198097417 32.61863988071191 33.61876791824235 34.53555191830245 35.525261704911145 36.69207677669624 38.108922804009595 39.84872589207622 41.88023206546597 44.15135138590274 46.55790442618753 48.97487545048056 51.26683071228768 53.32959072114734 55.11106547349754 56.580000942922716 57.73639728418622 58.632344170740154 59.278259721999696 59.72623369835788 60.00751996555276 60.19504445143977 60.37215082896658 60.643018928504226 61.0805744826743
72.67064653052904 74.57649124504357 76.38918484373723 78.10700007810237 79.72928251921189 81.25634866843563 82.68937355771158 84.0302731010061 85.28158578193741 86.44635747221905 87.52803234747986 88.53035206178924 89.45726460382322 90.31284361398764 91.10121840696421 91.82651452090757 92.4928042975944 93.10406677655277 93.66415604696604 94.1767771292569 94.70501885986708 95.22313938958969 95.68455654627152 96.09193621821014 96.40747648181653 96.67364412378369 96.8927149168145 97.08715332449833 97.24889599471086 97.4206898405542 97.59429140329632 97.79195470785773 97.99484847933596 98.19414476824535 98.39112506795271 98.54574328385927 98.65893607550821 98.74189344304592 98.74377488663002 98.44805307157027 97.54441452646206 95.75286825347392 93.07267230571995 89.63805749789601 85.70813661044315 81.48031577797973 77.10042794907532 72.67294520716179 68.2608650185473 63.93757254133044 59.90064882911088 56.391283290306156 53.71019788273852 51.86984313567454 50.74493720137926 49.962638188900456 49.178894991567134 47.9364823539895 46.00667303834363 43.274259124745576 39.91660366146971 36.15179456671367 32.146643309453246 28.015861063396994 23.83216036385718 19.627052618035812 15.525433344606428 11.704492016901671 8.476762789552723 6.019356199899488 4.374086119509858 3.3952294436688253 2.8433244006086666 2.6455089197958657 2.7184792968445635 2.9997673644677385 3.4060497866055197 3.7810959318977515 4.051980800513121 4.177038997514253 4.1979249256327895 4.156308191318066 4.0521818288655265 3.885549411700666 3.6251543026581903 3.2293302087627502 2.7189075172374615 2.1459709931990876 1.6355313107752154 1.260511477730955 1.0521676024191289 0.9375792379378629 0.9167475992788685 0.9480037945644677 1.0417656298012055 1.2188694076819835 1.4897332703838109 1.8960284949284854 2.4481740656110014 3.1357522259696626 3.9170929205168292 4.708853000566365 5.469361693433807 6.125692824540678 6.677846701044059 7.11540410429344 7.4592011600148975 7.688401022076746 7.803003797258685 7.813427446085084 7.75092491342108 7.698840024603838 7.76135152386256 8.06347522158131 8.688554486720351 9.7199335796408 11.178448373621062 13.012009903512908 15.158110275148655 17.491734727701164 19.91912120278269 22.315254713281853 24.57595508715607 26.649132875165336 28.493115587742018 30.118321512001568 31.483078198097417 32.61863988071191 33.61876791824235 34.53555191830245 35.525261704911145 36.69207677669624 38.108922804009595 39.84872589207622 41.88023206546597 44.15135138590274 46.55790442618753 48.97487545048056 51.26683071228768 53.32959072114734 55.11106547349754 56.580000942922716 57.73639728418622 58.632344170740154 59.278259721999696 59.72623369835788 60.00751996555276 60.19504445143977 60.37215082896658 60.643018928504226 61.0805744826743
72.67064653052904 74.57649124504357 76.38918484373723 78.10700007810237 79.72928251921189 81.25634866843563 82.68937355771158 84.0302731010061 85.28158578193741 86.44635747221905 87.52803234747986 88.53035206178924 89.45726460382322 90.31284361398764 91.10121840696421 91.82651452090757 92.4928042975944 93.10406677655277 93.66415604696604 94.1767771292569 94.70501885986708 95.22313938958969 95.68455654627152 96.09193621821014 96.40747648181653 96.67364412378369 96.8927149168145 97.08715332449833 97.24889599471086 97.4206898405542 97.59429140329632 97.79195470785773 97.99484847933596 98.19414476824535 98.39112506795271 98.54574328385927 98.65893607550821 98.74189344304592 98.74377488663002 98.44805307157027 97.54441452646206 95.75286825347392 93.07267230571995 89.63805749789601 85.70813661044315 81.48031577797973 77.10042794907532 72.67294520716179 68.2608650185473 63.93757254133044 59.90064882911088 56.391283290306156 53.71019788273852 51.86984313567454 50.74493720137926 49.962638188900456 49.178894991567134 47.9364823539895 46.00667303834363 43.274259124745576 39.91660366146971 36.15179456671367 32.146643309453246 28.015861063396994 23.83216036385718 19.627052618035812 15.525433344606428 11.704492016901671 8.476762789552723 6.019356199899488 4.374086119509858 3.3952294436688253 2.8433244006086666 2.6455089197958657 2.7184792968445635 2.9997673644677385 3.4060497866055197 3.7810959318977515 4.051980800513121 4.177038997514253 4.1979249256327895 4.156308191318066 4.0521818288655265 3.885549411700666 3.6251543026581903 3.2293302087627502 2.7189075172374615 2.1459709931990876 1.6355313107752154 1.260511477730955 1.0521676024191289 0.9375792379378629 0.9167475992788685 0.9480037945644677 1.0417656298012055 1.2188694076819835 1.4897332703838109 1.8960284949284854 2.4481740656110014 3.1357522259696626 3.9170929205168292 4.708853000566365 5.469361693433807 6.125692824540678 6.677846701044059 7.11540410429344 7.4592011600148975 7.688401022076746 7.803003797258685 7.813427446085084 7.75092491342108 7.698840024603838 7.76135152386256 8.06347522158131 8.688554486720351 9.7199335796408 11.178448373621062 13.012009903512908 15.158110275148655 17.491734727701164 19.91912120278269 22.315254713281853 24.57595508715607 26.649132875165336 28.493115587742018 30.118321512001568 31.483078198097417 32.61863988071191 33.61876791824235 34.53555191830245 35.525261704911145 36.69207677669624 38.108922804009595 39.84872589207622 41.88023206546597 44.15135138590274 46.55790442618753 48.97487545048056 51.26683071228768 53.32959072114734 55.11106547349754 56.580000942922716 57.73639728418622 58.632344170740154 59.278259721999696 59.72623369835788 60.00751996555276 60.19504445143977 60.37215082896658 60.643018928504226 61.0805744826743