4 151 9
300.0440999999999 302.0443999999999 304.0446999999999 306.0449999999999 308.0452999999999 310.0455999999999 312.0458999999999 314.0461999999999 316.04649999999987 318.0467999999999 320.0470999999999 322.04739999999987 324.0476999999999 326.0479999999999 328.04829999999987 330.0485999999999 332.0488999999999 334.04919999999987 336.0494999999999 338.0497999999999 340.0500999999999 342.05039999999985 344.0506999999999 346.0509999999999 348.05129999999986 350.0515999999999 352.0518999999999 354.05219999999986 356.0524999999999 358.0527999999999 360.05309999999986 362.0533999999999 364.0536999999999 366.05399999999986 368.0542999999999 370.0545999999999 372.05489999999986 374.0551999999999 376.0554999999999 378.05579999999986 380.05609999999984 382.0563999999999 384.05669999999986 386.05699999999985 388.0572999999999 390.05759999999987 392.05789999999985 394.0581999999999 396.05849999999987 398.05879999999985 399.99 402.04 403.99 406.05 407.99 410.06 412.01 413.96 416.02 417.97 420.04 422.0 423.95 426.02 427.98 430.05 432.01 433.96 436.03 437.99 440.06 442.01 443.96 446.03 447.98 450.04 451.98 454.04 455.99 458.04 459.98 462.03 463.97 466.02 467.95 470.0 472.05 473.98 476.02 477.96 480.0 482.05 483.98 486.03 487.96 490.01 492.06 493.99 496.05 497.98 500.04 501.98 504.04 505.98 508.04 509.99 512.05 514.0 515.95 518.01 519.96 522.03 523.98 526.04 527.99 530.05 532.0 534.06 536.0 538.06 540.0 542.05 543.99 546.04 547.98 550.03 551.96 554.0 556.04 557.97 560.01 562.05 563.98 566.01 568.05 569.98 572.01 574.05 575.97 578.01 580.05 581.98 584.02 585.95 588.0 590.04 591.97 594.02 595.96 598.01 599.95
0.0 13.54 26.89 39.77 50.0 60.0 70.0 80.0 90.0
72.75349827254115 74.66151583898615 76.47627608810272 78.19604980214868 79.82018180608307 81.34898896211865 82.78364764184633 84.12607594356437 85.37881524501394 86.54491489050437 87.62782298236618 88.63128544052536 89.55925475475647 90.41580920981926 91.20508282822364 91.93120585164674 92.59825526473864 93.21021464352694 93.7709424712388 94.28414799238755 94.75337365698137 95.18198322743298 95.57315466959038 95.92987701656571 96.25495047190168 96.5509891010413 96.82042554256543 97.06551725006628 97.28835384973142 97.49086526647186 97.67483033212235 97.8418856427357 97.9935344784678 98.13115563941439 98.25601208454894 98.4711963454852 98.59440543004696 98.68762611421121 98.78234919519463 98.8794011772169 98.96929470815395 99.03220268083456 99.03794100859096 98.98698047607608 98.92079848075491 98.89117423771877 98.98073162438993 99.20025415138396 99.44744649493036 99.63011930992955 99.70651114209878 99.72026335169524 99.76152875947098 99.81716292141171 99.83403705889084 99.85033077112904 99.77689048042062 99.60418699349809 99.51324543910646 99.54411361742541 99.63636135672994 99.6654152788042 99.54946178538788 99.3404893475939 99.16133784349438 99.15699923702708 99.32692725388786 99.56848581823374 99.72746239819406 99.67975567945125 99.4773260502056 99.24343511330926 99.14319338775512 99.21800402022052 99.39546411000201 99.51100340279247 99.44073788622974 99.15399328821681 98.75362614122197 98.40469881103061 98.230745682143 98.27314970044682 98.4390520692097 98.60491357441019 98.67788244490902 98.65806789925432 98.62786945797043 98.71093042666534 98.95886321700462 99.3303903056534 99.71220286041061 99.9599930580256 99.96036984090219 99.74430002238535 99.41480576770213 99.0956040861007 98.83821021779387 98.54985669847626 98.04505923531765 97.14858175638271 95.77799733026887 94.05696227900833 92.20193187938139 90.47055433442242 89.01744417541421 87.79105899145605 86.47190837939891 84.57557602717692 81.89593527870987 78.51544101881305 74.74328396792241 70.76498874396245 66.35380606959272 61.19023621999793 55.18151641810578 48.42040879427859 41.174882914849015 33.888125082416586 27.065158604498652 21.03579727261042 15.903107626036292 11.522798600830967 7.760884600016006 4.761659139390392 2.7312551231097073 1.5356870697114464 0.9069830815586231 0.5771711214685533 0.4019585033449445 0.2988922483050798 0.24735912412182207 0.2061326200477679 0.18551937085130926 0.16490611827017349 0.16490612811589828 0.17521277008463434 0.20613268073218072 0.3195056692668008 0.42257203012385053 0.44318531596716215 0.45349196608170333 0.44318534292902356 0.44318535483629634 0.43287872864046617 0.4225721015969701 0.40195883634089685 0.3813455691780999 0.3298123895563584 0.20613274636452208 0.09275973710864008 0.061839825449729866
72.7214846066433 74.6286625895858 76.44262429114549 78.16164125448655 79.7850585928642 81.31319302906256 82.74722041703464 84.0890580110594 85.3412460705975 86.50683259815766 87.58926417880454 88.59228508414992 89.51984606475729 90.3760236108219 91.16494992576293 91.89075343383041 92.55750932568202 93.16919942445547 93.7296805155325 94.24266021125044 94.7116794028359 95.14010037254782 95.53109968783633 95.88766506655165 96.21259548006503 96.50850384355432 96.7778217251683 97.02280558515355 97.24554413020111 97.44796643599858 97.63185055164269 97.79883235303618 97.9504144588477 98.08797506246067 98.21277656710969 98.33616844193017 98.48985359182169 98.63404939180646 98.7287273970978 98.76435060078184 98.74153981198042 98.69160627937934 98.68689354700754 98.78958802797688 99.01061859147464 99.26846420257947 99.47113675670226 99.56756721479114 99.59908782889977 99.64818436972821 99.73486669458241 99.77666126172994 99.74875160559213 99.61420904356456 99.45611313199593 99.40030104440854 99.45529729771194 99.55020217853506 99.54161397502524 99.38713976732883 99.18073428392476 99.05526694285409 99.1246522934764 99.34825240690772 99.58113255320957 99.66953422887421 99.57164194502226 99.34960576674422 99.17888133759574 99.17236413865447 99.32023583622717 99.48818990129945 99.5116023195624 99.3185014913457 98.94980598491642 98.55007674267087 98.30459328997452 98.2651431938696 98.39033130153159 98.56697936216003 98.67128120166612 98.65185597233796 98.61164710473683 98.64353865995182 98.84019256550428 99.19141793710256 99.57349088234982 99.84208678456301 99.89421504165433 99.719508836953 99.42109265714167 99.11232171888282 98.85501879010056 98.57708546359399 98.06203349295679 97.1552946780266 95.76408477953208 94.04299926228188 92.20851914438173 90.52860938755956 89.11667678147751 87.87993950968068 86.42673982703684 84.36538555904939 81.45882104793493 77.93379542259848 73.98615771046023 69.76020349665191 65.10132753522277 59.69000401412205 53.47469108466312 46.579081590353304 39.312394069288885 32.117850102536835 25.459282166550462 19.656222944175617 14.67775099029988 10.472331409918217 6.967813015641337 4.246656417353255 2.4222439025407487 1.3811946996372653 0.8142865809699487 0.5256787736753374 0.360759998451206 0.2679931813041037 0.22676348965877002 0.18553378662903175 0.17522637311087025 0.16491895477572038 0.1752264050877607 0.20614872848216811 0.2783008026649056 0.3813751991074342 0.44321985245217393 0.45352731407755786 0.45352733617691104 0.4535273562366885 0.44321993303298357 0.4329125084383102 0.42260508160863336 0.3916827695585229 0.35045301375762494 0.2679934872769204 0.15461163069713532 0.08245953801143299 0.051537212135012944 0.041229770383353875 0.04122977096175869 0.030922328636219822 0.030922328991565832
72.78051192937843 74.68923795016589 76.50467202682032 78.22508429953427 79.84981934999774 81.3791941580757 82.81438553215037 84.15731228271736 85.41051673114129 86.57704935396491 87.6603595338125 88.66419458148474 89.59250845433095 90.44938095139395 91.23894763016222 91.96534026588772 92.63263735702076 93.24482395870622 93.80575998684111 94.31915606319565 94.7885559531035 95.21732466795542 95.60864135359051 95.96549615296053 96.29069030933462 96.58683885876849 96.85637534309117 97.10155805409613 97.32447739385732 97.52706400387433 97.71109737646911 97.87821471536896 98.0299198589035 98.16759211912233 98.29249492394051 98.55892109679013 98.80489007044734 98.98014535652393 99.09561078564228 99.16219817358852 99.18054784627536 99.16151124755461 99.10565188557658 99.06484257732704 99.09101011894931 99.16415322364432 99.223040838645 99.19601804579843 99.09363588075593 99.00879360203272 99.02332720849898 99.17078848622954 99.36649072509506 99.5201449793445 99.53696890580339 99.4604530898138 99.41243461894746 99.44559515025222 99.56069390480775 99.65346908273361 99.62209813717126 99.44490756904656 99.18434704070462 98.96470524562731 98.86777693617466 98.90467125492484 98.98198200718286 99.02784957104888 99.011629663308 98.97413608327803 98.99838214435992 99.14592454211483 99.37574472349851 99.62610518151403 99.78319988301774 99.82667825214627 99.75630952821541 99.61362131032433 99.4190667283128 99.10058155907333 98.60642246965322 97.90577553352678 97.0191624569543 96.00863246102408 94.93601593345512 93.70852923307783 92.13001773657005 90.05594892771647 87.43478293563746 84.3903253407847 80.90198074654677 77.00069477348046 72.69677445855983 68.06251147611954 63.09787958095415 57.699688312465135 51.79567303603979 45.60259194543883 39.39915747438396 33.45373549744342 27.848917491399657 22.718888749642293 18.135913962882928 14.120638361036074 10.580169491698378 7.47322015873065 4.872048914205103 2.9624559873711402 1.754766222562984 1.0735048324888965 0.7019074484059278 0.5057865557539575 0.39224283734972853 0.3406321055742216 0.3096656812008248 0.3096658060886356 0.33031030722781723 0.3922436192844978 0.505787967100736 0.6193323719594912 0.6812657660083158 0.7019103377242315 0.7122326828979361 0.7019105967121233 0.681266272644046 0.6502997199729242 0.6090109255535155 0.5677221176735064 0.47482218646302665 0.3509555618483913 0.22708891322789232 0.14451113824620299 0.11354447360402145 0.09290002996838452 0.08257780934665211 0.07225558687392962 0.07225559039477983 0.06193336593487418 0.06193336826995413 0.06193337051723351 0.06193337254659335 0.06193337428504551 0.05161114662419927 0.05161114781208343 0.061933378745259456 0.06193337997674431 0.07225561120364585 0.08257784272822008 0.09290007437252551 0.11354453686768336 0.14451123040134836
72.67064653052904 74.57649124504357 76.38918484373723 78.10700007810237 79.72928251921189 81.25634866843563 82.68937355771158 84.0302731010061 85.28158578193741 86.44635747221905 87.52803234747986 88.53035206178924 89.45726460382322 90.31284361398764 91.10121840696421 91.82651452090757 92.4928042975944 93.10406677655277 93.66415604696604 94.1767771292569 94.64546843928866 95.07358990881869 95.46431588462495 95.82063199590628 96.14533525733135 96.44103675744338 96.71016636453244 96.95497896140078 97.17756179456804 97.37984259114515 97.56359815723177 97.7304632251238 97.8819393630405 98.01940380089894 98.14411805941393 98.31905922360781 98.51453198715932 98.6799474622159 98.81610707836363 98.88238271747426 98.9207573157703 98.93185933748133 98.93698629047309 98.92633083178231 98.94187115968388 98.9737338859224 99.0431184020028 99.12967679565276 99.22337850307098 99.32453582956109 99.39101412241784 99.42536860309278 99.43560444260768 99.37213733049437 99.01451161244734 98.05284771363225 96.20419758557674 93.46937724894457 89.98409901890011 86.00732982368866 81.73796311695479 77.32091276750621 72.8608667496319 68.42075024475847 64.07300781091179 60.016090870216665 56.48925277967128 53.794844981596114 51.943602941386956 50.81044792268098 50.02079912382345 49.230826933197974 47.98240114873307 46.04643674967529 43.30818741869614 39.94481889838118 36.17495690789287 32.16535602672247 28.03054070483498 23.843496920972882 19.63545529731466 15.53146745176751 11.708617932248977 8.479456356901723 6.0210896176334305 4.3752215731624355 3.3960300790015796 2.843932432734713 2.646018808515317 2.7189545098163577 3.000240292046625 3.4065378978409018 3.781583847025332 4.052455781160198 4.177480175502834 4.198327959793499 4.156668355826158 4.0525004644350595 3.8858252190336313 3.625387955606122 3.22951809936228 2.7190500733358878 2.1460733501854556 1.6356016555321198 1.260560765719705 1.0522047064914166 0.9376090843594146 0.9167741056134873 0.9480284987323636 1.041790326144678 1.2188954500944438 1.4897620074673192 1.8960617145543435 2.448212761074429 3.135797242809143 3.917143650530483 4.708908354964325 5.469419695231607 6.125751781297188 6.677904681629808 7.1154601367680845 7.459254143188518 7.688450552912751 7.80304946188383 7.813468625523405 7.750962021767267 7.698873192718064 7.761381894324618 8.06350367794223 8.688582292568402 9.719961633631115 11.17847767785209 13.012040618427553 15.158142790319188 17.49176856664611 19.91915617032705 22.315290060616174 24.5759904674928 26.6491674379256 28.49314917412346 30.118353550828243 31.48310860790139 32.61866833215211 33.61879435660599 34.53557662186801 35.52528465225892 36.692098145603616 38.10894299123687 39.84874493887786 41.880250144749525 44.151368694793405
72.67064653052904 74.57649124504357 76.38918484373723 78.10700007810237 79.72928251921189 81.25634866843563 82.68937355771158 84.0302731010061 85.28158578193741 86.44635747221905 87.52803234747986 88.53035206178924 89.45726460382322 90.31284361398764 91.10121840696421 91.82651452090757 92.4928042975944 93.10406677655277 93.66415604696604 94.1767771292569 94.64546843928866 95.07358990881869 95.46431588462495 95.82063199590628 96.14533525733135 96.44103675744338 96.71016636453244 96.95497896140078 97.17756179456804 97.37984259114515 97.56359815723177 97.7304632251238 97.8819393630405 98.01940380089894 98.14411805941393 98.31905922360781 98.51453198715932 98.6799474622159 98.81610707836363 98.88238271747426 98.9207573157703 98.93185933748133 98.93698629047309 98.92633083178231 98.94187115968388 98.9737338859224 99.0431184020028 99.12967679565276 99.22337850307098 99.32453582956109 99.39101412241784 99.42536860309278 99.43560444260768 99.37213733049437 99.01451161244734 98.05284771363225 96.20419758557674 93.46937724894457 89.98409901890011 86.00732982368866 81.73796311695479 77.32091276750621 72.8608667496319 68.42075024475847 64.07300781091179 60.016090870216665 56.48925277967128 53.794844981596114 51.943602941386956 50.81044792268098 50.02079912382345 49.230826933197974 47.98240114873307 46.04643674967529 43.30818741869614 39.94481889838118 36.17495690789287 32.16535602672247 28.03054070483498 23.843496920972882 19.63545529731466 15.53146745176751 11.708617932248977 8.479456356901723 6.0210896176334305 4.3752215731624355 3.3960300790015796 2.843932432734713 2.646018808515317 2.7189545098163577 3.000240292046625 3.4065378978409018 3.781583847025332 4.052455781160198 4.177480175502834 4.198327959793499 4.156668355826158 4.0525004644350595 3.8858252190336313 3.625387955606122 3.22951809936228 2.7190500733358878 2.1460733501854556 1.6356016555321198 1.260560765719705 1.0522047064914166 0.9376090843594146 0.9167741056134873 0.9480284987323636 1.041790326144678 1.2188954500944438 1.4897620074673192 1.8960617145543435 2.448212761074429 3.135797242809143 3.917143650530483 4.708908354964325 5.469419695231607 6.125751781297188 6.677904681629808 7.1154601367680845 7.459254143188518 7.688450552912751 7.80304946188383 7.813468625523405 7.750962021767267 7.698873192718064 7.761381894324618 8.06350367794223 8.688582292568402 9.719961633631115 11.17847767785209 13.012040618427553 15.158142790319188 17.49176856664611 19.91915617032705 22.315290060616174 24.5759904674928 26.6491674379256 28.49314917412346 30.118353550828243 31.48310860790139 32.61866833215211 33.61879435660599 34.53557662186801 35.52528465225892 36.692098145603616 38.10894299123687 39.84874493887786 41.880250144749525 44.151368694793405
72.67064653052904 74.57649124504357 76.38918484373723 78.10700007810237 79.72928251921189 81.25634866843563 82.68937355771158 84.0302731010061 85.28158578193741 86.44635747221905 87.52803234747986 88.53035206178924 89.45726460382322 90.31284361398764 91.10121840696421 91.82651452090757 92.4928042975944 93.10406677655277 93.66415604696604 94.1767771292569 94.64546843928866 95.07358990881869 95.46431588462495 95.82063199590628 96.14533525733135 96.44103675744338 96.71016636453244 96.95497896140078 97.17756179456804 97.37984259114515 97.56359815723177 97.7304632251238 97.8819393630405 98.01940380089894 98.14411805941393 98.31905922360781 98.51453198715932 98.6799474622159 98.81610707836363 98.88238271747426 98.9207573157703 98.93185933748133 98.93698629047309 98.92633083178231 98.94187115968388 98.9737338859224 99.0431184020028 99.12967679565276 99.22337850307098 99.32453582956109 99.39101412241784 99.42536860309278 99.43560444260768 99.37213733049437 99.01451161244734 98.05284771363225 96.20419758557674 93.46937724894457 89.98409901890011 86.00732982368866 81.73796311695479 77.32091276750621 72.8608667496319 68.42075024475847 64.07300781091179 60.016090870216665 56.48925277967128 53.794844981596114 51.943602941386956 50.81044792268098 50.02079912382345 49.230826933197974 47.98240114873307 46.04643674967529 43.30818741869614 39.94481889838118 36.17495690789287 32.16535602672247 28.03054070483498 23.843496920972882 19.63545529731466 15.53146745176751 11.708617932248977 8.479456356901723 6.0210896176334305 4.3752215731624355 3.3960300790015796 2.843932432734713 2.646018808515317 2.7189545098163577 3.000240292046625 3.4065378978409018 3.781583847025332 4.052455781160198 4.177480175502834 4.198327959793499 4.156668355826158 4.0525004644350595 3.8858252190336313 3.625387955606122 3.22951809936228 2.7190500733358878 2.1460733501854556 1.6356016555321198 1.260560765719705 1.0522047064914166 0.9376090843594146 0.9167741056134873 0.9480284987323636 1.041790326144678 1.2188954500944438 1.4897620074673192 1.8960617145543435 2.448212761074429 3.135797242809143 3.917143650530483 4.708908354964325 5.469419695231607 6.125751781297188 6.677904681629808 7.1154601367680845 7.459254143188518 7.688450552912751 7.80304946188383 7.813468625523405 7.750962021767267 7.698873192718064 7.761381894324618 8.06350367794223 8.688582292568402 9.719961633631115 11.17847767785209 13.012040618427553 15.158142790319188 17.49176856664611 19.91915617032705 22.315290060616174 24.5759904674928 26.6491674379256 28.49314917412346 30.118353550828243 31.48310860790139 32.61866833215211 33.61879435660599 34.53557662186801 35.52528465225892 36.692098145603616 38.10894299123687 39.84874493887786 41.880250144749525 44.151368694793405
72.67064653052904 74.57649124504357 76.38918484373723 78.10700007810237 79.72928251921189 81.25634866843563 82.68937355771158 84.0302731010061 85.28158578193741 86.44635747221905 87.52803234747986 88.53035206178924 89.45726460382322 90.31284361398764 91.10121840696421 91.82651452090757 92.4928042975944 93.10406677655277 93.66415604696604 94.1767771292569 94.64546843928866 95.07358990881869 95.46431588462495 95.82063199590628 96.14533525733135 96.44103675744338 96.71016636453244 96.95497896140078 97.17756179456804 97.37984259114515 97.56359815723177 97.7304632251238 97.8819393630405 98.01940380089894 98.14411805941393 98.31905922360781 98.51453198715932 98.6799474622159 98.81610707836363 98.88238271747426 98.9207573157703 98.93185933748133 98.93698629047309 98.92633083178231 98.94187115968388 98.9737338859224 99.0431184020028 99.12967679565276 99.22337850307098 99.32453582956109 99.39101412241784 99.42536860309278 99.43560444260768 99.37213733049437 99.01451161244734 98.05284771363225 96.20419758557674 93.46937724894457 89.98409901890011 86.00732982368866 81.73796311695479 77.32091276750621 72.8608667496319 68.42075024475847 64.07300781091179 60.016090870216665 56.48925277967128 53.794844981596114 51.943602941386956 50.81044792268098 50.02079912382345 49.230826933197974 47.98240114873307 46.04643674967529 43.30818741869614 39.94481889838118 36.17495690789287 32.16535602672247 28.03054070483498 23.843496920972882 19.63545529731466 15.53146745176751 11.708617932248977 8.479456356901723 6.0210896176334305 4.3752215731624355 3.3960300790015796 2.843932432734713 2.646018808515317 2.7189545098163577 3.000240292046625 3.4065378978409018 3.781583847025332 4.052455781160198 4.177480175502834 4.198327959793499 4.156668355826158 4.0525004644350595 3.8858252190336313 3.625387955606122 3.22951809936228 2.7190500733358878 2.1460733501854556 1.6356016555321198 1.260560765719705 1.0522047064914166 0.9376090843594146 0.9167741056134873 0.9480284987323636 1.041790326144678 1.2188954500944438 1.4897620074673192 1.8960617145543435 2.448212761074429 3.135797242809143 3.917143650530483 4.708908354964325 5.469419695231607 6.125751781297188 6.677904681629808 7.1154601367680845 7.459254143188518 7.688450552912751 7.80304946188383 7.813468625523405 7.750962021767267 7.698873192718064 7.761381894324618 8.06350367794223 8.688582292568402 9.719961633631115 11.17847767785209 13.012040618427553 15.158142790319188 17.49176856664611 19.91915617032705 22.315290060616174 24.5759904674928 26.6491674379256 28.49314917412346 30.118353550828243 31.48310860790139 32.61866833215211 33.61879435660599 34.53557662186801 35.52528465225892 36.692098145603616 38.10894299123687 39.84874493887786 41.880250144749525 44.151368694793405
72.67064653052904 74.57649124504357 76.38918484373723 78.10700007810237 79.72928251921189 81.25634866843563 82.68937355771158 84.0302731010061 85.28158578193741 86.44635747221905 87.52803234747986 88.53035206178924 89.45726460382322 90.31284361398764 91.10121840696421 91.82651452090757 92.4928042975944 93.10406677655277 93.66415604696604 94.1767771292569 94.64546843928866 95.07358990881869 95.46431588462495 95.82063199590628 96.14533525733135 96.44103675744338 96.71016636453244 96.95497896140078 97.17756179456804 97.37984259114515 97.56359815723177 97.7304632251238 97.8819393630405 98.01940380089894 98.14411805941393 98.31905922360781 98.51453198715932 98.6799474622159 98.81610707836363 98.88238271747426 98.9207573157703 98.93185933748133 98.93698629047309 98.92633083178231 98.94187115968388 98.9737338859224 99.0431184020028 99.12967679565276 99.22337850307098 99.32453582956109 99.39101412241784 99.42536860309278 99.43560444260768 99.37213733049437 99.01451161244734 98.05284771363225 96.20419758557674 93.46937724894457 89.98409901890011 86.00732982368866 81.73796311695479 77.32091276750621 72.8608667496319 68.42075024475847 64.07300781091179 60.016090870216665 56.48925277967128 53.794844981596114 51.943602941386956 50.81044792268098 50.02079912382345 49.230826933197974 47.98240114873307 46.04643674967529 43.30818741869614 39.94481889838118 36.17495690789287 32.16535602672247 28.03054070483498 23.843496920972882 19.63545529731466 15.53146745176751 11.708617932248977 8.479456356901723 6.0210896176334305 4.3752215731624355 3.3960300790015796 2.843932432734713 2.646018808515317 2.7189545098163577 3.000240292046625 3.4065378978409018 3.781583847025332 4.052455781160198 4.177480175502834 4.198327959793499 4.156668355826158 4.0525004644350595 3.8858252190336313 3.625387955606122 3.22951809936228 2.7190500733358878 2.1460733501854556 1.6356016555321198 1.260560765719705 1.0522047064914166 0.9376090843594146 0.9167741056134873 0.9480284987323636 1.041790326144678 1.2188954500944438 1.4897620074673192 1.8960617145543435 2.448212761074429 3.135797242809143 3.917143650530483 4.708908354964325 5.469419695231607 6.125751781297188 6.677904681629808 7.1154601367680845 7.459254143188518 7.688450552912751 7.80304946188383 7.813468625523405 7.750962021767267 7.698873192718064 7.761381894324618 8.06350367794223 8.688582292568402 9.719961633631115 11.17847767785209 13.012040618427553 15.158142790319188 17.49176856664611 19.91915617032705 22.315290060616174 24.5759904674928 26.6491674379256 28.49314917412346 30.118353550828243 31.48310860790139 32.61866833215211 33.61879435660599 34.53557662186801 35.52528465225892 36.692098145603616 38.10894299123687 39.84874493887786 41.880250144749525 44.151368694793405
72.67064653052904 74.57649124504357 76.38918484373723 78.10700007810237 79.72928251921189 81.25634866843563 82.68937355771158 84.0302731010061 85.28158578193741 86.44635747221905 87.52803234747986 88.53035206178924 89.45726460382322 90.31284361398764 91.10121840696421 91.82651452090757 92.4928042975944 93.10406677655277 93.66415604696604 94.1767771292569 94.64546843928866 95.07358990881869 95.46431588462495 95.82063199590628 96.14533525733135 96.44103675744338 96.71016636453244 96.95497896140078 97.17756179456804 97.37984259114515 97.56359815723177 97.7304632251238 97.8819393630405 98.01940380089894 98.14411805941393 98.31905922360781 98.51453198715932 98.6799474622159 98.81610707836363 98.88238271747426 98.9207573157703 98.93185933748133 98.93698629047309 98.92633083178231 98.94187115968388 98.9737338859224 99.0431184020028 99.12967679565276 99.22337850307098 99.32453582956109 99.39101412241784 99.42536860309278 99.43560444260768 99.37213733049437 99.01451161244734 98.05284771363225 96.20419758557674 93.46937724894457 89.98409901890011 86.00732982368866 81.73796311695479 77.32091276750621 72.8608667496319 68.42075024475847 64.07300781091179 60.016090870216665 56.48925277967128 53.794844981596114 51.943602941386956 50.81044792268098 50.02079912382345 49.230826933197974 47.98240114873307 46.04643674967529 43.30818741869614 39.94481889838118 36.17495690789287 32.16535602672247 28.03054070483498 23.843496920972882 19.63545529731466 15.53146745176751 11.708617932248977 8.479456356901723 6.0210896176334305 4.3752215731624355 3.3960300790015796 2.843932432734713 2.646018808515317 2.7189545098163577 3.000240292046625 3.4065378978409018 3.781583847025332 4.052455781160198 4.177480175502834 4.198327959793499 4.156668355826158 4.0525004644350595 3.8858252190336313 3.625387955606122 3.22951809936228 2.7190500733358878 2.1460733501854556 1.6356016555321198 1.260560765719705 1.0522047064914166 0.9376090843594146 0.9167741056134873 0.9480284987323636 1.041790326144678 1.2188954500944438 1.4897620074673192 1.8960617145543435 2.448212761074429 3.135797242809143 3.917143650530483 4.708908354964325 5.469419695231607 6.125751781297188 6.677904681629808 7.1154601367680845 7.459254143188518 7.688450552912751 7.80304946188383 7.813468625523405 7.750962021767267 7.698873192718064 7.761381894324618 8.06350367794223 8.688582292568402 9.719961633631115 11.17847767785209 13.012040618427553 15.158142790319188 17.49176856664611 19.91915617032705 22.315290060616174 24.5759904674928 26.6491674379256 28.49314917412346 30.118353550828243 31.48310860790139 32.61866833215211 33.61879435660599 34.53557662186801 35.52528465225892 36.692098145603616 38.10894299123687 39.84874493887786 41.880250144749525 44.151368694793405