4 151 9
300.0440999999999 302.0443999999999 304.0446999999999 306.0449999999999 308.0452999999999 310.0455999999999 312.0458999999999 314.0461999999999 316.04649999999987 318.0467999999999 320.0470999999999 322.04739999999987 324.0476999999999 326.0479999999999 328.04829999999987 330.0485999999999 332.0488999999999 334.04919999999987 336.0494999999999 338.0497999999999 340.0500999999999 342.05039999999985 344.0506999999999 346.0509999999999 348.05129999999986 350.0515999999999 352.0518999999999 354.05219999999986 356.0524999999999 358.0527999999999 360.05309999999986 362.0533999999999 364.0536999999999 366.05399999999986 368.0542999999999 370.0545999999999 372.05489999999986 374.0551999999999 376.0554999999999 378.05579999999986 380.05609999999984 382.0563999999999 384.05669999999986 386.05699999999985 388.0572999999999 390.05759999999987 392.05789999999985 394.0581999999999 396.05849999999987 398.05879999999985 399.99 402.04 403.99 406.05 407.99 410.06 412.01 413.96 416.02 417.97 420.04 422.0 423.95 426.02 427.98 430.05 432.01 433.96 436.03 437.99 440.06 442.01 443.96 446.03 447.98 450.04 451.98 454.04 455.99 458.04 459.98 462.03 463.97 466.02 467.95 470.0 472.05 473.98 476.02 477.96 480.0 482.05 483.98 486.03 487.96 490.01 492.06 493.99 496.05 497.98 500.04 501.98 504.04 505.98 508.04 509.99 512.05 514.0 515.95 518.01 519.96 522.03 523.98 526.04 527.99 530.05 532.0 534.06 536.0 538.06 540.0 542.05 543.99 546.04 547.98 550.03 551.96 554.0 556.04 557.97 560.01 562.05 563.98 566.01 568.05 569.98 572.01 574.05 575.97 578.01 580.05 581.98 584.02 585.95 588.0 590.04 591.97 594.02 595.96 598.01 599.95
0.0 13.54 26.89 39.77 50.0 60.0 70.0 80.0 90.0
72.75349827254115 74.66151583898615 76.47627608810272 78.19604980214868 79.82018180608307 81.34898896211865 82.78364764184633 84.12607594356437 85.37881524501394 86.54491489050437 87.62782298236618 88.63128544052536 89.55925475475647 90.41580920981926 91.20508282822364 91.93120585164674 92.59825526473864 93.21021464352694 93.7709424712388 94.28414799238755 94.75337365698137 95.18198322743298 95.57315466959038 95.92987701656571 96.25495047190168 96.5509891010413 96.82042554256543 97.06551725006628 97.28835384973142 97.49086526647186 97.67483033212235 97.8418856427357 97.9935344784678 98.13115563941439 98.25601208454894 98.36925928922695 98.47195326018974 98.56505816623248 98.7516809712905 98.84870917478219 98.91810545879628 98.99122525136073 99.06869176651124 99.14081436616532 99.18756964147474 99.17858890230838 99.11422571206677 99.03589626938933 98.9953192325025 99.07507686252046 99.28498433689914 99.52487457128045 99.69981423502962 99.77102991253956 99.77760671767427 99.81447364577411 99.86421581177986 99.87681430530833 99.88885746113186 99.81181603302873 99.63636135672994 99.5418375785205 99.57005964629941 99.65977967105428 99.6866549962957 99.56903746365091 99.35783171165198 99.17701117145742 99.1711315129149 99.33976271434305 99.58035797775632 99.73800372683074 99.68929495183234 99.48591014801424 99.25120363959562 99.15034428307642 99.22433835300582 99.40131150053413 99.51620240486075 99.44552764964348 99.15822859353544 98.75750771595867 98.40813528149951 98.23390846480746 98.27595686628224 98.44164468543583 98.60725757302626 98.68001240711219 98.65998725019635 98.62957410511548 98.71250428909694 98.96029006528114 99.33168826957576 99.71338114451108 99.96104096422798 99.96133791274994 99.745171896539 99.41559482467076 99.09631499501518 98.83883927898474 98.55043693877445 98.04557113304911 97.14905096077008 95.77840754497467 94.05733420688087 92.20225566301546 90.47084764652725 89.01770048095626 87.79128828392282 86.47211212232101 84.57575678995744 81.89609678991052 78.51557853963303 74.74340459279516 70.76508997510538 66.35389353290029 61.190307851178616 55.18157594016375 48.42045511193247 41.174919208269785 33.888151571229635 27.065178108928553 21.035810715315627 15.903116995842804 11.522804632591145 7.760888345588718 4.761661178182771 2.7312561998065465 1.535687615343506 0.9069833741671389 0.5771712896175849 0.40195860909314735 0.2988923197048871 0.2473591774052602 0.20613266014487283 0.18551940361902458 0.1649061445857446 0.16490615187963914 0.17521279297818193 0.20613270510100568 0.3195057033757455 0.42257207116488293 0.44318535483629634 0.45349200143286933 0.44318537484560283 0.4431853836579119 0.4328787542021675 0.4225721241190841 0.40195885541081805 0.3813455858910759 0.32981240239855936
72.7214846066433 74.6286625895858 76.44262429114549 78.16164125448655 79.7850585928642 81.31319302906256 82.74722041703464 84.0890580110594 85.3412460705975 86.50683259815766 87.58926417880454 88.59228508414992 89.51984606475729 90.3760236108219 91.16494992576293 91.89075343383041 92.55750932568202 93.16919942445547 93.7296805155325 94.24266021125044 94.7116794028359 95.14010037254782 95.53109968783633 95.88766506655165 96.21259548006503 96.50850384355432 96.7778217251683 97.02280558515355 97.24554413020111 97.44796643599858 97.63185055164269 97.79883235303618 97.9504144588477 98.08797506246067 98.21277656710969 98.3259739397073 98.42862272232102 98.52168665948356 98.61626845525579 98.7438876668544 98.86440361099989 98.93749006954909 98.95342094206543 98.91266475724761 98.84643889435955 98.82704290364349 98.91657952101549 99.12582088893105 99.37300653172315 99.56594943317387 99.65261113442193 99.67663397059188 99.71789193200063 99.79940381352782 99.83403705889084 99.8016897108749 99.66116626334576 99.49872844421319 99.43865409296582 99.49011028097091 99.58235910347341 99.57021426528523 99.41304488119641 99.2040455086499 99.07637663150612 99.14414443603982 99.36559612620174 99.59687223344564 99.68373955342184 99.58450902858137 99.3614518278596 99.18936468046697 99.18185485407353 99.32880637840644 99.49597758637452 99.51877978709324 99.32484224014826 98.9556271575811 98.55522554064592 98.30932832869557 98.26934053247194 98.39419859673113 98.57042149975995 98.67445816846502 98.65467395589228 98.61424426664561 98.64588357674879 98.84232603117158 99.19334766414376 99.57521187326127 99.84367868232755 99.8956553763948 99.72081188554093 99.42226750123666 99.1133607387295 98.85597615711362 98.57794713501721 98.06281181294935 97.15599166721913 95.76469427528357 94.04355296717567 92.20900056927084 90.52904661906555 89.11705846591826 87.88028701185542 86.42704333004737 84.36565907775383 81.45905559013593 77.93399896988907 73.98633203477259 69.76035259464149 65.10145592491071 59.69010856194335 53.47477738509663 46.57914822293179 39.312445888351235 32.117887700684285 25.45930962844291 19.656241746787025 14.677763927939406 10.472339595665535 6.967818036976054 4.2466591311344155 2.422245329680477 1.3811954226417604 0.8142869739624689 0.5256789987544215 0.36076014066756174 0.26799327652250743 0.22676356281661555 0.18553384068115839 0.1752264192098429 0.1649189941717959 0.17522644283314545 0.20614876858240652 0.2783008518203196 0.38137525996694793 0.4432199163222183 0.45352737333607623 0.45352738979251545 0.45352740465316754 0.4432199760793812 0.4329125464064778 0.4226051145520668 0.3916827977660761 0.35045303654859017 0.2679935031020673 0.15461163893757704 0.08245954192351738 0.05153721439369971 0.04122977198875444
72.78051192937843 74.68923795016589 76.50467202682032 78.22508429953427 79.84981934999774 81.3791941580757 82.81438553215037 84.15731228271736 85.41051673114129 86.57704935396491 87.6603595338125 88.66419458148474 89.59250845433095 90.44938095139395 91.23894763016222 91.96534026588772 92.63263735702076 93.24482395870622 93.80575998684111 94.31915606319565 94.7885559531035 95.21732466795542 95.60864135359051 95.96549615296053 96.29069030933462 96.58683885876849 96.85637534309117 97.10155805409613 97.32447739385732 97.52706400387433 97.71109737646911 97.87821471536896 98.0299198589035 98.16759211912233 98.29249492394051 98.40578417774601 98.50851627937959 98.60165575563602 98.83965559712684 99.05973671649657 99.2113078631821 99.30514923591113 99.35203013762275 99.35243361850539 99.31708107431764 99.24639593832288 99.19218790306086 99.20630595474323 99.26858570004897 99.31761703809646 99.28074461311711 99.17078848622954 99.0780538869961 99.08740389961238 99.22781588093808 99.41922595899936 99.56705785819302 99.57961886339272 99.49882934770037 99.44723259870477 99.47771828479856 99.58929967711197 99.67944361495108 99.64551309909942 99.46610029409392 99.2038509218063 98.98198200718286 98.88340386423552 98.91876756795894 98.99477289230289 99.0396572672052 99.0220953274494 98.98360782843174 99.00692491313917 99.15368543551914 99.38291239203645 99.632465568528 99.78907008387132 99.8318937468047 99.76111449177284 99.61787624838736 99.42297445861938 99.10404233102928 98.60959734816429 97.90857220534413 97.02171767715954 96.01091474183 94.93806512746545 93.71035229284058 92.13161007728034 90.05738479377656 87.43604362280873 84.39142808081574 80.90293675308233 77.0015019914801 72.69747849457818 68.06310641682869 63.09838038987496 57.70010224831185 51.796002692431685 45.60286044366334 39.399363179184284 33.45389707097527 27.849036767598925 22.718978586564027 18.13597765040021 14.120684141170724 10.58019995489693 7.473239677268239 4.872060393603453 2.9624623190073716 1.7547696832280157 1.0735067127466256 0.7019085811832444 0.5057872792946806 0.3922433543789385 0.3406325043286865 0.3096660152246035 0.30966610230657304 0.3303105983783954 0.3922439258835757 0.505788331595402 0.6193327677373357 0.6812661673970608 0.7019107051484111 0.7122330266370122 0.7019108972481198 0.6812665412082078 0.6502999510254496 0.6090111220310318 0.5677222830697308 0.4748223113803813 0.35095564568515725 0.22708896214493995 0.14451116635664119 0.11354449365903227 0.09290004479328834 0.08257782124649891 0.07225559631494649 0.07225559893677243 0.06193337254659335 0.06193337428504551 0.061933375949039124 0.061933377374500116 0.061933378745259456 0.051611149980620254 0.05161115085974703 0.06193338204616506 0.06193338291501701 0.07225561437034396 0.08257784594362765
72.67064653052904 74.57649124504357 76.38918484373723 78.10700007810237 79.72928251921189 81.25634866843563 82.68937355771158 84.0302731010061 85.28158578193741 86.44635747221905 87.52803234747986 88.53035206178924 89.45726460382322 90.31284361398764 91.10121840696421 91.82651452090757 92.4928042975944 93.10406677655277 93.66415604696604 94.1767771292569 94.64546843928866 95.07358990881869 95.46431588462495 95.82063199590628 96.14533525733135 96.44103675744338 96.71016636453244 96.95497896140078 97.17756179456804 97.37984259114515 97.56359815723177 97.7304632251238 97.8819393630405 98.01940380089894 98.14411805941393 98.25723629808469 98.35981332107121 98.45281219917251 98.59911050316279 98.76862971497559 98.91040887374544 99.02505451583984 99.07167901450453 99.0921928556017 99.08706887417398 99.07749081420201 99.05349810420381 99.05699346711296 99.07796582652507 99.13752310519583 99.21434669873726 99.30063212392528 99.39401698780105 99.45532873889161 99.48254239212802 99.48837635616155 99.41898043990174 99.05693770566096 98.09068085488057 96.23787256530119 93.49956993245955 90.00995324456467 86.02974750949537 81.75717463056729 77.33739064339498 72.87519430961943 68.43269479594463 64.08313511744917 60.02464461791387 56.49655256826077 53.801259269971254 51.94909345098191 50.8153104416472 50.0251155188171 49.234680598407095 47.98586197257942 46.04937647273089 43.3107352199197 39.94690583539285 36.17669934754863 32.16672995125075 28.031642463250414 23.844329579108457 19.63608750953286 15.531911107078626 11.708926305320423 8.479657927322965 6.021219582859576 4.3753066912458 3.3960887747131516 2.8439777768358634 2.646056960402413 2.7189900387702806 3.0002757454347986 3.4065736094499415 3.781620469987692 4.0524912040510666 4.177513332232541 4.198358078473333 4.156694811169088 4.0525243246836355 3.885845507104545 3.6254054653618377 3.22953193130546 2.719060825230108 2.146080886507246 1.635606958271423 1.2605643952185448 1.052207454637019 0.9376112935302101 0.9167760650282997 0.948030368388294 1.0417921508540349 1.2188974172157794 1.4897641386103238 1.8960642138206063 2.4482156270279125 3.135800625266121 3.9171473975641886 4.708912505611035 5.469423970429348 6.125756195802861 6.6779089490746255 7.1154643290609565 7.459258047833011 7.688454263527207 7.803052802903695 7.813471705695924 7.750964775696406 7.69887567650845 7.76138415547179 8.06350579930803 8.688584368109352 9.719963727400552 11.178479852299747 13.01204291670423 15.158145209242079 17.4917710872914 19.91915877299208 22.31529269871022 24.575993091111666 26.649170026145516 28.49315167308721 30.118355898651348 31.483110875199138 32.61867045343773 33.618796341812285 34.53557846253423 35.52528633766627 36.69209975368354 38.10894447511898
72.67064653052904 74.57649124504357 76.38918484373723 78.10700007810237 79.72928251921189 81.25634866843563 82.68937355771158 84.0302731010061 85.28158578193741 86.44635747221905 87.52803234747986 88.53035206178924 89.45726460382322 90.31284361398764 91.10121840696421 91.82651452090757 92.4928042975944 93.10406677655277 93.66415604696604 94.1767771292569 94.64546843928866 95.07358990881869 95.46431588462495 95.82063199590628 96.14533525733135 96.44103675744338 96.71016636453244 96.95497896140078 97.17756179456804 97.37984259114515 97.56359815723177 97.7304632251238 97.8819393630405 98.01940380089894 98.14411805941393 98.25723629808469 98.35981332107121 98.45281219917251 98.59911050316279 98.76862971497559 98.91040887374544 99.02505451583984 99.07167901450453 99.0921928556017 99.08706887417398 99.07749081420201 99.05349810420381 99.05699346711296 99.07796582652507 99.13752310519583 99.21434669873726 99.30063212392528 99.39401698780105 99.45532873889161 99.48254239212802 99.48837635616155 99.41898043990174 99.05693770566096 98.09068085488057 96.23787256530119 93.49956993245955 90.00995324456467 86.02974750949537 81.75717463056729 77.33739064339498 72.87519430961943 68.43269479594463 64.08313511744917 60.02464461791387 56.49655256826077 53.801259269971254 51.94909345098191 50.8153104416472 50.0251155188171 49.234680598407095 47.98586197257942 46.04937647273089 43.3107352199197 39.94690583539285 36.17669934754863 32.16672995125075 28.031642463250414 23.844329579108457 19.63608750953286 15.531911107078626 11.708926305320423 8.479657927322965 6.021219582859576 4.3753066912458 3.3960887747131516 2.8439777768358634 2.646056960402413 2.7189900387702806 3.0002757454347986 3.4065736094499415 3.781620469987692 4.0524912040510666 4.177513332232541 4.198358078473333 4.156694811169088 4.0525243246836355 3.885845507104545 3.6254054653618377 3.22953193130546 2.719060825230108 2.146080886507246 1.635606958271423 1.2605643952185448 1.052207454637019 0.9376112935302101 0.9167760650282997 0.948030368388294 1.0417921508540349 1.2188974172157794 1.4897641386103238 1.8960642138206063 2.4482156270279125 3.135800625266121 3.9171473975641886 4.708912505611035 5.469423970429348 6.125756195802861 6.6779089490746255 7.1154643290609565 7.459258047833011 7.688454263527207 7.803052802903695 7.813471705695924 7.750964775696406 7.69887567650845 7.76138415547179 8.06350579930803 8.688584368109352 9.719963727400552 11.178479852299747 13.01204291670423 15.158145209242079 17.4917710872914 19.91915877299208 22.31529269871022 24.575993091111666 26.649170026145516 28.49315167308721 30.118355898651348 31.483110875199138 32.61867045343773 33.618796341812285 34.53557846253423 35.52528633766627 36.69209975368354 38.10894447511898
72.67064653052904 74.57649124504357 76.38918484373723 78.10700007810237 79.72928251921189 81.25634866843563 82.68937355771158 84.0302731010061 85.28158578193741 86.44635747221905 87.52803234747986 88.53035206178924 89.45726460382322 90.31284361398764 91.10121840696421 91.82651452090757 92.4928042975944 93.10406677655277 93.66415604696604 94.1767771292569 94.64546843928866 95.07358990881869 95.46431588462495 95.82063199590628 96.14533525733135 96.44103675744338 96.71016636453244 96.95497896140078 97.17756179456804 97.37984259114515 97.56359815723177 97.7304632251238 97.8819393630405 98.01940380089894 98.14411805941393 98.25723629808469 98.35981332107121 98.45281219917251 98.59911050316279 98.76862971497559 98.91040887374544 99.02505451583984 99.07167901450453 99.0921928556017 99.08706887417398 99.07749081420201 99.05349810420381 99.05699346711296 99.07796582652507 99.13752310519583 99.21434669873726 99.30063212392528 99.39401698780105 99.45532873889161 99.48254239212802 99.48837635616155 99.41898043990174 99.05693770566096 98.09068085488057 96.23787256530119 93.49956993245955 90.00995324456467 86.02974750949537 81.75717463056729 77.33739064339498 72.87519430961943 68.43269479594463 64.08313511744917 60.02464461791387 56.49655256826077 53.801259269971254 51.94909345098191 50.8153104416472 50.0251155188171 49.234680598407095 47.98586197257942 46.04937647273089 43.3107352199197 39.94690583539285 36.17669934754863 32.16672995125075 28.031642463250414 23.844329579108457 19.63608750953286 15.531911107078626 11.708926305320423 8.479657927322965 6.021219582859576 4.3753066912458 3.3960887747131516 2.8439777768358634 2.646056960402413 2.7189900387702806 3.0002757454347986 3.4065736094499415 3.781620469987692 4.0524912040510666 4.177513332232541 4.198358078473333 4.156694811169088 4.0525243246836355 3.885845507104545 3.6254054653618377 3.22953193130546 2.719060825230108 2.146080886507246 1.635606958271423 1.2605643952185448 1.052207454637019 0.9376112935302101 0.9167760650282997 0.948030368388294 1.0417921508540349 1.2188974172157794 1.4897641386103238 1.8960642138206063 2.4482156270279125 3.135800625266121 3.9171473975641886 4.708912505611035 5.469423970429348 6.125756195802861 6.6779089490746255 7.1154643290609565 7.459258047833011 7.688454263527207 7.803052802903695 7.813471705695924 7.750964775696406 7.69887567650845 7.76138415547179 8.06350579930803 8.688584368109352 9.719963727400552 11.178479852299747 13.01204291670423 15.158145209242079 17.4917710872914 19.91915877299208 22.31529269871022 24.575993091111666 26.649170026145516 28.49315167308721 30.118355898651348 31.483110875199138 32.61867045343773 33.618796341812285 34.53557846253423 35.52528633766627 36.69209975368354 38.10894447511898
72.67064653052904 74.57649124504357 76.38918484373723 78.10700007810237 79.72928251921189 81.25634866843563 82.68937355771158 84.0302731010061 85.28158578193741 86.44635747221905 87.52803234747986 88.53035206178924 89.45726460382322 90.31284361398764 91.10121840696421 91.82651452090757 92.4928042975944 93.10406677655277 93.66415604696604 94.1767771292569 94.64546843928866 95.07358990881869 95.46431588462495 95.82063199590628 96.14533525733135 96.44103675744338 96.71016636453244 96.95497896140078 97.17756179456804 97.37984259114515 97.56359815723177 97.7304632251238 97.8819393630405 98.01940380089894 98.14411805941393 98.25723629808469 98.35981332107121 98.45281219917251 98.59911050316279 98.76862971497559 98.91040887374544 99.02505451583984 99.07167901450453 99.0921928556017 99.08706887417398 99.07749081420201 99.05349810420381 99.05699346711296 99.07796582652507 99.13752310519583 99.21434669873726 99.30063212392528 99.39401698780105 99.45532873889161 99.48254239212802 99.48837635616155 99.41898043990174 99.05693770566096 98.09068085488057 96.23787256530119 93.49956993245955 90.00995324456467 86.02974750949537 81.75717463056729 77.33739064339498 72.87519430961943 68.43269479594463 64.08313511744917 60.02464461791387 56.49655256826077 53.801259269971254 51.94909345098191 50.8153104416472 50.0251155188171 49.234680598407095 47.98586197257942 46.04937647273089 43.3107352199197 39.94690583539285 36.17669934754863 32.16672995125075 28.031642463250414 23.844329579108457 19.63608750953286 15.531911107078626 11.708926305320423 8.479657927322965 6.021219582859576 4.3753066912458 3.3960887747131516 2.8439777768358634 2.646056960402413 2.7189900387702806 3.0002757454347986 3.4065736094499415 3.781620469987692 4.0524912040510666 4.177513332232541 4.198358078473333 4.156694811169088 4.0525243246836355 3.885845507104545 3.6254054653618377 3.22953193130546 2.719060825230108 2.146080886507246 1.635606958271423 1.2605643952185448 1.052207454637019 0.9376112935302101 0.9167760650282997 0.948030368388294 1.0417921508540349 1.2188974172157794 1.4897641386103238 1.8960642138206063 2.4482156270279125 3.135800625266121 3.9171473975641886 4.708912505611035 5.469423970429348 6.125756195802861 6.6779089490746255 7.1154643290609565 7.459258047833011 7.688454263527207 7.803052802903695 7.813471705695924 7.750964775696406 7.69887567650845 7.76138415547179 8.06350579930803 8.688584368109352 9.719963727400552 11.178479852299747 13.01204291670423 15.158145209242079 17.4917710872914 19.91915877299208 22.31529269871022 24.575993091111666 26.649170026145516 28.49315167308721 30.118355898651348 31.483110875199138 32.61867045343773 33.618796341812285 34.53557846253423 35.52528633766627 36.69209975368354 38.10894447511898
72.67064653052904 74.57649124504357 76.38918484373723 78.10700007810237 79.72928251921189 81.25634866843563 82.68937355771158 84.0302731010061 85.28158578193741 86.44635747221905 87.52803234747986 88.53035206178924 89.45726460382322 90.31284361398764 91.10121840696421 91.82651452090757 92.4928042975944 93.10406677655277 93.66415604696604 94.1767771292569 94.64546843928866 95.07358990881869 95.46431588462495 95.82063199590628 96.14533525733135 96.44103675744338 96.71016636453244 96.95497896140078 97.17756179456804 97.37984259114515 97.56359815723177 97.7304632251238 97.8819393630405 98.01940380089894 98.14411805941393 98.25723629808469 98.35981332107121 98.45281219917251 98.59911050316279 98.76862971497559 98.91040887374544 99.02505451583984 99.07167901450453 99.0921928556017 99.08706887417398 99.07749081420201 99.05349810420381 99.05699346711296 99.07796582652507 99.13752310519583 99.21434669873726 99.30063212392528 99.39401698780105 99.45532873889161 99.48254239212802 99.48837635616155 99.41898043990174 99.05693770566096 98.09068085488057 96.23787256530119 93.49956993245955 90.00995324456467 86.02974750949537 81.75717463056729 77.33739064339498 72.87519430961943 68.43269479594463 64.08313511744917 60.02464461791387 56.49655256826077 53.801259269971254 51.94909345098191 50.8153104416472 50.0251155188171 49.234680598407095 47.98586197257942 46.04937647273089 43.3107352199197 39.94690583539285 36.17669934754863 32.16672995125075 28.031642463250414 23.844329579108457 19.63608750953286 15.531911107078626 11.708926305320423 8.479657927322965 6.021219582859576 4.3753066912458 3.3960887747131516 2.8439777768358634 2.646056960402413 2.7189900387702806 3.0002757454347986 3.4065736094499415 3.781620469987692 4.0524912040510666 4.177513332232541 4.198358078473333 4.156694811169088 4.0525243246836355 3.885845507104545 3.6254054653618377 3.22953193130546 2.719060825230108 2.146080886507246 1.635606958271423 1.2605643952185448 1.052207454637019 0.9376112935302101 0.9167760650282997 0.948030368388294 1.0417921508540349 1.2188974172157794 1.4897641386103238 1.8960642138206063 2.4482156270279125 3.135800625266121 3.9171473975641886 4.708912505611035 5.469423970429348 6.125756195802861 6.6779089490746255 7.1154643290609565 7.459258047833011 7.688454263527207 7.803052802903695 7.813471705695924 7.750964775696406 7.69887567650845 7.76138415547179 8.06350579930803 8.688584368109352 9.719963727400552 11.178479852299747 13.01204291670423 15.158145209242079 17.4917710872914 19.91915877299208 22.31529269871022 24.575993091111666 26.649170026145516 28.49315167308721 30.118355898651348 31.483110875199138 32.61867045343773 33.618796341812285 34.53557846253423 35.52528633766627 36.69209975368354 38.10894447511898
72.67064653052904 74.57649124504357 76.38918484373723 78.10700007810237 79.72928251921189 81.25634866843563 82.68937355771158 84.0302731010061 85.28158578193741 86.44635747221905 87.52803234747986 88.53035206178924 89.45726460382322 90.31284361398764 91.10121840696421 91.82651452090757 92.4928042975944 93.10406677655277 93.66415604696604 94.1767771292569 94.64546843928866 95.07358990881869 95.46431588462495 95.82063199590628 96.14533525733135 96.44103675744338 96.71016636453244 96.95497896140078 97.17756179456804 97.37984259114515 97.56359815723177 97.7304632251238 97.8819393630405 98.01940380089894 98.14411805941393 98.25723629808469 98.35981332107121 98.45281219917251 98.59911050316279 98.76862971497559 98.91040887374544 99.02505451583984 99.07167901450453 99.0921928556017 99.08706887417398 99.07749081420201 99.05349810420381 99.05699346711296 99.07796582652507 99.13752310519583 99.21434669873726 99.30063212392528 99.39401698780105 99.45532873889161 99.48254239212802 99.48837635616155 99.41898043990174 99.05693770566096 98.09068085488057 96.23787256530119 93.49956993245955 90.00995324456467 86.02974750949537 81.75717463056729 77.33739064339498 72.87519430961943 68.43269479594463 64.08313511744917 60.02464461791387 56.49655256826077 53.801259269971254 51.94909345098191 50.8153104416472 50.0251155188171 49.234680598407095 47.98586197257942 46.04937647273089 43.3107352199197 39.94690583539285 36.17669934754863 32.16672995125075 28.031642463250414 23.844329579108457 19.63608750953286 15.531911107078626 11.708926305320423 8.479657927322965 6.021219582859576 4.3753066912458 3.3960887747131516 2.8439777768358634 2.646056960402413 2.7189900387702806 3.0002757454347986 3.4065736094499415 3.781620469987692 4.0524912040510666 4.177513332232541 4.198358078473333 4.156694811169088 4.0525243246836355 3.885845507104545 3.6254054653618377 3.22953193130546 2.719060825230108 2.146080886507246 1.635606958271423 1.2605643952185448 1.052207454637019 0.9376112935302101 0.9167760650282997 0.948030368388294 1.0417921508540349 1.2188974172157794 1.4897641386103238 1.8960642138206063 2.4482156270279125 3.135800625266121 3.9171473975641886 4.708912505611035 5.469423970429348 6.125756195802861 6.6779089490746255 7.1154643290609565 7.459258047833011 7.688454263527207 7.803052802903695 7.813471705695924 7.750964775696406 7.69887567650845 7.76138415547179 8.06350579930803 8.688584368109352 9.719963727400552 11.178479852299747 13.01204291670423 15.158145209242079 17.4917710872914 19.91915877299208 22.31529269871022 24.575993091111666 26.649170026145516 28.49315167308721 30.118355898651348 31.483110875199138 32.61867045343773 33.618796341812285 34.53557846253423 35.52528633766627 36.69209975368354 38.10894447511898