4 151 9
300.0440999999999 302.0443999999999 304.0446999999999 306.0449999999999 308.0452999999999 310.0455999999999 312.0458999999999 314.0461999999999 316.04649999999987 318.0467999999999 320.0470999999999 322.04739999999987 324.0476999999999 326.0479999999999 328.04829999999987 330.0485999999999 332.0488999999999 334.04919999999987 336.0494999999999 338.0497999999999 340.0500999999999 342.05039999999985 344.0506999999999 346.0509999999999 348.05129999999986 350.0515999999999 352.0518999999999 354.05219999999986 356.0524999999999 358.0527999999999 360.05309999999986 362.0533999999999 364.0536999999999 366.05399999999986 368.0542999999999 370.0545999999999 372.05489999999986 374.0551999999999 376.0554999999999 378.05579999999986 380.05609999999984 382.0563999999999 384.05669999999986 386.05699999999985 388.0572999999999 390.05759999999987 392.05789999999985 394.0581999999999 396.05849999999987 398.05879999999985 399.99 402.04 403.99 406.05 407.99 410.06 412.01 413.96 416.02 417.97 420.04 422.0 423.95 426.02 427.98 430.05 432.01 433.96 436.03 437.99 440.06 442.01 443.96 446.03 447.98 450.04 451.98 454.04 455.99 458.04 459.98 462.03 463.97 466.02 467.95 470.0 472.05 473.98 476.02 477.96 480.0 482.05 483.98 486.03 487.96 490.01 492.06 493.99 496.05 497.98 500.04 501.98 504.04 505.98 508.04 509.99 512.05 514.0 515.95 518.01 519.96 522.03 523.98 526.04 527.99 530.05 532.0 534.06 536.0 538.06 540.0 542.05 543.99 546.04 547.98 550.03 551.96 554.0 556.04 557.97 560.01 562.05 563.98 566.01 568.05 569.98 572.01 574.05 575.97 578.01 580.05 581.98 584.02 585.95 588.0 590.04 591.97 594.02 595.96 598.01 599.95
0.0 13.54 26.89 39.77 50.0 60.0 70.0 80.0 90.0
72.75349827254115 74.66151583898615 76.47627608810272 78.19604980214868 79.82018180608307 81.34898896211865 82.78364764184633 84.12607594356437 85.37881524501394 86.54491489050437 87.62782298236618 88.63128544052536 89.55925475475647 90.41580920981926 91.20508282822364 91.93120585164674 92.59825526473864 93.21021464352694 93.7709424712388 94.28414799238755 94.75337365698137 95.18198322743298 95.57315466959038 95.92987701656571 96.25495047190168 96.5509891010413 96.82042554256543 97.06551725006628 97.28835384973142 97.49086526647186 97.67483033212235 97.8418856427357 97.9935344784678 98.13115563941439 98.25601208454894 98.36925928922695 98.47195326018974 98.56505816623248 98.64945355827675 98.72594116504327 98.79525126033782 98.85804860557086 98.91493797690983 98.96646929073086 99.013142344081 99.05541118891283 99.09368816011649 99.12834757801132 99.15972914611262 99.18814106477048 99.31582776166985 99.36033665093116 99.38095585874922 99.41095710918434 99.44834164445932 99.48515483386932 99.49898909368952 99.46007179941904 99.36911286760352 99.26611495506809 99.20387611727327 99.26378775288218 99.45677141128603 99.6803790467614 99.84116004123726 99.89866804495 99.89350897956342 99.91875260745462 99.9591046374217 99.96292084787329 99.9665653976526 99.88225290577451 99.69959875492813 99.59925504823465 99.62215913492635 99.70678978206689 99.72927059719497 99.60741001079856 99.39254138913554 99.20850722104845 99.19945005626401 99.36553160777142 99.60358440629311 99.75915169317416 99.70846085164436 99.50314901987886 99.26683789124046 99.16439471344475 99.23712704817096 99.41283927042255 99.52669178532147 99.45498845344336 99.16678818529341 98.76520222303357 98.41509229481522 98.24017661453061 98.28166555129118 98.44679263583404 98.61191283123298 98.6842425543565 98.66380807518175 98.6330406541869 98.7156386698765 98.963119471306 99.33427428072736 99.71571915265758 99.9631751337056 99.96326003992067 99.7468992735155 99.41716251870183 99.09772136673664 98.84011681540925 98.55158335468246 98.04660892047166 97.14997642081903 95.77923774483419 94.05806795517198 92.20290966766993 90.47142506865544 89.01821707179627 87.79175032960282 86.47252259478697 84.57612088676142 81.89641454890922 78.51585482207454 74.743641809043 70.7652936134262 66.35406571454546 61.19045216304962 55.18169301466888 48.420548546846675 41.17499085454163 33.88820507550582 27.065216661092222 21.03583796778427 15.903135543564163 11.522816852928903 7.760895772835516 4.76166531505412 2.731258342588325 1.5356887033221318 0.9069839576221879 0.5771716249030836 0.40195881945186146 0.298892462105174 0.24735928390209033 0.20613274009627022 0.18551946912545159 0.1649061970916177 0.16490619930424905 0.17521283877423463
72.7214846066433 74.6286625895858 76.44262429114549 78.16164125448655 79.7850585928642 81.31319302906256 82.74722041703464 84.0890580110594 85.3412460705975 86.50683259815766 87.58926417880454 88.59228508414992 89.51984606475729 90.3760236108219 91.16494992576293 91.89075343383041 92.55750932568202 93.16919942445547 93.7296805155325 94.24266021125044 94.7116794028359 95.14010037254782 95.53109968783633 95.88766506655165 96.21259548006503 96.50850384355432 96.7778217251683 97.02280558515355 97.24554413020111 97.44796643599858 97.63185055164269 97.79883235303618 97.9504144588477 98.08797506246067 98.21277656710969 98.3259739397073 98.42862272232102 98.52168665948356 98.60604491508836 98.68249886507209 98.75177846189871 98.81454817446422 98.87141251281686 98.9229211513535 98.96957366719589 99.01182391250042 99.05008404071788 99.0847282074557 99.11609596674973 99.14449538333285 99.17964166349915 99.25497260113313 99.32700273317498 99.35699408528228 99.33262908051285 99.25621280516422 99.15678729754285 99.1075280633668 99.1709583996114 99.3562486132362 99.58235910347341 99.75559530136043 99.825034292225 99.83237556534469 99.85926336720941 99.9270782449695 99.95000487060024 99.90595531682241 99.7558621556827 99.58450902858137 99.51601179648117 99.56032012701763 99.64556222741726 99.62764810316772 99.46506221270708 99.25084064714663 99.11873134112328 99.18235323521772 99.40030851610686 99.62850162003356 99.71220447316897 99.61034140959532 99.38462719805366 99.2103963160272 99.20092319530538 99.34601802740353 99.51165039530974 99.532882427844 99.33764388892534 98.96710324056046 98.56561363054593 98.3186810395615 98.27782339314032 98.40186479725342 98.57738998598263 98.68075442896526 98.66040463993986 98.61940124304178 98.6505406584929 98.84656313636526 99.19718914468419 99.57871165881127 99.84684898085939 99.89851152575523 99.72340802717582 99.42459868355836 99.11547681022368 98.8578770296082 98.57965429811125 98.06435817481561 97.1573705019342 95.76593207700212 94.04464695547766 92.2099765780791 90.52990901571366 89.11783092571704 87.88097257253987 86.4276563702404 84.36619753405968 81.45952831636595 77.93440913664084 73.98668323877827 69.76065291145079 65.10170852026336 59.69031860088383 53.47494710021884 46.57928226218098 39.312547900173726 32.117963447851274 25.459363643501835 19.65627967660939 14.67778946793037 10.472356129909041 6.9678279620709604 4.2466646327975734 2.4222481547324115 1.3811968874478657 0.8142877532431453 0.5256794554577248 0.3607604236985918 0.26799346638596266 0.22676370869177645 0.18553394845991908 0.17522651091183256 0.164919072743611 0.17522651827429508 0.20614884854005178 0.27830095008763867 0.3813753813962679 0.4432200437858174 0.45352749187629887
72.78051192937843 74.68923795016589 76.50467202682032 78.22508429953427 79.84981934999774 81.3791941580757 82.81438553215037 84.15731228271736 85.41051673114129 86.57704935396491 87.6603595338125 88.66419458148474 89.59250845433095 90.44938095139395 91.23894763016222 91.96534026588772 92.63263735702076 93.24482395870622 93.80575998684111 94.31915606319565 94.7885559531035 95.21732466795542 95.60864135359051 95.96549615296053 96.29069030933462 96.58683885876849 96.85637534309117 97.10155805409613 97.32447739385732 97.52706400387433 97.71109737646911 97.87821471536896 98.0299198589035 98.16759211912233 98.29249492394051 98.40578417774601 98.50851627937959 98.60165575563602 98.68608248401756 98.76259849092992 98.8319343213324 98.89475498346393 98.9516654780477 99.00321592564596 99.04990630888233 99.09219084830062 99.13048203189254 99.16515431896401 99.1965475391636 99.22497000727734 99.40430496733381 99.57245644250361 99.67553019448683 99.72621216016931 99.73276582155142 99.69750909199678 99.62890715389125 99.5280712814156 99.44727555011089 99.43692077450333 99.47771828479856 99.5067899010746 99.45252435175479 99.32573971337769 99.21851821495493 99.2141674620436 99.34307950251863 99.52309199440899 99.66166433075158 99.66546918561117 99.5762338641936 99.5174121861111 99.54085499510556 99.64674452379319 99.73160033814081 99.69251648048515 99.50862160884058 99.24208273104836 99.01656038528319 98.9148066717516 98.94701404820655 99.02045229481931 99.06275758104759 99.04309149602098 99.0026380554144 99.02408078666687 99.16930432589794 99.39699577924465 99.6453068658534 99.80064282290203 99.84241640231527 99.77060531909682 99.62647551810583 99.43072081429473 99.11104854184879 98.61588946999856 97.91425954959614 97.02679137327411 96.01544742643952 94.94213486747442 93.71398143232672 92.1348482413935 90.0602443518233 87.43854353533376 84.39362513573262 80.90483370736303 77.00314597451286 72.69887637301373 68.06428512694305 63.09937539427524 57.70092112631081 51.79667217904814 45.603390931871076 39.39978021141829 33.45421575906244 27.84927816090463 22.719155819013302 18.13610629165428 14.12077426517973 10.580261354307975 7.4732790089397065 4.872083520674076 2.9624750723435893 1.7547764917803077 1.0735104902269816 0.7019108088596643 0.5057887347817334 0.3922443722107863 0.3406333076799974 0.3096666722191687 0.30966669985621675 0.3303111731341783 0.39224454517752866 0.5057890520500935 0.6193335700998908 0.6812669619541937 0.7019114495492897 0.712233708251053 0.7019115070594802 0.6812670756895687 0.6503004117392301 0.6090115138029475 0.567722612866192 0.4748225598711676 0.35095581288980365 0.22708905991472914 0.1445112224072917 0.11354453375130262 0.09290007437252551 0.08257784499467881 0.07225561520067418
72.67064653052904 74.57649124504357 76.38918484373723 78.10700007810237 79.72928251921189 81.25634866843563 82.68937355771158 84.0302731010061 85.28158578193741 86.44635747221905 87.52803234747986 88.53035206178924 89.45726460382322 90.31284361398764 91.10121840696421 91.82651452090757 92.4928042975944 93.10406677655277 93.66415604696604 94.1767771292569 94.64546843928866 95.07358990881869 95.46431588462495 95.82063199590628 96.14533525733135 96.44103675744338 96.71016636453244 96.95497896140078 97.17756179456804 97.37984259114515 97.56359815723177 97.7304632251238 97.8819393630405 98.01940380089894 98.14411805941393 98.25723629808469 98.35981332107121 98.45281219917251 98.53711148167683 98.6135119842956 98.6827431491982 98.74546898076427 98.80229356644166 98.85376619636132 98.90038609840099 98.94260680743851 98.98084018879676 99.01546013651877 99.04680596726523 99.07518553040738 99.16238569177239 99.2798427107307 99.37322326039775 99.44492981284193 99.4513403401493 99.43636444882353 99.39817278388668 99.35868678060467 99.30822908955288 99.28726119530371 99.28669682575217 99.32635293854933 99.38601155289837 99.45578622765942 99.53492926101993 99.58256299145596 99.59810190554023 99.59231463491778 99.51344621248872 99.14233741010922 98.1669899107141 96.30578731780868 93.55891242002802 90.06187255698761 86.07476210392134 81.7957399762679 77.37045203335107 72.90327941419383 68.45660108219082 64.10348626110402 60.041784792425304 56.5112078644123 53.813808040923675 51.96010848676388 50.82508000767044 50.03378384737899 49.242436145522916 47.99266196926309 46.055311623804 43.31575805293645 39.95111638888475 36.180141037313305 32.16950666560393 28.0338264964064 23.846015266149593 19.637340457098624 15.532813329666167 11.709538617030866 8.480058252797255 6.021477696380283 4.375476134619864 3.396208137576626 2.8440680805855796 2.646132614682538 2.719060825230108 3.0003460937577024 3.406646339839206 3.7816931856556346 4.052561384691093 4.177579207840158 4.198417661436418 4.156748538317905 4.052571466822196 3.885886637790476 3.6254400016530957 3.2295599246394944 2.7190820368267454 2.146096108986116 1.6356173973871744 1.2605717105728653 1.0522129924064079 0.9376157442555401 0.9167800117294338 0.9480340467709327 1.041795816736454 1.2189012856811428 1.4897684256545105 1.8960691339155442 2.4482214009256125 3.1358072782531035 3.9171549563186483 4.708920699337506 5.469432605824232 6.125764921448579 6.677917600488478 7.115472627789422 7.4592659586373395 7.6884616214538735 7.80305958209784 7.813477835682849 7.750970266972056 7.698880629132735 7.761388664149897 8.06351001921693 8.688588507583086 9.719967912186972 11.178484188027449 13.012047511223308 15.158150035573145 17.49177611767026 19.919163979340485
72.67064653052904 74.57649124504357 76.38918484373723 78.10700007810237 79.72928251921189 81.25634866843563 82.68937355771158 84.0302731010061 85.28158578193741 86.44635747221905 87.52803234747986 88.53035206178924 89.45726460382322 90.31284361398764 91.10121840696421 91.82651452090757 92.4928042975944 93.10406677655277 93.66415604696604 94.1767771292569 94.64546843928866 95.07358990881869 95.46431588462495 95.82063199590628 96.14533525733135 96.44103675744338 96.71016636453244 96.95497896140078 97.17756179456804 97.37984259114515 97.56359815723177 97.7304632251238 97.8819393630405 98.01940380089894 98.14411805941393 98.25723629808469 98.35981332107121 98.45281219917251 98.53711148167683 98.6135119842956 98.6827431491982 98.74546898076427 98.80229356644166 98.85376619636132 98.90038609840099 98.94260680743851 98.98084018879676 99.01546013651877 99.04680596726523 99.07518553040738 99.16238569177239 99.2798427107307 99.37322326039775 99.44492981284193 99.4513403401493 99.43636444882353 99.39817278388668 99.35868678060467 99.30822908955288 99.28726119530371 99.28669682575217 99.32635293854933 99.38601155289837 99.45578622765942 99.53492926101993 99.58256299145596 99.59810190554023 99.59231463491778 99.51344621248872 99.14233741010922 98.1669899107141 96.30578731780868 93.55891242002802 90.06187255698761 86.07476210392134 81.7957399762679 77.37045203335107 72.90327941419383 68.45660108219082 64.10348626110402 60.041784792425304 56.5112078644123 53.813808040923675 51.96010848676388 50.82508000767044 50.03378384737899 49.242436145522916 47.99266196926309 46.055311623804 43.31575805293645 39.95111638888475 36.180141037313305 32.16950666560393 28.0338264964064 23.846015266149593 19.637340457098624 15.532813329666167 11.709538617030866 8.480058252797255 6.021477696380283 4.375476134619864 3.396208137576626 2.8440680805855796 2.646132614682538 2.719060825230108 3.0003460937577024 3.406646339839206 3.7816931856556346 4.052561384691093 4.177579207840158 4.198417661436418 4.156748538317905 4.052571466822196 3.885886637790476 3.6254400016530957 3.2295599246394944 2.7190820368267454 2.146096108986116 1.6356173973871744 1.2605717105728653 1.0522129924064079 0.9376157442555401 0.9167800117294338 0.9480340467709327 1.041795816736454 1.2189012856811428 1.4897684256545105 1.8960691339155442 2.4482214009256125 3.1358072782531035 3.9171549563186483 4.708920699337506 5.469432605824232 6.125764921448579 6.677917600488478 7.115472627789422 7.4592659586373395 7.6884616214538735 7.80305958209784 7.813477835682849 7.750970266972056 7.698880629132735 7.761388664149897 8.06351001921693 8.688588507583086 9.719967912186972 11.178484188027449 13.012047511223308 15.158150035573145 17.49177611767026 19.919163979340485
72.67064653052904 74.57649124504357 76.38918484373723 78.10700007810237 79.72928251921189 81.25634866843563 82.68937355771158 84.0302731010061 85.28158578193741 86.44635747221905 87.52803234747986 88.53035206178924 89.45726460382322 90.31284361398764 91.10121840696421 91.82651452090757 92.4928042975944 93.10406677655277 93.66415604696604 94.1767771292569 94.64546843928866 95.07358990881869 95.46431588462495 95.82063199590628 96.14533525733135 96.44103675744338 96.71016636453244 96.95497896140078 97.17756179456804 97.37984259114515 97.56359815723177 97.7304632251238 97.8819393630405 98.01940380089894 98.14411805941393 98.25723629808469 98.35981332107121 98.45281219917251 98.53711148167683 98.6135119842956 98.6827431491982 98.74546898076427 98.80229356644166 98.85376619636132 98.90038609840099 98.94260680743851 98.98084018879676 99.01546013651877 99.04680596726523 99.07518553040738 99.16238569177239 99.2798427107307 99.37322326039775 99.44492981284193 99.4513403401493 99.43636444882353 99.39817278388668 99.35868678060467 99.30822908955288 99.28726119530371 99.28669682575217 99.32635293854933 99.38601155289837 99.45578622765942 99.53492926101993 99.58256299145596 99.59810190554023 99.59231463491778 99.51344621248872 99.14233741010922 98.1669899107141 96.30578731780868 93.55891242002802 90.06187255698761 86.07476210392134 81.7957399762679 77.37045203335107 72.90327941419383 68.45660108219082 64.10348626110402 60.041784792425304 56.5112078644123 53.813808040923675 51.96010848676388 50.82508000767044 50.03378384737899 49.242436145522916 47.99266196926309 46.055311623804 43.31575805293645 39.95111638888475 36.180141037313305 32.16950666560393 28.0338264964064 23.846015266149593 19.637340457098624 15.532813329666167 11.709538617030866 8.480058252797255 6.021477696380283 4.375476134619864 3.396208137576626 2.8440680805855796 2.646132614682538 2.719060825230108 3.0003460937577024 3.406646339839206 3.7816931856556346 4.052561384691093 4.177579207840158 4.198417661436418 4.156748538317905 4.052571466822196 3.885886637790476 3.6254400016530957 3.2295599246394944 2.7190820368267454 2.146096108986116 1.6356173973871744 1.2605717105728653 1.0522129924064079 0.9376157442555401 0.9167800117294338 0.9480340467709327 1.041795816736454 1.2189012856811428 1.4897684256545105 1.8960691339155442 2.4482214009256125 3.1358072782531035 3.9171549563186483 4.708920699337506 5.469432605824232 6.125764921448579 6.677917600488478 7.115472627789422 7.4592659586373395 7.6884616214538735 7.80305958209784 7.813477835682849 7.750970266972056 7.698880629132735 7.761388664149897 8.06351001921693 8.688588507583086 9.719967912186972 11.178484188027449 13.012047511223308 15.158150035573145 17.49177611767026 19.919163979340485
72.67064653052904 74.57649124504357 76.38918484373723 78.10700007810237 79.72928251921189 81.25634866843563 82.68937355771158 84.0302731010061 85.28158578193741 86.44635747221905 87.52803234747986 88.53035206178924 89.45726460382322 90.31284361398764 91.10121840696421 91.82651452090757 92.4928042975944 93.10406677655277 93.66415604696604 94.1767771292569 94.64546843928866 95.07358990881869 95.46431588462495 95.82063199590628 96.14533525733135 96.44103675744338 96.71016636453244 96.95497896140078 97.17756179456804 97.37984259114515 97.56359815723177 97.7304632251238 97.8819393630405 98.01940380089894 98.14411805941393 98.25723629808469 98.35981332107121 98.45281219917251 98.53711148167683 98.6135119842956 98.6827431491982 98.74546898076427 98.80229356644166 98.85376619636132 98.90038609840099 98.94260680743851 98.98084018879676 99.01546013651877 99.04680596726523 99.07518553040738 99.16238569177239 99.2798427107307 99.37322326039775 99.44492981284193 99.4513403401493 99.43636444882353 99.39817278388668 99.35868678060467 99.30822908955288 99.28726119530371 99.28669682575217 99.32635293854933 99.38601155289837 99.45578622765942 99.53492926101993 99.58256299145596 99.59810190554023 99.59231463491778 99.51344621248872 99.14233741010922 98.1669899107141 96.30578731780868 93.55891242002802 90.06187255698761 86.07476210392134 81.7957399762679 77.37045203335107 72.90327941419383 68.45660108219082 64.10348626110402 60.041784792425304 56.5112078644123 53.813808040923675 51.96010848676388 50.82508000767044 50.03378384737899 49.242436145522916 47.99266196926309 46.055311623804 43.31575805293645 39.95111638888475 36.180141037313305 32.16950666560393 28.0338264964064 23.846015266149593 19.637340457098624 15.532813329666167 11.709538617030866 8.480058252797255 6.021477696380283 4.375476134619864 3.396208137576626 2.8440680805855796 2.646132614682538 2.719060825230108 3.0003460937577024 3.406646339839206 3.7816931856556346 4.052561384691093 4.177579207840158 4.198417661436418 4.156748538317905 4.052571466822196 3.885886637790476 3.6254400016530957 3.2295599246394944 2.7190820368267454 2.146096108986116 1.6356173973871744 1.2605717105728653 1.0522129924064079 0.9376157442555401 0.9167800117294338 0.9480340467709327 1.041795816736454 1.2189012856811428 1.4897684256545105 1.8960691339155442 2.4482214009256125 3.1358072782531035 3.9171549563186483 4.708920699337506 5.469432605824232 6.125764921448579 6.677917600488478 7.115472627789422 7.4592659586373395 7.6884616214538735 7.80305958209784 7.813477835682849 7.750970266972056 7.698880629132735 7.761388664149897 8.06351001921693 8.688588507583086 9.719967912186972 11.178484188027449 13.012047511223308 15.158150035573145 17.49177611767026 19.919163979340485
72.67064653052904 74.57649124504357 76.38918484373723 78.10700007810237 79.72928251921189 81.25634866843563 82.68937355771158 84.0302731010061 85.28158578193741 86.44635747221905 87.52803234747986 88.53035206178924 89.45726460382322 90.31284361398764 91.10121840696421 91.82651452090757 92.4928042975944 93.10406677655277 93.66415604696604 94.1767771292569 94.64546843928866 95.07358990881869 95.46431588462495 95.82063199590628 96.14533525733135 96.44103675744338 96.71016636453244 96.95497896140078 97.17756179456804 97.37984259114515 97.56359815723177 97.7304632251238 97.8819393630405 98.01940380089894 98.14411805941393 98.25723629808469 98.35981332107121 98.45281219917251 98.53711148167683 98.6135119842956 98.6827431491982 98.74546898076427 98.80229356644166 98.85376619636132 98.90038609840099 98.94260680743851 98.98084018879676 99.01546013651877 99.04680596726523 99.07518553040738 99.16238569177239 99.2798427107307 99.37322326039775 99.44492981284193 99.4513403401493 99.43636444882353 99.39817278388668 99.35868678060467 99.30822908955288 99.28726119530371 99.28669682575217 99.32635293854933 99.38601155289837 99.45578622765942 99.53492926101993 99.58256299145596 99.59810190554023 99.59231463491778 99.51344621248872 99.14233741010922 98.1669899107141 96.30578731780868 93.55891242002802 90.06187255698761 86.07476210392134 81.7957399762679 77.37045203335107 72.90327941419383 68.45660108219082 64.10348626110402 60.041784792425304 56.5112078644123 53.813808040923675 51.96010848676388 50.82508000767044 50.03378384737899 49.242436145522916 47.99266196926309 46.055311623804 43.31575805293645 39.95111638888475 36.180141037313305 32.16950666560393 28.0338264964064 23.846015266149593 19.637340457098624 15.532813329666167 11.709538617030866 8.480058252797255 6.021477696380283 4.375476134619864 3.396208137576626 2.8440680805855796 2.646132614682538 2.719060825230108 3.0003460937577024 3.406646339839206 3.7816931856556346 4.052561384691093 4.177579207840158 4.198417661436418 4.156748538317905 4.052571466822196 3.885886637790476 3.6254400016530957 3.2295599246394944 2.7190820368267454 2.146096108986116 1.6356173973871744 1.2605717105728653 1.0522129924064079 0.9376157442555401 0.9167800117294338 0.9480340467709327 1.041795816736454 1.2189012856811428 1.4897684256545105 1.8960691339155442 2.4482214009256125 3.1358072782531035 3.9171549563186483 4.708920699337506 5.469432605824232 6.125764921448579 6.677917600488478 7.115472627789422 7.4592659586373395 7.6884616214538735 7.80305958209784 7.813477835682849 7.750970266972056 7.698880629132735 7.761388664149897 8.06351001921693 8.688588507583086 9.719967912186972 11.178484188027449 13.012047511223308 15.158150035573145 17.49177611767026 19.919163979340485
72.67064653052904 74.57649124504357 76.38918484373723 78.10700007810237 79.72928251921189 81.25634866843563 82.68937355771158 84.0302731010061 85.28158578193741 86.44635747221905 87.52803234747986 88.53035206178924 89.45726460382322 90.31284361398764 91.10121840696421 91.82651452090757 92.4928042975944 93.10406677655277 93.66415604696604 94.1767771292569 94.64546843928866 95.07358990881869 95.46431588462495 95.82063199590628 96.14533525733135 96.44103675744338 96.71016636453244 96.95497896140078 97.17756179456804 97.37984259114515 97.56359815723177 97.7304632251238 97.8819393630405 98.01940380089894 98.14411805941393 98.25723629808469 98.35981332107121 98.45281219917251 98.53711148167683 98.6135119842956 98.6827431491982 98.74546898076427 98.80229356644166 98.85376619636132 98.90038609840099 98.94260680743851 98.98084018879676 99.01546013651877 99.04680596726523 99.07518553040738 99.16238569177239 99.2798427107307 99.37322326039775 99.44492981284193 99.4513403401493 99.43636444882353 99.39817278388668 99.35868678060467 99.30822908955288 99.28726119530371 99.28669682575217 99.32635293854933 99.38601155289837 99.45578622765942 99.53492926101993 99.58256299145596 99.59810190554023 99.59231463491778 99.51344621248872 99.14233741010922 98.1669899107141 96.30578731780868 93.55891242002802 90.06187255698761 86.07476210392134 81.7957399762679 77.37045203335107 72.90327941419383 68.45660108219082 64.10348626110402 60.041784792425304 56.5112078644123 53.813808040923675 51.96010848676388 50.82508000767044 50.03378384737899 49.242436145522916 47.99266196926309 46.055311623804 43.31575805293645 39.95111638888475 36.180141037313305 32.16950666560393 28.0338264964064 23.846015266149593 19.637340457098624 15.532813329666167 11.709538617030866 8.480058252797255 6.021477696380283 4.375476134619864 3.396208137576626 2.8440680805855796 2.646132614682538 2.719060825230108 3.0003460937577024 3.406646339839206 3.7816931856556346 4.052561384691093 4.177579207840158 4.198417661436418 4.156748538317905 4.052571466822196 3.885886637790476 3.6254400016530957 3.2295599246394944 2.7190820368267454 2.146096108986116 1.6356173973871744 1.2605717105728653 1.0522129924064079 0.9376157442555401 0.9167800117294338 0.9480340467709327 1.041795816736454 1.2189012856811428 1.4897684256545105 1.8960691339155442 2.4482214009256125 3.1358072782531035 3.9171549563186483 4.708920699337506 5.469432605824232 6.125764921448579 6.677917600488478 7.115472627789422 7.4592659586373395 7.6884616214538735 7.80305958209784 7.813477835682849 7.750970266972056 7.698880629132735 7.761388664149897 8.06351001921693 8.688588507583086 9.719967912186972 11.178484188027449 13.012047511223308 15.158150035573145 17.49177611767026 19.919163979340485