4 151 9
300.0440999999999 302.0443999999999 304.0446999999999 306.0449999999999 308.0452999999999 310.0455999999999 312.0458999999999 314.0461999999999 316.04649999999987 318.0467999999999 320.0470999999999 322.04739999999987 324.0476999999999 326.0479999999999 328.04829999999987 330.0485999999999 332.0488999999999 334.04919999999987 336.0494999999999 338.0497999999999 340.0500999999999 342.05039999999985 344.0506999999999 346.0509999999999 348.05129999999986 350.0515999999999 352.0518999999999 354.05219999999986 356.0524999999999 358.0527999999999 360.05309999999986 362.0533999999999 364.0536999999999 366.05399999999986 368.0542999999999 370.0545999999999 372.05489999999986 374.0551999999999 376.0554999999999 378.05579999999986 380.05609999999984 382.0563999999999 384.05669999999986 386.05699999999985 388.0572999999999 390.05759999999987 392.05789999999985 394.0581999999999 396.05849999999987 398.05879999999985 399.99 402.04 403.99 406.05 407.99 410.06 412.01 413.96 416.02 417.97 420.04 422.0 423.95 426.02 427.98 430.05 432.01 433.96 436.03 437.99 440.06 442.01 443.96 446.03 447.98 450.04 451.98 454.04 455.99 458.04 459.98 462.03 463.97 466.02 467.95 470.0 472.05 473.98 476.02 477.96 480.0 482.05 483.98 486.03 487.96 490.01 492.06 493.99 496.05 497.98 500.04 501.98 504.04 505.98 508.04 509.99 512.05 514.0 515.95 518.01 519.96 522.03 523.98 526.04 527.99 530.05 532.0 534.06 536.0 538.06 540.0 542.05 543.99 546.04 547.98 550.03 551.96 554.0 556.04 557.97 560.01 562.05 563.98 566.01 568.05 569.98 572.01 574.05 575.97 578.01 580.05 581.98 584.02 585.95 588.0 590.04 591.97 594.02 595.96 598.01 599.95
0.0 13.54 26.89 39.77 50.0 60.0 70.0 80.0 90.0
72.75349827254115 74.66151583898615 76.47627608810272 78.19604980214868 79.82018180608307 81.34898896211865 82.78364764184633 84.12607594356437 85.37881524501394 86.54491489050437 87.62782298236618 88.63128544052536 89.55925475475647 90.41580920981926 91.20508282822364 91.93120585164674 92.59825526473864 93.21021464352694 93.7709424712388 94.28414799238755 94.75337365698137 95.18198322743298 95.57315466959038 95.92987701656571 96.25495047190168 96.5509891010413 96.82042554256543 97.06551725006628 97.28835384973142 97.49086526647186 97.67483033212235 97.8418856427357 97.9935344784678 98.13115563941439 98.25601208454894 98.36925928922695 98.47195326018974 98.56505816623248 98.64945355827675 98.72594116504327 98.79525126033782 98.85804860557086 98.91493797690983 98.96646929073086 99.013142344081 99.05541118891283 99.09368816011649 99.12834757801132 99.15972914611262 99.18814106477048 99.2130163457675 99.23693321066918 99.25752680986648 99.27721578222383 99.29399864138979 99.31020421504488 99.32401414648844 99.33654449020841 99.34852250024596 99.35878117585386 99.47160507503216 99.50064501175927 99.50826606356485 99.525883728958 99.55275062401302 99.57933841931653 99.5844644019222 99.53757992506719 99.43899453175301 99.32945989721854 99.26095900234913 99.31555970278114 99.503826496108 99.72290403029331 99.8797671177949 99.93348980017412 99.92506065106423 99.94747255273488 99.98492141792998 99.9863902003947 99.98764818829815 99.90141707174197 99.71694596123042 99.61487192832867 99.6363203631729 99.71957223369735 99.74091124495695 99.61785900022417 99.40202413330657 99.21702297909579 99.20720048933464 99.372538722083 99.60995716180223 99.76491260763486 99.71368917712194 99.507858289267 99.2710782917404 99.16824107432947 99.24060500124816 99.41600038426347 99.5295512986556 99.45755928034521 99.16912458567045 98.76729576062544 98.41699368195326 98.24188475071132 98.28320837973159 98.44819671113746 98.6131775417438 98.68539613482999 98.66484520476025 98.63398518492872 98.71648874410674 98.96389560121611 99.33497482960468 99.71635910699136 99.96375203782742 99.96378502869783 99.74737432381491 99.41758965781484 99.0981074687874 98.840463847915 98.55189713858307 98.04689046108399 97.150229397857 95.77946267670114 94.05826820799993 92.20308665460138 90.4715831374852 89.0183568486543 87.79187580290336 86.47263411003863 84.5762198447691 81.8965009859249 78.51593024918206 74.74370639139812 70.76534929535764 66.35411286256978 61.190491288909776 55.18172515553922 48.42057401481459 41.17501034887092 33.8882196907382 27.06522717642534 21.03584535022966 15.903140627538559 11.522820171381506 7.760897791748058 4.76166644102046 2.7312589259766242 1.5356889986682918
72.7214846066433 74.6286625895858 76.44262429114549 78.16164125448655 79.7850585928642 81.31319302906256 82.74722041703464 84.0890580110594 85.3412460705975 86.50683259815766 87.58926417880454 88.59228508414992 89.51984606475729 90.3760236108219 91.16494992576293 91.89075343383041 92.55750932568202 93.16919942445547 93.7296805155325 94.24266021125044 94.7116794028359 95.14010037254782 95.53109968783633 95.88766506655165 96.21259548006503 96.50850384355432 96.7778217251683 97.02280558515355 97.24554413020111 97.44796643599858 97.63185055164269 97.79883235303618 97.9504144588477 98.08797506246067 98.21277656710969 98.3259739397073 98.42862272232102 98.52168665948356 98.60604491508836 98.68249886507209 98.75177846189871 98.81454817446422 98.87141251281686 98.9229211513535 98.96957366719589 99.01182391250042 99.05008404071788 99.0847282074557 99.11609596674973 99.14449538333285 99.16935971847911 99.19326605926112 99.21385059667281 99.2335309053068 99.25030637952413 99.26650482225311 99.28030867692317 99.29283350692562 99.30480624628862 99.31506040777938 99.33520536836654 99.39513217565863 99.45424382229929 99.47185831970013 99.43691657558 99.35017964891607 99.24196863490941 99.18476145560992 99.2407007109622 99.41965107261059 99.63965977137843 99.80762375805142 99.87226360994084 99.8749653926253 99.89787744405122 99.9619099031588 99.98157438650169 99.93467158373923 99.78162644405873 99.6078895373564 99.53699956608432 99.5794225245225 99.6629000316477 99.64326943521203 99.47920110972339 99.26356464590968 99.13030072522933 99.1927576354531 99.40979200131616 99.63705342912915 99.719994967639 99.61736578754187 99.3909859444208 99.21612554083602 99.20612490747415 99.35071986012076 99.51590125351225 99.53674308152742 99.34112536480562 98.97025018095715 98.56844553102816 98.32122249388271 98.28013884923033 98.4039506331392 98.57929450872452 98.68247022562595 98.66195341383748 98.62080778013673 98.65180586441056 98.84771861430332 99.19823188103274 99.57966524549752 99.8477087963297 99.89929499158761 99.72411132039504 99.42523676954274 99.11604882213739 98.85839621311575 98.58012378933986 98.06477950169628 97.15774904403871 95.76626831589424 94.04494638949127 92.21024135881507 90.53014475419836 89.11804021366463 87.88115967412152 86.42782227135729 84.36634493602782 81.45965622453238 77.93452052167991 73.98677865225014 69.76073453466967 65.10177723142039 59.6903759430358 53.4749933053266 46.57931891326047 39.31257583378932 32.11798398443667 25.45937847244348 19.656290015308873 14.677796417140438 10.472360646404322 6.96783066919993 4.246666123147984 2.4222489290858444 1.381197285218347 0.8142879650712391 0.5256795797624234 0.3607605007558979 0.2679935179269039
72.78051192937843 74.68923795016589 76.50467202682032 78.22508429953427 79.84981934999774 81.3791941580757 82.81438553215037 84.15731228271736 85.41051673114129 86.57704935396491 87.6603595338125 88.66419458148474 89.59250845433095 90.44938095139395 91.23894763016222 91.96534026588772 92.63263735702076 93.24482395870622 93.80575998684111 94.31915606319565 94.7885559531035 95.21732466795542 95.60864135359051 95.96549615296053 96.29069030933462 96.58683885876849 96.85637534309117 97.10155805409613 97.32447739385732 97.52706400387433 97.71109737646911 97.87821471536896 98.0299198589035 98.16759211912233 98.29249492394051 98.40578417774601 98.50851627937959 98.60165575563602 98.68608248401756 98.76259849092992 98.8319343213324 98.89475498346393 98.9516654780477 99.00321592564596 99.04990630888233 99.09219084830062 99.13048203189254 99.16515431896401 99.1965475391636 99.22497000727734 99.24985452456293 99.27378026988956 99.29438151557032 99.31407779851968 99.33086688922651 99.34707848007412 99.36089353919894 99.37342853548427 99.3854109930035 99.39567347769756 99.56022105758298 99.71306434116804 99.80321775851269 99.84150323873534 99.83747341280242 99.791893715332 99.71449406914972 99.60563239830235 99.51721218243078 99.50037471341221 99.53495874134832 99.55868859099958 99.4995774272038 99.36811340302451 99.25688452527301 99.24875062037533 99.37445731917921 99.55169821377834 99.68740429033254 99.68886870225884 99.59723433453566 99.53650635097326 99.55817458082778 99.66236885010198 99.74577712338665 99.70529710227245 99.5202365019055 99.25249339701107 99.02600725823466 98.92329721943254 98.95474475850268 99.02743507463427 99.06909573381475 99.04881105927252 99.00782937027844 99.028767382789 99.17354056003792 99.40085116219464 99.64879912436542 99.80381626805938 99.84528498677128 99.77318430442634 99.62882274885942 99.43282845896236 99.11296337491494 98.6176041388296 97.91579661048647 97.02817519612793 96.01667883694634 94.94324470416223 93.71496653055026 92.13573054407807 90.06101989148374 87.43922928240093 84.39422031659815 80.90535293742418 77.00359037248488 72.69925817422943 68.06460928698476 63.099646496472836 57.70114593918916 51.79685403970873 45.60353613105916 39.39989334779668 33.45430287332353 27.84934356328491 22.71920418886929 18.136141104588198 14.120798936552616 10.580277967488266 7.473289689863366 4.8720898037291285 2.9624785385776504 1.754778343847263 1.0735115215064774 0.701911415346745 0.5057891327634587 0.39224465092086985 0.3406335254847478 0.3096668525861675 0.3096668627329667 0.3303113295202428 0.39224471434391445 0.5057892485584177 0.6193337874525945 0.6812671797441875 0.7019116516925596 0.7122338935308982 0.7019116730368595 0.6812672212061002 0.6503005368060677
72.67064653052904 74.57649124504357 76.38918484373723 78.10700007810237 79.72928251921189 81.25634866843563 82.68937355771158 84.0302731010061 85.28158578193741 86.44635747221905 87.52803234747986 88.53035206178924 89.45726460382322 90.31284361398764 91.10121840696421 91.82651452090757 92.4928042975944 93.10406677655277 93.66415604696604 94.1767771292569 94.64546843928866 95.07358990881869 95.46431588462495 95.82063199590628 96.14533525733135 96.44103675744338 96.71016636453244 96.95497896140078 97.17756179456804 97.37984259114515 97.56359815723177 97.7304632251238 97.8819393630405 98.01940380089894 98.14411805941393 98.25723629808469 98.35981332107121 98.45281219917251 98.53711148167683 98.6135119842956 98.6827431491982 98.74546898076427 98.80229356644166 98.85376619636132 98.90038609840099 98.94260680743851 98.98084018879676 99.01546013651877 99.04680596726523 99.07518553040738 99.10003248341452 99.12392211177132 99.14449225896139 99.16415880950127 99.1809225563338 99.19710967506865 99.21090387975124 99.22341995390576 99.2353843233759 99.24563131639582 99.3179223305721 99.42003740474581 99.50052355950588 99.5598957076423 99.55575246797831 99.53050184392801 99.4835614851575 99.4361158980374 99.37806793697987 99.35061963155904 99.34382736667746 99.37815751990163 99.43303315974704 99.49821539688939 99.57341792273573 99.6172745616995 99.62956027180978 99.62094075115729 99.53914789126834 99.16561410557529 98.18769317373366 96.32426527598535 93.57519117917487 90.07599400261572 86.08699757806691 81.80622622391571 77.3794829043673 72.91092709417677 68.46313232111284 64.10898871038262 60.046475844988706 56.515192953476735 53.81725111221176 51.96310909107215 50.82774507800081 50.0361518384322 49.24453964408583 47.99452349525017 46.05692571943079 43.31713540060418 39.95226422920756 36.1810762632013 32.1702645891878 28.03442073271933 23.846475972995087 19.63768189837941 15.533057164220967 11.709705621699543 8.480167010638946 6.021548085116238 4.375522128544158 3.3962406603800424 2.8440925718315153 2.646153367288957 2.719080001239822 3.0003653493424975 3.406666000162244 3.781713046417282 4.052580685245929 4.177597156526604 4.1984340192057665 4.156763132866228 4.052584370031247 3.8858977961050316 3.62544944224286 3.2295675090696947 2.719087825844946 2.146100228497814 1.635620255086473 1.2605736899289885 1.052214496245169 0.9376169534079107 0.9167810844048236 0.948035047367042 1.0417968175489047 1.2189023388746156 1.489769597884273 1.8960704811715514 2.4482229663457846 3.1358091047207166 3.917157016641791 4.708922928779426 5.469434964669391 6.125767301420613 6.677919944077646 7.115474902490568 7.4592681068291276 7.688463621523459 7.8030614272469325 7.813479504617448 7.750971757651319
72.67064653052904 74.57649124504357 76.38918484373723 78.10700007810237 79.72928251921189 81.25634866843563 82.68937355771158 84.0302731010061 85.28158578193741 86.44635747221905 87.52803234747986 88.53035206178924 89.45726460382322 90.31284361398764 91.10121840696421 91.82651452090757 92.4928042975944 93.10406677655277 93.66415604696604 94.1767771292569 94.64546843928866 95.07358990881869 95.46431588462495 95.82063199590628 96.14533525733135 96.44103675744338 96.71016636453244 96.95497896140078 97.17756179456804 97.37984259114515 97.56359815723177 97.7304632251238 97.8819393630405 98.01940380089894 98.14411805941393 98.25723629808469 98.35981332107121 98.45281219917251 98.53711148167683 98.6135119842956 98.6827431491982 98.74546898076427 98.80229356644166 98.85376619636132 98.90038609840099 98.94260680743851 98.98084018879676 99.01546013651877 99.04680596726523 99.07518553040738 99.10003248341452 99.12392211177132 99.14449225896139 99.16415880950127 99.1809225563338 99.19710967506865 99.21090387975124 99.22341995390576 99.2353843233759 99.24563131639582 99.3179223305721 99.42003740474581 99.50052355950588 99.5598957076423 99.55575246797831 99.53050184392801 99.4835614851575 99.4361158980374 99.37806793697987 99.35061963155904 99.34382736667746 99.37815751990163 99.43303315974704 99.49821539688939 99.57341792273573 99.6172745616995 99.62956027180978 99.62094075115729 99.53914789126834 99.16561410557529 98.18769317373366 96.32426527598535 93.57519117917487 90.07599400261572 86.08699757806691 81.80622622391571 77.3794829043673 72.91092709417677 68.46313232111284 64.10898871038262 60.046475844988706 56.515192953476735 53.81725111221176 51.96310909107215 50.82774507800081 50.0361518384322 49.24453964408583 47.99452349525017 46.05692571943079 43.31713540060418 39.95226422920756 36.1810762632013 32.1702645891878 28.03442073271933 23.846475972995087 19.63768189837941 15.533057164220967 11.709705621699543 8.480167010638946 6.021548085116238 4.375522128544158 3.3962406603800424 2.8440925718315153 2.646153367288957 2.719080001239822 3.0003653493424975 3.406666000162244 3.781713046417282 4.052580685245929 4.177597156526604 4.1984340192057665 4.156763132866228 4.052584370031247 3.8858977961050316 3.62544944224286 3.2295675090696947 2.719087825844946 2.146100228497814 1.635620255086473 1.2605736899289885 1.052214496245169 0.9376169534079107 0.9167810844048236 0.948035047367042 1.0417968175489047 1.2189023388746156 1.489769597884273 1.8960704811715514 2.4482229663457846 3.1358091047207166 3.917157016641791 4.708922928779426 5.469434964669391 6.125767301420613 6.677919944077646 7.115474902490568 7.4592681068291276 7.688463621523459 7.8030614272469325 7.813479504617448 7.750971757651319
72.67064653052904 74.57649124504357 76.38918484373723 78.10700007810237 79.72928251921189 81.25634866843563 82.68937355771158 84.0302731010061 85.28158578193741 86.44635747221905 87.52803234747986 88.53035206178924 89.45726460382322 90.31284361398764 91.10121840696421 91.82651452090757 92.4928042975944 93.10406677655277 93.66415604696604 94.1767771292569 94.64546843928866 95.07358990881869 95.46431588462495 95.82063199590628 96.14533525733135 96.44103675744338 96.71016636453244 96.95497896140078 97.17756179456804 97.37984259114515 97.56359815723177 97.7304632251238 97.8819393630405 98.01940380089894 98.14411805941393 98.25723629808469 98.35981332107121 98.45281219917251 98.53711148167683 98.6135119842956 98.6827431491982 98.74546898076427 98.80229356644166 98.85376619636132 98.90038609840099 98.94260680743851 98.98084018879676 99.01546013651877 99.04680596726523 99.07518553040738 99.10003248341452 99.12392211177132 99.14449225896139 99.16415880950127 99.1809225563338 99.19710967506865 99.21090387975124 99.22341995390576 99.2353843233759 99.24563131639582 99.3179223305721 99.42003740474581 99.50052355950588 99.5598957076423 99.55575246797831 99.53050184392801 99.4835614851575 99.4361158980374 99.37806793697987 99.35061963155904 99.34382736667746 99.37815751990163 99.43303315974704 99.49821539688939 99.57341792273573 99.6172745616995 99.62956027180978 99.62094075115729 99.53914789126834 99.16561410557529 98.18769317373366 96.32426527598535 93.57519117917487 90.07599400261572 86.08699757806691 81.80622622391571 77.3794829043673 72.91092709417677 68.46313232111284 64.10898871038262 60.046475844988706 56.515192953476735 53.81725111221176 51.96310909107215 50.82774507800081 50.0361518384322 49.24453964408583 47.99452349525017 46.05692571943079 43.31713540060418 39.95226422920756 36.1810762632013 32.1702645891878 28.03442073271933 23.846475972995087 19.63768189837941 15.533057164220967 11.709705621699543 8.480167010638946 6.021548085116238 4.375522128544158 3.3962406603800424 2.8440925718315153 2.646153367288957 2.719080001239822 3.0003653493424975 3.406666000162244 3.781713046417282 4.052580685245929 4.177597156526604 4.1984340192057665 4.156763132866228 4.052584370031247 3.8858977961050316 3.62544944224286 3.2295675090696947 2.719087825844946 2.146100228497814 1.635620255086473 1.2605736899289885 1.052214496245169 0.9376169534079107 0.9167810844048236 0.948035047367042 1.0417968175489047 1.2189023388746156 1.489769597884273 1.8960704811715514 2.4482229663457846 3.1358091047207166 3.917157016641791 4.708922928779426 5.469434964669391 6.125767301420613 6.677919944077646 7.115474902490568 7.4592681068291276 7.688463621523459 7.8030614272469325 7.813479504617448 7.750971757651319
72.67064653052904 74.57649124504357 76.38918484373723 78.10700007810237 79.72928251921189 81.25634866843563 82.68937355771158 84.0302731010061 85.28158578193741 86.44635747221905 87.52803234747986 88.53035206178924 89.45726460382322 90.31284361398764 91.10121840696421 91.82651452090757 92.4928042975944 93.10406677655277 93.66415604696604 94.1767771292569 94.64546843928866 95.07358990881869 95.46431588462495 95.82063199590628 96.14533525733135 96.44103675744338 96.71016636453244 96.95497896140078 97.17756179456804 97.37984259114515 97.56359815723177 97.7304632251238 97.8819393630405 98.01940380089894 98.14411805941393 98.25723629808469 98.35981332107121 98.45281219917251 98.53711148167683 98.6135119842956 98.6827431491982 98.74546898076427 98.80229356644166 98.85376619636132 98.90038609840099 98.94260680743851 98.98084018879676 99.01546013651877 99.04680596726523 99.07518553040738 99.10003248341452 99.12392211177132 99.14449225896139 99.16415880950127 99.1809225563338 99.19710967506865 99.21090387975124 99.22341995390576 99.2353843233759 99.24563131639582 99.3179223305721 99.42003740474581 99.50052355950588 99.5598957076423 99.55575246797831 99.53050184392801 99.4835614851575 99.4361158980374 99.37806793697987 99.35061963155904 99.34382736667746 99.37815751990163 99.43303315974704 99.49821539688939 99.57341792273573 99.6172745616995 99.62956027180978 99.62094075115729 99.53914789126834 99.16561410557529 98.18769317373366 96.32426527598535 93.57519117917487 90.07599400261572 86.08699757806691 81.80622622391571 77.3794829043673 72.91092709417677 68.46313232111284 64.10898871038262 60.046475844988706 56.515192953476735 53.81725111221176 51.96310909107215 50.82774507800081 50.0361518384322 49.24453964408583 47.99452349525017 46.05692571943079 43.31713540060418 39.95226422920756 36.1810762632013 32.1702645891878 28.03442073271933 23.846475972995087 19.63768189837941 15.533057164220967 11.709705621699543 8.480167010638946 6.021548085116238 4.375522128544158 3.3962406603800424 2.8440925718315153 2.646153367288957 2.719080001239822 3.0003653493424975 3.406666000162244 3.781713046417282 4.052580685245929 4.177597156526604 4.1984340192057665 4.156763132866228 4.052584370031247 3.8858977961050316 3.62544944224286 3.2295675090696947 2.719087825844946 2.146100228497814 1.635620255086473 1.2605736899289885 1.052214496245169 0.9376169534079107 0.9167810844048236 0.948035047367042 1.0417968175489047 1.2189023388746156 1.489769597884273 1.8960704811715514 2.4482229663457846 3.1358091047207166 3.917157016641791 4.708922928779426 5.469434964669391 6.125767301420613 6.677919944077646 7.115474902490568 7.4592681068291276 7.688463621523459 7.8030614272469325 7.813479504617448 7.750971757651319
72.67064653052904 74.57649124504357 76.38918484373723 78.10700007810237 79.72928251921189 81.25634866843563 82.68937355771158 84.0302731010061 85.28158578193741 86.44635747221905 87.52803234747986 88.53035206178924 89.45726460382322 90.31284361398764 91.10121840696421 91.82651452090757 92.4928042975944 93.10406677655277 93.66415604696604 94.1767771292569 94.64546843928866 95.07358990881869 95.46431588462495 95.82063199590628 96.14533525733135 96.44103675744338 96.71016636453244 96.95497896140078 97.17756179456804 97.37984259114515 97.56359815723177 97.7304632251238 97.8819393630405 98.01940380089894 98.14411805941393 98.25723629808469 98.35981332107121 98.45281219917251 98.53711148167683 98.6135119842956 98.6827431491982 98.74546898076427 98.80229356644166 98.85376619636132 98.90038609840099 98.94260680743851 98.98084018879676 99.01546013651877 99.04680596726523 99.07518553040738 99.10003248341452 99.12392211177132 99.14449225896139 99.16415880950127 99.1809225563338 99.19710967506865 99.21090387975124 99.22341995390576 99.2353843233759 99.24563131639582 99.3179223305721 99.42003740474581 99.50052355950588 99.5598957076423 99.55575246797831 99.53050184392801 99.4835614851575 99.4361158980374 99.37806793697987 99.35061963155904 99.34382736667746 99.37815751990163 99.43303315974704 99.49821539688939 99.57341792273573 99.6172745616995 99.62956027180978 99.62094075115729 99.53914789126834 99.16561410557529 98.18769317373366 96.32426527598535 93.57519117917487 90.07599400261572 86.08699757806691 81.80622622391571 77.3794829043673 72.91092709417677 68.46313232111284 64.10898871038262 60.046475844988706 56.515192953476735 53.81725111221176 51.96310909107215 50.82774507800081 50.0361518384322 49.24453964408583 47.99452349525017 46.05692571943079 43.31713540060418 39.95226422920756 36.1810762632013 32.1702645891878 28.03442073271933 23.846475972995087 19.63768189837941 15.533057164220967 11.709705621699543 8.480167010638946 6.021548085116238 4.375522128544158 3.3962406603800424 2.8440925718315153 2.646153367288957 2.719080001239822 3.0003653493424975 3.406666000162244 3.781713046417282 4.052580685245929 4.177597156526604 4.1984340192057665 4.156763132866228 4.052584370031247 3.8858977961050316 3.62544944224286 3.2295675090696947 2.719087825844946 2.146100228497814 1.635620255086473 1.2605736899289885 1.052214496245169 0.9376169534079107 0.9167810844048236 0.948035047367042 1.0417968175489047 1.2189023388746156 1.489769597884273 1.8960704811715514 2.4482229663457846 3.1358091047207166 3.917157016641791 4.708922928779426 5.469434964669391 6.125767301420613 6.677919944077646 7.115474902490568 7.4592681068291276 7.688463621523459 7.8030614272469325 7.813479504617448 7.750971757651319
72.67064653052904 74.57649124504357 76.38918484373723 78.10700007810237 79.72928251921189 81.25634866843563 82.68937355771158 84.0302731010061 85.28158578193741 86.44635747221905 87.52803234747986 88.53035206178924 89.45726460382322 90.31284361398764 91.10121840696421 91.82651452090757 92.4928042975944 93.10406677655277 93.66415604696604 94.1767771292569 94.64546843928866 95.07358990881869 95.46431588462495 95.82063199590628 96.14533525733135 96.44103675744338 96.71016636453244 96.95497896140078 97.17756179456804 97.37984259114515 97.56359815723177 97.7304632251238 97.8819393630405 98.01940380089894 98.14411805941393 98.25723629808469 98.35981332107121 98.45281219917251 98.53711148167683 98.6135119842956 98.6827431491982 98.74546898076427 98.80229356644166 98.85376619636132 98.90038609840099 98.94260680743851 98.98084018879676 99.01546013651877 99.04680596726523 99.07518553040738 99.10003248341452 99.12392211177132 99.14449225896139 99.16415880950127 99.1809225563338 99.19710967506865 99.21090387975124 99.22341995390576 99.2353843233759 99.24563131639582 99.3179223305721 99.42003740474581 99.50052355950588 99.5598957076423 99.55575246797831 99.53050184392801 99.4835614851575 99.4361158980374 99.37806793697987 99.35061963155904 99.34382736667746 99.37815751990163 99.43303315974704 99.49821539688939 99.57341792273573 99.6172745616995 99.62956027180978 99.62094075115729 99.53914789126834 99.16561410557529 98.18769317373366 96.32426527598535 93.57519117917487 90.07599400261572 86.08699757806691 81.80622622391571 77.3794829043673 72.91092709417677 68.46313232111284 64.10898871038262 60.046475844988706 56.515192953476735 53.81725111221176 51.96310909107215 50.82774507800081 50.0361518384322 49.24453964408583 47.99452349525017 46.05692571943079 43.31713540060418 39.95226422920756 36.1810762632013 32.1702645891878 28.03442073271933 23.846475972995087 19.63768189837941 15.533057164220967 11.709705621699543 8.480167010638946 6.021548085116238 4.375522128544158 3.3962406603800424 2.8440925718315153 2.646153367288957 2.719080001239822 3.0003653493424975 3.406666000162244 3.781713046417282 4.052580685245929 4.177597156526604 4.1984340192057665 4.156763132866228 4.052584370031247 3.8858977961050316 3.62544944224286 3.2295675090696947 2.719087825844946 2.146100228497814 1.635620255086473 1.2605736899289885 1.052214496245169 0.9376169534079107 0.9167810844048236 0.948035047367042 1.0417968175489047 1.2189023388746156 1.489769597884273 1.8960704811715514 2.4482229663457846 3.1358091047207166 3.917157016641791 4.708922928779426 5.469434964669391 6.125767301420613 6.677919944077646 7.115474902490568 7.4592681068291276 7.688463621523459 7.8030614272469325 7.813479504617448 7.750971757651319