4 151 9
300.0440999999999 302.0443999999999 304.0446999999999 306.0449999999999 308.0452999999999 310.0455999999999 312.0458999999999 314.0461999999999 316.04649999999987 318.0467999999999 320.0470999999999 322.04739999999987 324.0476999999999 326.0479999999999 328.04829999999987 330.0485999999999 332.0488999999999 334.04919999999987 336.0494999999999 338.0497999999999 340.0500999999999 342.05039999999985 344.0506999999999 346.0509999999999 348.05129999999986 350.0515999999999 352.0518999999999 354.05219999999986 356.0524999999999 358.0527999999999 360.05309999999986 362.0533999999999 364.0536999999999 366.05399999999986 368.0542999999999 370.0545999999999 372.05489999999986 374.0551999999999 376.0554999999999 378.05579999999986 380.05609999999984 382.0563999999999 384.05669999999986 386.05699999999985 388.0572999999999 390.05759999999987 392.05789999999985 394.0581999999999 396.05849999999987 398.05879999999985 399.99 402.04 403.99 406.05 407.99 410.06 412.01 413.96 416.02 417.97 420.04 422.0 423.95 426.02 427.98 430.05 432.01 433.96 436.03 437.99 440.06 442.01 443.96 446.03 447.98 450.04 451.98 454.04 455.99 458.04 459.98 462.03 463.97 466.02 467.95 470.0 472.05 473.98 476.02 477.96 480.0 482.05 483.98 486.03 487.96 490.01 492.06 493.99 496.05 497.98 500.04 501.98 504.04 505.98 508.04 509.99 512.05 514.0 515.95 518.01 519.96 522.03 523.98 526.04 527.99 530.05 532.0 534.06 536.0 538.06 540.0 542.05 543.99 546.04 547.98 550.03 551.96 554.0 556.04 557.97 560.01 562.05 563.98 566.01 568.05 569.98 572.01 574.05 575.97 578.01 580.05 581.98 584.02 585.95 588.0 590.04 591.97 594.02 595.96 598.01 599.95
0.0 13.54 26.89 39.77 50.0 60.0 70.0 80.0 90.0
72.75349827254115 74.66151583898615 76.47627608810272 78.19604980214868 79.82018180608307 81.34898896211865 82.78364764184633 84.12607594356437 85.37881524501394 86.54491489050437 87.62782298236618 88.63128544052536 89.55925475475647 90.41580920981926 91.20508282822364 91.93120585164674 92.59825526473864 93.21021464352694 93.7709424712388 94.28414799238755 94.75337365698137 95.18198322743298 95.57315466959038 95.92987701656571 96.25495047190168 96.5509891010413 96.82042554256543 97.06551725006628 97.28835384973142 97.49086526647186 97.67483033212235 97.8418856427357 97.9935344784678 98.13115563941439 98.25601208454894 98.36925928922695 98.47195326018974 98.56505816623248 98.64945355827675 98.72594116504327 98.79525126033782 98.85804860557086 98.91493797690983 98.96646929073086 99.013142344081 99.05541118891283 99.09368816011649 99.12834757801132 99.15972914611262 99.18814106477048 99.2130163457675 99.23693321066918 99.25752680986648 99.27721578222383 99.29399864138979 99.31020421504488 99.32401414648844 99.33654449020841 99.45147433703377 99.48233613690157 99.49219961024438 99.51094315344957 99.53916285493213 99.56708248037224 99.57335129667189 99.52783364098855 99.42994211310159 99.32123867290133 99.25355090332663 99.30885426296956 99.49793243571575 99.71739670126735 99.87476340755669 99.9289856670577 99.92098439505386 99.94379434645171 99.98157438650169 99.98337745631578 99.98492141792998 99.89895803478174 99.71471834037092 99.6128633603732 99.63450119400329 99.71792890321831 99.73937820384643 99.61651356045044 99.40081514337774 99.21592474603332 99.20620884470803 99.37161478803799 99.60914115202777 99.76417494604473 99.71301971447868 99.50725529201597 99.2705172252236 99.16774857165478 99.24015914360137 99.41559482467076 99.52918501371414 99.45722617749769 99.16882495554148 98.76702493093764 98.41675022537592 98.24166369511443 98.28300887539075 98.4480154362982 98.61301780382466 98.68524743604911 98.6647103477334 98.63386329089535 98.71637808118601 98.96379579369754 99.33488395444776 99.71627681126493 99.96367720194395 99.96371751717925 99.74731335416989 99.41753483728417 99.09805787595376 98.84041932598429 98.5518568503947 98.04685428417261 97.15019686553902 95.77943372804096 94.05824246603468 92.20306393046037 90.47156238547265 89.01833885935527 87.79185978185224 86.47261942343518 84.57620718931967 81.89648994497817 78.51592039695967 74.74369810595611 70.76534222773483 66.35410669440445 61.190486275347844 55.18172107272424 48.42057067126463 41.17500784392589 33.88821782901456 27.065225826316652 21.0358444004856 15.90313995933903 11.522819745985675 7.7608975324280856 4.761666296223842 2.7312588510135924 1.5356889604156896 0.9069840961733696 0.5771717041974788
72.7214846066433 74.6286625895858 76.44262429114549 78.16164125448655 79.7850585928642 81.31319302906256 82.74722041703464 84.0890580110594 85.3412460705975 86.50683259815766 87.58926417880454 88.59228508414992 89.51984606475729 90.3760236108219 91.16494992576293 91.89075343383041 92.55750932568202 93.16919942445547 93.7296805155325 94.24266021125044 94.7116794028359 95.14010037254782 95.53109968783633 95.88766506655165 96.21259548006503 96.50850384355432 96.7778217251683 97.02280558515355 97.24554413020111 97.44796643599858 97.63185055164269 97.79883235303618 97.9504144588477 98.08797506246067 98.21277656710969 98.3259739397073 98.42862272232102 98.52168665948356 98.60604491508836 98.68249886507209 98.75177846189871 98.81454817446422 98.87141251281686 98.9229211513535 98.96957366719589 99.01182391250042 99.05008404071788 99.0847282074557 99.11609596674973 99.14449538333285 99.16935971847911 99.19326605926112 99.21385059667281 99.2335309053068 99.25030637952413 99.26650482225311 99.28030867692317 99.29283350692562 99.31510223449455 99.37684271596463 99.43818609132775 99.45692585435037 99.42334461647214 99.33795191417502 99.23089375039493 99.17504971797126 99.23166634396837 99.41142238341955 99.6322234089498 99.80088509579296 99.86634772535675 99.86944966580985 99.8928728265339 99.95740448911117 99.97749582511916 99.93099384854956 99.77828621800326 99.60488819808597 99.53428508538724 99.57697141334067 99.66067361814407 99.64126029466814 99.47738480925166 99.26192883021587 99.12877706934518 99.19141793710256 99.40858291690964 99.63595054675034 99.7189981972767 99.6164395771732 99.39017172846955 99.21539193697652 99.2054588525407 99.35011781509644 99.51533880328965 99.53624874874843 99.34067905555163 98.96984643976661 98.56808278311229 98.32089319684967 98.27984190508768 98.40368079977966 98.57905065065957 98.68224817866081 98.66175314068497 98.62062618746492 98.6516460639196 98.84756967093554 99.19809629496262 99.57954218277209 99.84759686529138 99.89919424069579 99.72402008924226 99.42515471407903 99.11597462087013 98.85832944813232 98.58006353316577 98.06472542712787 97.15770042224149 95.76622517871138 94.04490794375229 92.21020733548487 90.53011443872226 89.11801327837192 87.8811356227138 86.42780097057343 84.36632558441057 81.45963976273543 77.93450629948764 73.98676608625756 69.76072409611555 65.10176845466869 59.690368453054376 53.474987377550505 46.57931426119474 39.31257217935922 32.11798135289215 25.459376588741375 19.656288657997667 14.677795524194137 10.472360071082232 6.967830321620039 4.246665931415926 2.422248827310627 1.3811972342277423 0.8142879378629008 0.525679563777132 0.36076049085434636 0.26799351125143156 0.2267637433322787 0.18553397394939497
72.78051192937843 74.68923795016589 76.50467202682032 78.22508429953427 79.84981934999774 81.3791941580757 82.81438553215037 84.15731228271736 85.41051673114129 86.57704935396491 87.6603595338125 88.66419458148474 89.59250845433095 90.44938095139395 91.23894763016222 91.96534026588772 92.63263735702076 93.24482395870622 93.80575998684111 94.31915606319565 94.7885559531035 95.21732466795542 95.60864135359051 95.96549615296053 96.29069030933462 96.58683885876849 96.85637534309117 97.10155805409613 97.32447739385732 97.52706400387433 97.71109737646911 97.87821471536896 98.0299198589035 98.16759211912233 98.29249492394051 98.40578417774601 98.50851627937959 98.60165575563602 98.68608248401756 98.76259849092992 98.8319343213324 98.89475498346393 98.9516654780477 99.00321592564596 99.04990630888233 99.09219084830062 99.13048203189254 99.16515431896401 99.1965475391636 99.22497000727734 99.24985452456293 99.27378026988956 99.29438151557032 99.31407779851968 99.33086688922651 99.34707848007412 99.36089353919894 99.37342853548427 99.54007238577196 99.69471637953939 99.7871036827401 99.82651528321942 99.82384678243963 99.77961161569242 99.7033664532688 99.59587945082345 99.50815264324356 99.49213934294899 99.52753019302511 99.55196673597439 99.49368361850307 99.36262566777933 99.25191201979322 99.24427734934953 99.37040352400227 99.54803457254242 99.68406721839776 99.68586492296133 99.59451821117186 99.53405629615739 99.5559505068322 99.6603593244502 99.74395595574536 99.7036540070407 99.51870685261734 99.25115289186873 99.02480284165954 98.92220223762001 98.95375563734582 99.02651434925247 99.06828415480429 99.04807869253601 99.00716464667128 99.02816728873078 99.172980044791 99.4003575043004 99.64835143282745 99.80340912640291 99.84491753987847 99.77285014448877 99.62852172979595 99.43255580431811 99.11271819669997 98.61738223782066 97.915597851952 97.02799653600567 96.01652330494889 94.94310164404094 93.71483843911373 92.13561668072973 90.06091893149586 87.4391410977913 84.39414310977318 80.9052861663863 77.00353272527177 72.69920907607536 68.06456768313208 63.099611702266714 57.70111706312478 51.79683070821211 45.60351748825362 39.39987881019693 33.45429167061175 27.84933514601924 22.71919797105372 18.13613663480044 14.120795697579819 10.580275829369894 7.473288326070246 4.872088976248254 2.9624780952911407 1.754778107275322 1.0735113868016573 0.7019113375389053 0.5057890822482441 0.3922446144584751 0.34063349757539063 0.30966682967437087 0.3096668413497706 0.3303113094252454 0.39224469279509117 0.5057892233278717 0.6193337594903912 0.6812671511195013 0.7019116257796073 0.7122338697325595 0.7019116516925596 0.6812672025078157 0.6503005206076787 0.6090116068357561 0.56772269086244
72.67064653052904 74.57649124504357 76.38918484373723 78.10700007810237 79.72928251921189 81.25634866843563 82.68937355771158 84.0302731010061 85.28158578193741 86.44635747221905 87.52803234747986 88.53035206178924 89.45726460382322 90.31284361398764 91.10121840696421 91.82651452090757 92.4928042975944 93.10406677655277 93.66415604696604 94.1767771292569 94.64546843928866 95.07358990881869 95.46431588462495 95.82063199590628 96.14533525733135 96.44103675744338 96.71016636453244 96.95497896140078 97.17756179456804 97.37984259114515 97.56359815723177 97.7304632251238 97.8819393630405 98.01940380089894 98.14411805941393 98.25723629808469 98.35981332107121 98.45281219917251 98.53711148167683 98.6135119842956 98.6827431491982 98.74546898076427 98.80229356644166 98.85376619636132 98.90038609840099 98.94260680743851 98.98084018879676 99.01546013651877 99.04680596726523 99.07518553040738 99.10003248341452 99.12392211177132 99.14449225896139 99.16415880950127 99.1809225563338 99.19710967506865 99.21090387975124 99.22341995390576 99.29782269438473 99.40174336230038 99.48445835627835 99.54495002634114 99.54216428918134 99.51825191564915 99.47245964014482 99.4263795488721 99.36902106477476 99.34239665590921 99.33641308297716 99.37144785370401 99.42714329276336 99.49272047658985 99.568429559776 99.61278468081757 99.62549607018487 99.6172745616995 99.53581578227018 99.16262609274544 98.18501549006858 96.32189428931247 93.57310076168571 90.0741777702439 86.0854257936882 81.80487809674351 77.37829356363517 72.90994235848544 68.4622996294429 64.10827908809313 60.045875638906644 56.514667493309354 53.816810238586335 51.962724875934 50.8274038282 50.03584862959493 49.24426132070298 47.994285138383745 46.05671879976803 43.3169586918277 39.95211719837527 36.18095508568983 32.170167389776516 28.03434385956657 23.846416983371398 19.637637711325134 15.53302563378579 11.709684060359924 8.48015327409515 6.021539011870405 4.3755161479955245 3.3962364632316495 2.8440893835537024 2.646150698578315 2.7190775137290313 3.0003628731465333 3.406663449829202 3.7817104924004394 4.052578208144077 4.177594852929284 4.1984319181339576 4.156761260484077 4.05258271332765 3.885896362303516 3.6254482282027607 3.229566532955925 2.719087081682145 2.146099699575345 1.6356198799143926 1.260573435185609 1.0522143042276035 0.9376167941620577 0.9167809472235134 0.9480349195568873 1.0417966868236632 1.2189022037576256 1.4897694490949336 1.8960703049160685 2.4482227657538758 3.1358088727067965 3.9171567461532546 4.708922642304864 5.469434664193991 6.125766995845803 6.677919642577294 7.115474603520882 7.4592678314502265 7.688463364623777 7.803061189965107 7.813479290166117 7.750971564581732 7.698881805216392 7.76138973044386
72.67064653052904 74.57649124504357 76.38918484373723 78.10700007810237 79.72928251921189 81.25634866843563 82.68937355771158 84.0302731010061 85.28158578193741 86.44635747221905 87.52803234747986 88.53035206178924 89.45726460382322 90.31284361398764 91.10121840696421 91.82651452090757 92.4928042975944 93.10406677655277 93.66415604696604 94.1767771292569 94.64546843928866 95.07358990881869 95.46431588462495 95.82063199590628 96.14533525733135 96.44103675744338 96.71016636453244 96.95497896140078 97.17756179456804 97.37984259114515 97.56359815723177 97.7304632251238 97.8819393630405 98.01940380089894 98.14411805941393 98.25723629808469 98.35981332107121 98.45281219917251 98.53711148167683 98.6135119842956 98.6827431491982 98.74546898076427 98.80229356644166 98.85376619636132 98.90038609840099 98.94260680743851 98.98084018879676 99.01546013651877 99.04680596726523 99.07518553040738 99.10003248341452 99.12392211177132 99.14449225896139 99.16415880950127 99.1809225563338 99.19710967506865 99.21090387975124 99.22341995390576 99.29782269438473 99.40174336230038 99.48445835627835 99.54495002634114 99.54216428918134 99.51825191564915 99.47245964014482 99.4263795488721 99.36902106477476 99.34239665590921 99.33641308297716 99.37144785370401 99.42714329276336 99.49272047658985 99.568429559776 99.61278468081757 99.62549607018487 99.6172745616995 99.53581578227018 99.16262609274544 98.18501549006858 96.32189428931247 93.57310076168571 90.0741777702439 86.0854257936882 81.80487809674351 77.37829356363517 72.90994235848544 68.4622996294429 64.10827908809313 60.045875638906644 56.514667493309354 53.816810238586335 51.962724875934 50.8274038282 50.03584862959493 49.24426132070298 47.994285138383745 46.05671879976803 43.3169586918277 39.95211719837527 36.18095508568983 32.170167389776516 28.03434385956657 23.846416983371398 19.637637711325134 15.53302563378579 11.709684060359924 8.48015327409515 6.021539011870405 4.3755161479955245 3.3962364632316495 2.8440893835537024 2.646150698578315 2.7190775137290313 3.0003628731465333 3.406663449829202 3.7817104924004394 4.052578208144077 4.177594852929284 4.1984319181339576 4.156761260484077 4.05258271332765 3.885896362303516 3.6254482282027607 3.229566532955925 2.719087081682145 2.146099699575345 1.6356198799143926 1.260573435185609 1.0522143042276035 0.9376167941620577 0.9167809472235134 0.9480349195568873 1.0417966868236632 1.2189022037576256 1.4897694490949336 1.8960703049160685 2.4482227657538758 3.1358088727067965 3.9171567461532546 4.708922642304864 5.469434664193991 6.125766995845803 6.677919642577294 7.115474603520882 7.4592678314502265 7.688463364623777 7.803061189965107 7.813479290166117 7.750971564581732 7.698881805216392 7.76138973044386
72.67064653052904 74.57649124504357 76.38918484373723 78.10700007810237 79.72928251921189 81.25634866843563 82.68937355771158 84.0302731010061 85.28158578193741 86.44635747221905 87.52803234747986 88.53035206178924 89.45726460382322 90.31284361398764 91.10121840696421 91.82651452090757 92.4928042975944 93.10406677655277 93.66415604696604 94.1767771292569 94.64546843928866 95.07358990881869 95.46431588462495 95.82063199590628 96.14533525733135 96.44103675744338 96.71016636453244 96.95497896140078 97.17756179456804 97.37984259114515 97.56359815723177 97.7304632251238 97.8819393630405 98.01940380089894 98.14411805941393 98.25723629808469 98.35981332107121 98.45281219917251 98.53711148167683 98.6135119842956 98.6827431491982 98.74546898076427 98.80229356644166 98.85376619636132 98.90038609840099 98.94260680743851 98.98084018879676 99.01546013651877 99.04680596726523 99.07518553040738 99.10003248341452 99.12392211177132 99.14449225896139 99.16415880950127 99.1809225563338 99.19710967506865 99.21090387975124 99.22341995390576 99.29782269438473 99.40174336230038 99.48445835627835 99.54495002634114 99.54216428918134 99.51825191564915 99.47245964014482 99.4263795488721 99.36902106477476 99.34239665590921 99.33641308297716 99.37144785370401 99.42714329276336 99.49272047658985 99.568429559776 99.61278468081757 99.62549607018487 99.6172745616995 99.53581578227018 99.16262609274544 98.18501549006858 96.32189428931247 93.57310076168571 90.0741777702439 86.0854257936882 81.80487809674351 77.37829356363517 72.90994235848544 68.4622996294429 64.10827908809313 60.045875638906644 56.514667493309354 53.816810238586335 51.962724875934 50.8274038282 50.03584862959493 49.24426132070298 47.994285138383745 46.05671879976803 43.3169586918277 39.95211719837527 36.18095508568983 32.170167389776516 28.03434385956657 23.846416983371398 19.637637711325134 15.53302563378579 11.709684060359924 8.48015327409515 6.021539011870405 4.3755161479955245 3.3962364632316495 2.8440893835537024 2.646150698578315 2.7190775137290313 3.0003628731465333 3.406663449829202 3.7817104924004394 4.052578208144077 4.177594852929284 4.1984319181339576 4.156761260484077 4.05258271332765 3.885896362303516 3.6254482282027607 3.229566532955925 2.719087081682145 2.146099699575345 1.6356198799143926 1.260573435185609 1.0522143042276035 0.9376167941620577 0.9167809472235134 0.9480349195568873 1.0417966868236632 1.2189022037576256 1.4897694490949336 1.8960703049160685 2.4482227657538758 3.1358088727067965 3.9171567461532546 4.708922642304864 5.469434664193991 6.125766995845803 6.677919642577294 7.115474603520882 7.4592678314502265 7.688463364623777 7.803061189965107 7.813479290166117 7.750971564581732 7.698881805216392 7.76138973044386
72.67064653052904 74.57649124504357 76.38918484373723 78.10700007810237 79.72928251921189 81.25634866843563 82.68937355771158 84.0302731010061 85.28158578193741 86.44635747221905 87.52803234747986 88.53035206178924 89.45726460382322 90.31284361398764 91.10121840696421 91.82651452090757 92.4928042975944 93.10406677655277 93.66415604696604 94.1767771292569 94.64546843928866 95.07358990881869 95.46431588462495 95.82063199590628 96.14533525733135 96.44103675744338 96.71016636453244 96.95497896140078 97.17756179456804 97.37984259114515 97.56359815723177 97.7304632251238 97.8819393630405 98.01940380089894 98.14411805941393 98.25723629808469 98.35981332107121 98.45281219917251 98.53711148167683 98.6135119842956 98.6827431491982 98.74546898076427 98.80229356644166 98.85376619636132 98.90038609840099 98.94260680743851 98.98084018879676 99.01546013651877 99.04680596726523 99.07518553040738 99.10003248341452 99.12392211177132 99.14449225896139 99.16415880950127 99.1809225563338 99.19710967506865 99.21090387975124 99.22341995390576 99.29782269438473 99.40174336230038 99.48445835627835 99.54495002634114 99.54216428918134 99.51825191564915 99.47245964014482 99.4263795488721 99.36902106477476 99.34239665590921 99.33641308297716 99.37144785370401 99.42714329276336 99.49272047658985 99.568429559776 99.61278468081757 99.62549607018487 99.6172745616995 99.53581578227018 99.16262609274544 98.18501549006858 96.32189428931247 93.57310076168571 90.0741777702439 86.0854257936882 81.80487809674351 77.37829356363517 72.90994235848544 68.4622996294429 64.10827908809313 60.045875638906644 56.514667493309354 53.816810238586335 51.962724875934 50.8274038282 50.03584862959493 49.24426132070298 47.994285138383745 46.05671879976803 43.3169586918277 39.95211719837527 36.18095508568983 32.170167389776516 28.03434385956657 23.846416983371398 19.637637711325134 15.53302563378579 11.709684060359924 8.48015327409515 6.021539011870405 4.3755161479955245 3.3962364632316495 2.8440893835537024 2.646150698578315 2.7190775137290313 3.0003628731465333 3.406663449829202 3.7817104924004394 4.052578208144077 4.177594852929284 4.1984319181339576 4.156761260484077 4.05258271332765 3.885896362303516 3.6254482282027607 3.229566532955925 2.719087081682145 2.146099699575345 1.6356198799143926 1.260573435185609 1.0522143042276035 0.9376167941620577 0.9167809472235134 0.9480349195568873 1.0417966868236632 1.2189022037576256 1.4897694490949336 1.8960703049160685 2.4482227657538758 3.1358088727067965 3.9171567461532546 4.708922642304864 5.469434664193991 6.125766995845803 6.677919642577294 7.115474603520882 7.4592678314502265 7.688463364623777 7.803061189965107 7.813479290166117 7.750971564581732 7.698881805216392 7.76138973044386
72.67064653052904 74.57649124504357 76.38918484373723 78.10700007810237 79.72928251921189 81.25634866843563 82.68937355771158 84.0302731010061 85.28158578193741 86.44635747221905 87.52803234747986 88.53035206178924 89.45726460382322 90.31284361398764 91.10121840696421 91.82651452090757 92.4928042975944 93.10406677655277 93.66415604696604 94.1767771292569 94.64546843928866 95.07358990881869 95.46431588462495 95.82063199590628 96.14533525733135 96.44103675744338 96.71016636453244 96.95497896140078 97.17756179456804 97.37984259114515 97.56359815723177 97.7304632251238 97.8819393630405 98.01940380089894 98.14411805941393 98.25723629808469 98.35981332107121 98.45281219917251 98.53711148167683 98.6135119842956 98.6827431491982 98.74546898076427 98.80229356644166 98.85376619636132 98.90038609840099 98.94260680743851 98.98084018879676 99.01546013651877 99.04680596726523 99.07518553040738 99.10003248341452 99.12392211177132 99.14449225896139 99.16415880950127 99.1809225563338 99.19710967506865 99.21090387975124 99.22341995390576 99.29782269438473 99.40174336230038 99.48445835627835 99.54495002634114 99.54216428918134 99.51825191564915 99.47245964014482 99.4263795488721 99.36902106477476 99.34239665590921 99.33641308297716 99.37144785370401 99.42714329276336 99.49272047658985 99.568429559776 99.61278468081757 99.62549607018487 99.6172745616995 99.53581578227018 99.16262609274544 98.18501549006858 96.32189428931247 93.57310076168571 90.0741777702439 86.0854257936882 81.80487809674351 77.37829356363517 72.90994235848544 68.4622996294429 64.10827908809313 60.045875638906644 56.514667493309354 53.816810238586335 51.962724875934 50.8274038282 50.03584862959493 49.24426132070298 47.994285138383745 46.05671879976803 43.3169586918277 39.95211719837527 36.18095508568983 32.170167389776516 28.03434385956657 23.846416983371398 19.637637711325134 15.53302563378579 11.709684060359924 8.48015327409515 6.021539011870405 4.3755161479955245 3.3962364632316495 2.8440893835537024 2.646150698578315 2.7190775137290313 3.0003628731465333 3.406663449829202 3.7817104924004394 4.052578208144077 4.177594852929284 4.1984319181339576 4.156761260484077 4.05258271332765 3.885896362303516 3.6254482282027607 3.229566532955925 2.719087081682145 2.146099699575345 1.6356198799143926 1.260573435185609 1.0522143042276035 0.9376167941620577 0.9167809472235134 0.9480349195568873 1.0417966868236632 1.2189022037576256 1.4897694490949336 1.8960703049160685 2.4482227657538758 3.1358088727067965 3.9171567461532546 4.708922642304864 5.469434664193991 6.125766995845803 6.677919642577294 7.115474603520882 7.4592678314502265 7.688463364623777 7.803061189965107 7.813479290166117 7.750971564581732 7.698881805216392 7.76138973044386
72.67064653052904 74.57649124504357 76.38918484373723 78.10700007810237 79.72928251921189 81.25634866843563 82.68937355771158 84.0302731010061 85.28158578193741 86.44635747221905 87.52803234747986 88.53035206178924 89.45726460382322 90.31284361398764 91.10121840696421 91.82651452090757 92.4928042975944 93.10406677655277 93.66415604696604 94.1767771292569 94.64546843928866 95.07358990881869 95.46431588462495 95.82063199590628 96.14533525733135 96.44103675744338 96.71016636453244 96.95497896140078 97.17756179456804 97.37984259114515 97.56359815723177 97.7304632251238 97.8819393630405 98.01940380089894 98.14411805941393 98.25723629808469 98.35981332107121 98.45281219917251 98.53711148167683 98.6135119842956 98.6827431491982 98.74546898076427 98.80229356644166 98.85376619636132 98.90038609840099 98.94260680743851 98.98084018879676 99.01546013651877 99.04680596726523 99.07518553040738 99.10003248341452 99.12392211177132 99.14449225896139 99.16415880950127 99.1809225563338 99.19710967506865 99.21090387975124 99.22341995390576 99.29782269438473 99.40174336230038 99.48445835627835 99.54495002634114 99.54216428918134 99.51825191564915 99.47245964014482 99.4263795488721 99.36902106477476 99.34239665590921 99.33641308297716 99.37144785370401 99.42714329276336 99.49272047658985 99.568429559776 99.61278468081757 99.62549607018487 99.6172745616995 99.53581578227018 99.16262609274544 98.18501549006858 96.32189428931247 93.57310076168571 90.0741777702439 86.0854257936882 81.80487809674351 77.37829356363517 72.90994235848544 68.4622996294429 64.10827908809313 60.045875638906644 56.514667493309354 53.816810238586335 51.962724875934 50.8274038282 50.03584862959493 49.24426132070298 47.994285138383745 46.05671879976803 43.3169586918277 39.95211719837527 36.18095508568983 32.170167389776516 28.03434385956657 23.846416983371398 19.637637711325134 15.53302563378579 11.709684060359924 8.48015327409515 6.021539011870405 4.3755161479955245 3.3962364632316495 2.8440893835537024 2.646150698578315 2.7190775137290313 3.0003628731465333 3.406663449829202 3.7817104924004394 4.052578208144077 4.177594852929284 4.1984319181339576 4.156761260484077 4.05258271332765 3.885896362303516 3.6254482282027607 3.229566532955925 2.719087081682145 2.146099699575345 1.6356198799143926 1.260573435185609 1.0522143042276035 0.9376167941620577 0.9167809472235134 0.9480349195568873 1.0417966868236632 1.2189022037576256 1.4897694490949336 1.8960703049160685 2.4482227657538758 3.1358088727067965 3.9171567461532546 4.708922642304864 5.469434664193991 6.125766995845803 6.677919642577294 7.115474603520882 7.4592678314502265 7.688463364623777 7.803061189965107 7.813479290166117 7.750971564581732 7.698881805216392 7.76138973044386