4 151 9
300.0440999999999 302.0443999999999 304.0446999999999 306.0449999999999 308.0452999999999 310.0455999999999 312.0458999999999 314.0461999999999 316.04649999999987 318.0467999999999 320.0470999999999 322.04739999999987 324.0476999999999 326.0479999999999 328.04829999999987 330.0485999999999 332.0488999999999 334.04919999999987 336.0494999999999 338.0497999999999 340.0500999999999 342.05039999999985 344.0506999999999 346.0509999999999 348.05129999999986 350.0515999999999 352.0518999999999 354.05219999999986 356.0524999999999 358.0527999999999 360.05309999999986 362.0533999999999 364.0536999999999 366.05399999999986 368.0542999999999 370.0545999999999 372.05489999999986 374.0551999999999 376.0554999999999 378.05579999999986 380.05609999999984 382.0563999999999 384.05669999999986 386.05699999999985 388.0572999999999 390.05759999999987 392.05789999999985 394.0581999999999 396.05849999999987 398.05879999999985 399.99 402.04 403.99 406.05 407.99 410.06 412.01 413.96 416.02 417.97 420.04 422.0 423.95 426.02 427.98 430.05 432.01 433.96 436.03 437.99 440.06 442.01 443.96 446.03 447.98 450.04 451.98 454.04 455.99 458.04 459.98 462.03 463.97 466.02 467.95 470.0 472.05 473.98 476.02 477.96 480.0 482.05 483.98 486.03 487.96 490.01 492.06 493.99 496.05 497.98 500.04 501.98 504.04 505.98 508.04 509.99 512.05 514.0 515.95 518.01 519.96 522.03 523.98 526.04 527.99 530.05 532.0 534.06 536.0 538.06 540.0 542.05 543.99 546.04 547.98 550.03 551.96 554.0 556.04 557.97 560.01 562.05 563.98 566.01 568.05 569.98 572.01 574.05 575.97 578.01 580.05 581.98 584.02 585.95 588.0 590.04 591.97 594.02 595.96 598.01 599.95
0.0 13.54 26.89 39.77 50.0 60.0 70.0 80.0 90.0
72.75349827254115 74.66151583898615 76.47627608810272 78.19604980214868 79.82018180608307 81.34898896211865 82.78364764184633 84.12607594356437 85.37881524501394 86.54491489050437 87.62782298236618 88.63128544052536 89.55925475475647 90.41580920981926 91.20508282822364 91.93120585164674 92.59825526473864 93.21021464352694 93.7709424712388 94.28414799238755 94.75337365698137 95.18198322743298 95.57315466959038 95.92987701656571 96.25495047190168 96.5509891010413 96.82042554256543 97.06551725006628 97.28835384973142 97.49086526647186 97.67483033212235 97.8418856427357 97.9935344784678 98.13115563941439 98.25601208454894 98.36925928922695 98.47195326018974 98.56505816623248 98.64945355827675 98.72594116504327 98.79525126033782 98.85804860557086 98.91493797690983 98.96646929073086 99.013142344081 99.05541118891283 99.09368816011649 99.12834757801132 99.15972914611262 99.18814106477048 99.2130163457675 99.23693321066918 99.25752680986648 99.27721578222383 99.29399864138979 99.31020421504488 99.32401414648844 99.33654449020841 99.34852250024596 99.35878117585386 99.36863239897104 99.37706731147557 99.3846788980957 99.49498466539731 99.5218496150247 99.52783364098855 99.54325845823669 99.56848581823374 99.59353088877502 99.59733314245533 99.54944839949111 99.44950536894322 99.33896564657525 99.26952442941162 99.32333387479882 99.51100340279247 99.72927059719497 99.88564299965554 99.93871087525521 99.92987374285936 99.95174175106011 99.98885138951877 99.98988190639417 99.99086753879939 99.90427074892409 99.71957223369735 99.61723993529176 99.6384710132596 99.72151223575679 99.74263512949923 99.61944732286604 99.40345737134314 99.21831946163164 99.20837280589805 99.37358046985113 99.61092184005858 99.76578466196503 99.71448060633317 99.50857215568085 99.27171010794379 99.16882495554148 99.24112314097866 99.41648053973988 99.52997758117081 99.45795256370813 99.16947283585232 98.76761597136827 98.41727705136637 98.24214133861848 98.28343995213983 98.44840712377204 98.61337202188068 98.68556898358968 98.6650044355803 98.63412628339042 98.71661886581533 98.9640114514093 99.33508197820287 99.71645449296437 99.9638401504402 99.9638631658626 99.74744620647773 99.41765318958086 99.09816585549487 98.8405155872532 98.55194470188489 98.0469324416725 97.15026769576043 95.77949670729664 94.05829855283307 92.20311351640918 90.47160693896532 89.01837811348656 87.79189471408361 86.47265093077415 84.57623478320643 81.89651405489539 78.51594156369319 74.74371615751619 70.76535766117524 66.3541199462274 61.19049723185147 55.18172999519839 48.420577789355 41.175013314143804 33.88822189458638 27.065228774640282 21.03584647139148 15.903141382022879 11.522820676384402 7.7608980939410985
72.7214846066433 74.6286625895858 76.44262429114549 78.16164125448655 79.7850585928642 81.31319302906256 82.74722041703464 84.0890580110594 85.3412460705975 86.50683259815766 87.58926417880454 88.59228508414992 89.51984606475729 90.3760236108219 91.16494992576293 91.89075343383041 92.55750932568202 93.16919942445547 93.7296805155325 94.24266021125044 94.7116794028359 95.14010037254782 95.53109968783633 95.88766506655165 96.21259548006503 96.50850384355432 96.7778217251683 97.02280558515355 97.24554413020111 97.44796643599858 97.63185055164269 97.79883235303618 97.9504144588477 98.08797506246067 98.21277656710969 98.3259739397073 98.42862272232102 98.52168665948356 98.60604491508836 98.68249886507209 98.75177846189871 98.81454817446422 98.87141251281686 98.9229211513535 98.96957366719589 99.01182391250042 99.05008404071788 99.0847282074557 99.11609596674973 99.14449538333285 99.16935971847911 99.19326605926112 99.21385059667281 99.2335309053068 99.25030637952413 99.26650482225311 99.28030867692317 99.29283350692562 99.30480624628862 99.31506040777938 99.32490729607045 99.3333384969669 99.34094673426642 99.3585528996404 99.4163142930615 99.47380077664181 99.48922361749403 99.45263346120313 99.36433945769512 99.25479311663986 99.1965878613299 99.2511905882254 99.42916545319018 99.64825787728917 99.81543644760472 99.87946709086752 99.88134166751577 99.90375439133423 99.96713246306237 99.9863902003947 99.9389402352785 99.78554842500793 99.61136802542659 99.54020440683468 99.58226700395228 99.6655248806922 99.64563811722991 99.48134836839084 99.26549577653456 99.13201405620816 99.19433918021268 99.41122535135452 99.63835540026089 99.72117334381763 99.61841010189482 99.39194850203803 99.21699279816768 99.20691230813932 99.3514325992282 99.51653462790476 99.53732913239976 99.34164402935752 98.97072818356682 98.56886769715202 98.32161128384809 98.28048397757921 98.40426966589075 98.57957834544604 98.68272796425315 98.66218587863517 98.62101856169174 98.65200042072837 98.84789174737294 99.1983919726619 99.57980769677896 99.84784040913961 99.89941193678823 99.72421888873893 99.42533187703599 99.11613618754586 98.85847348624816 98.5801948308269 98.06484216896318 97.15780628752415 95.76631844600443 94.04499177764006 92.21028084033438 90.530180442377 89.11807187744613 87.881188026112 86.4278474506396 84.3663671313273 81.45967568373143 77.93453730949487 73.98679304422569 69.76074685629345 65.10178762030387 59.69038454469688 53.475000292444626 46.579324419826754 39.312580030617745 32.11798710379888 25.459380705333338 19.656291547580278 14.67779747418138 10.47236132745199 6.96783108065375 4.246666349485449 2.4222490440033235 1.3811973457511522 0.8142879967779002
72.78051192937843 74.68923795016589 76.50467202682032 78.22508429953427 79.84981934999774 81.3791941580757 82.81438553215037 84.15731228271736 85.41051673114129 86.57704935396491 87.6603595338125 88.66419458148474 89.59250845433095 90.44938095139395 91.23894763016222 91.96534026588772 92.63263735702076 93.24482395870622 93.80575998684111 94.31915606319565 94.7885559531035 95.21732466795542 95.60864135359051 95.96549615296053 96.29069030933462 96.58683885876849 96.85637534309117 97.10155805409613 97.32447739385732 97.52706400387433 97.71109737646911 97.87821471536896 98.0299198589035 98.16759211912233 98.29249492394051 98.40578417774601 98.50851627937959 98.60165575563602 98.68608248401756 98.76259849092992 98.8319343213324 98.89475498346393 98.9516654780477 99.00321592564596 99.04990630888233 99.09219084830062 99.13048203189254 99.16515431896401 99.1965475391636 99.22497000727734 99.24985452456293 99.27378026988956 99.29438151557032 99.31407779851968 99.33086688922651 99.34707848007412 99.36089353919894 99.37342853548427 99.3854109930035 99.39567347769756 99.4055283586122 99.41396640303255 99.42158081586439 99.5836214760565 99.73431421316117 99.82284333604387 99.85893306728403 99.85325360998239 99.80611647907236 99.7273796126858 99.61750898703886 99.52773128733322 99.50989681917926 99.54354781239736 99.56648179453462 99.50675402741594 99.37445731917921 99.26272376323037 99.25393592091604 99.37924389005595 99.5559505068322 99.69132256781944 99.69235001826826 99.60044111469388 99.53934960450546 99.56079667168946 99.6647379861439 99.74793013609764 99.70723682661526 99.52195657238819 99.25407589420692 99.02743507463427 98.92458986381335 98.9559140918347 99.02847320459252 99.07005517406806 99.04967685409282 99.00861519706865 99.02947781221896 99.17417175545708 99.40143641296467 99.64931939529608 99.80429829659364 99.84571262156577 99.77357883586001 99.62917261335392 99.43315082741051 99.11324874821494 98.61786170803973 97.91602731720839 97.0283825737606 96.01686819639414 94.94341099849483 93.71511777298053 92.13586234661877 90.06113860411153 87.43933164146374 84.39431134921196 80.90543032929732 77.0036582469634 72.699314999948 68.06465833755267 63.0996868196389 57.701179935599534 51.796881153451864 45.60355814032348 39.39991021758931 33.45431606145153 27.849353458200994 22.719211518479682 18.136146388245763 14.12080265148612 10.580280494920181 7.473291299678933 4.872090751452474 2.9624790618311145 1.7547786238732241 1.0735116762044858 0.7019115070594802 0.505789192557407 0.39224469279509117 0.34063355856775035 0.3096668797451956 0.30966688687250055 0.3303113533080505 0.39224473985271396 0.5057892784255209 0.6193338204616505 0.6812672120651873 0.7019116824547699 0.7122339212637884
72.67064653052904 74.57649124504357 76.38918484373723 78.10700007810237 79.72928251921189 81.25634866843563 82.68937355771158 84.0302731010061 85.28158578193741 86.44635747221905 87.52803234747986 88.53035206178924 89.45726460382322 90.31284361398764 91.10121840696421 91.82651452090757 92.4928042975944 93.10406677655277 93.66415604696604 94.1767771292569 94.64546843928866 95.07358990881869 95.46431588462495 95.82063199590628 96.14533525733135 96.44103675744338 96.71016636453244 96.95497896140078 97.17756179456804 97.37984259114515 97.56359815723177 97.7304632251238 97.8819393630405 98.01940380089894 98.14411805941393 98.25723629808469 98.35981332107121 98.45281219917251 98.53711148167683 98.6135119842956 98.6827431491982 98.74546898076427 98.80229356644166 98.85376619636132 98.90038609840099 98.94260680743851 98.98084018879676 99.01546013651877 99.04680596726523 99.07518553040738 99.10003248341452 99.12392211177132 99.14449225896139 99.16415880950127 99.1809225563338 99.19710967506865 99.21090387975124 99.22341995390576 99.2353843233759 99.24563131639582 99.25547132093224 99.26389662775166 99.27149954629085 99.34126579967823 99.44122482970725 99.52008961442242 99.57727637456155 99.57148813666706 99.54468735299074 99.4964171865739 99.44797227428484 99.38857233414602 99.3601274058853 99.35239994461718 99.38593659191886 99.44020496032466 99.50456761909031 99.57927578221076 99.62247911595756 99.63435913023399 99.625196001866 99.54306034144221 99.16907714858564 98.19085457021576 96.32701677206978 93.57765569456703 90.07813525498976 86.08885576600612 81.80781772941253 77.38082030235978 72.91208959734142 68.46411946364037 64.10982643138814 60.047185405160356 56.515785416715396 53.81777230841989 51.96356330541573 50.82814849865978 50.036510796296334 49.24485306364983 47.994806076651685 46.05716618474314 43.31734461199575 39.95243534373044 36.18121933342592 32.17037756084648 28.034511622346493 23.84654463351446 19.637733188027532 15.533093762817147 11.709730648770556 8.480183734813972 6.021558631936322 4.375529190005363 3.3962455187899687 2.8440963207309093 2.6461564649578286 2.719082934200856 3.0003682194108676 3.406669002953116 3.781716002411149 4.052583605726723 4.177599826176169 4.198436492842702 4.156765308778452 4.052586325897133 3.8858994599240027 3.625450871442909 3.22956865654017 2.7190887030699673 2.1461008537277704 1.6356206853893551 1.2605739910566323 1.052214722901882 0.9376171357940143 0.9167812463330441 0.9480351986536283 1.0417969676766765 1.2189024981381138 1.48976977400353 1.89607068358725 2.4482232041220473 3.1358093797437836 3.917157321996854 4.708923267898745 5.469435320362444 6.125767663150177 6.677920299995308 7.115475240066294 7.459268433741458 7.688463920896066
72.67064653052904 74.57649124504357 76.38918484373723 78.10700007810237 79.72928251921189 81.25634866843563 82.68937355771158 84.0302731010061 85.28158578193741 86.44635747221905 87.52803234747986 88.53035206178924 89.45726460382322 90.31284361398764 91.10121840696421 91.82651452090757 92.4928042975944 93.10406677655277 93.66415604696604 94.1767771292569 94.64546843928866 95.07358990881869 95.46431588462495 95.82063199590628 96.14533525733135 96.44103675744338 96.71016636453244 96.95497896140078 97.17756179456804 97.37984259114515 97.56359815723177 97.7304632251238 97.8819393630405 98.01940380089894 98.14411805941393 98.25723629808469 98.35981332107121 98.45281219917251 98.53711148167683 98.6135119842956 98.6827431491982 98.74546898076427 98.80229356644166 98.85376619636132 98.90038609840099 98.94260680743851 98.98084018879676 99.01546013651877 99.04680596726523 99.07518553040738 99.10003248341452 99.12392211177132 99.14449225896139 99.16415880950127 99.1809225563338 99.19710967506865 99.21090387975124 99.22341995390576 99.2353843233759 99.24563131639582 99.25547132093224 99.26389662775166 99.27149954629085 99.34126579967823 99.44122482970725 99.52008961442242 99.57727637456155 99.57148813666706 99.54468735299074 99.4964171865739 99.44797227428484 99.38857233414602 99.3601274058853 99.35239994461718 99.38593659191886 99.44020496032466 99.50456761909031 99.57927578221076 99.62247911595756 99.63435913023399 99.625196001866 99.54306034144221 99.16907714858564 98.19085457021576 96.32701677206978 93.57765569456703 90.07813525498976 86.08885576600612 81.80781772941253 77.38082030235978 72.91208959734142 68.46411946364037 64.10982643138814 60.047185405160356 56.515785416715396 53.81777230841989 51.96356330541573 50.82814849865978 50.036510796296334 49.24485306364983 47.994806076651685 46.05716618474314 43.31734461199575 39.95243534373044 36.18121933342592 32.17037756084648 28.034511622346493 23.84654463351446 19.637733188027532 15.533093762817147 11.709730648770556 8.480183734813972 6.021558631936322 4.375529190005363 3.3962455187899687 2.8440963207309093 2.6461564649578286 2.719082934200856 3.0003682194108676 3.406669002953116 3.781716002411149 4.052583605726723 4.177599826176169 4.198436492842702 4.156765308778452 4.052586325897133 3.8858994599240027 3.625450871442909 3.22956865654017 2.7190887030699673 2.1461008537277704 1.6356206853893551 1.2605739910566323 1.052214722901882 0.9376171357940143 0.9167812463330441 0.9480351986536283 1.0417969676766765 1.2189024981381138 1.48976977400353 1.89607068358725 2.4482232041220473 3.1358093797437836 3.917157321996854 4.708923267898745 5.469435320362444 6.125767663150177 6.677920299995308 7.115475240066294 7.459268433741458 7.688463920896066
72.67064653052904 74.57649124504357 76.38918484373723 78.10700007810237 79.72928251921189 81.25634866843563 82.68937355771158 84.0302731010061 85.28158578193741 86.44635747221905 87.52803234747986 88.53035206178924 89.45726460382322 90.31284361398764 91.10121840696421 91.82651452090757 92.4928042975944 93.10406677655277 93.66415604696604 94.1767771292569 94.64546843928866 95.07358990881869 95.46431588462495 95.82063199590628 96.14533525733135 96.44103675744338 96.71016636453244 96.95497896140078 97.17756179456804 97.37984259114515 97.56359815723177 97.7304632251238 97.8819393630405 98.01940380089894 98.14411805941393 98.25723629808469 98.35981332107121 98.45281219917251 98.53711148167683 98.6135119842956 98.6827431491982 98.74546898076427 98.80229356644166 98.85376619636132 98.90038609840099 98.94260680743851 98.98084018879676 99.01546013651877 99.04680596726523 99.07518553040738 99.10003248341452 99.12392211177132 99.14449225896139 99.16415880950127 99.1809225563338 99.19710967506865 99.21090387975124 99.22341995390576 99.2353843233759 99.24563131639582 99.25547132093224 99.26389662775166 99.27149954629085 99.34126579967823 99.44122482970725 99.52008961442242 99.57727637456155 99.57148813666706 99.54468735299074 99.4964171865739 99.44797227428484 99.38857233414602 99.3601274058853 99.35239994461718 99.38593659191886 99.44020496032466 99.50456761909031 99.57927578221076 99.62247911595756 99.63435913023399 99.625196001866 99.54306034144221 99.16907714858564 98.19085457021576 96.32701677206978 93.57765569456703 90.07813525498976 86.08885576600612 81.80781772941253 77.38082030235978 72.91208959734142 68.46411946364037 64.10982643138814 60.047185405160356 56.515785416715396 53.81777230841989 51.96356330541573 50.82814849865978 50.036510796296334 49.24485306364983 47.994806076651685 46.05716618474314 43.31734461199575 39.95243534373044 36.18121933342592 32.17037756084648 28.034511622346493 23.84654463351446 19.637733188027532 15.533093762817147 11.709730648770556 8.480183734813972 6.021558631936322 4.375529190005363 3.3962455187899687 2.8440963207309093 2.6461564649578286 2.719082934200856 3.0003682194108676 3.406669002953116 3.781716002411149 4.052583605726723 4.177599826176169 4.198436492842702 4.156765308778452 4.052586325897133 3.8858994599240027 3.625450871442909 3.22956865654017 2.7190887030699673 2.1461008537277704 1.6356206853893551 1.2605739910566323 1.052214722901882 0.9376171357940143 0.9167812463330441 0.9480351986536283 1.0417969676766765 1.2189024981381138 1.48976977400353 1.89607068358725 2.4482232041220473 3.1358093797437836 3.917157321996854 4.708923267898745 5.469435320362444 6.125767663150177 6.677920299995308 7.115475240066294 7.459268433741458 7.688463920896066
72.67064653052904 74.57649124504357 76.38918484373723 78.10700007810237 79.72928251921189 81.25634866843563 82.68937355771158 84.0302731010061 85.28158578193741 86.44635747221905 87.52803234747986 88.53035206178924 89.45726460382322 90.31284361398764 91.10121840696421 91.82651452090757 92.4928042975944 93.10406677655277 93.66415604696604 94.1767771292569 94.64546843928866 95.07358990881869 95.46431588462495 95.82063199590628 96.14533525733135 96.44103675744338 96.71016636453244 96.95497896140078 97.17756179456804 97.37984259114515 97.56359815723177 97.7304632251238 97.8819393630405 98.01940380089894 98.14411805941393 98.25723629808469 98.35981332107121 98.45281219917251 98.53711148167683 98.6135119842956 98.6827431491982 98.74546898076427 98.80229356644166 98.85376619636132 98.90038609840099 98.94260680743851 98.98084018879676 99.01546013651877 99.04680596726523 99.07518553040738 99.10003248341452 99.12392211177132 99.14449225896139 99.16415880950127 99.1809225563338 99.19710967506865 99.21090387975124 99.22341995390576 99.2353843233759 99.24563131639582 99.25547132093224 99.26389662775166 99.27149954629085 99.34126579967823 99.44122482970725 99.52008961442242 99.57727637456155 99.57148813666706 99.54468735299074 99.4964171865739 99.44797227428484 99.38857233414602 99.3601274058853 99.35239994461718 99.38593659191886 99.44020496032466 99.50456761909031 99.57927578221076 99.62247911595756 99.63435913023399 99.625196001866 99.54306034144221 99.16907714858564 98.19085457021576 96.32701677206978 93.57765569456703 90.07813525498976 86.08885576600612 81.80781772941253 77.38082030235978 72.91208959734142 68.46411946364037 64.10982643138814 60.047185405160356 56.515785416715396 53.81777230841989 51.96356330541573 50.82814849865978 50.036510796296334 49.24485306364983 47.994806076651685 46.05716618474314 43.31734461199575 39.95243534373044 36.18121933342592 32.17037756084648 28.034511622346493 23.84654463351446 19.637733188027532 15.533093762817147 11.709730648770556 8.480183734813972 6.021558631936322 4.375529190005363 3.3962455187899687 2.8440963207309093 2.6461564649578286 2.719082934200856 3.0003682194108676 3.406669002953116 3.781716002411149 4.052583605726723 4.177599826176169 4.198436492842702 4.156765308778452 4.052586325897133 3.8858994599240027 3.625450871442909 3.22956865654017 2.7190887030699673 2.1461008537277704 1.6356206853893551 1.2605739910566323 1.052214722901882 0.9376171357940143 0.9167812463330441 0.9480351986536283 1.0417969676766765 1.2189024981381138 1.48976977400353 1.89607068358725 2.4482232041220473 3.1358093797437836 3.917157321996854 4.708923267898745 5.469435320362444 6.125767663150177 6.677920299995308 7.115475240066294 7.459268433741458 7.688463920896066
72.67064653052904 74.57649124504357 76.38918484373723 78.10700007810237 79.72928251921189 81.25634866843563 82.68937355771158 84.0302731010061 85.28158578193741 86.44635747221905 87.52803234747986 88.53035206178924 89.45726460382322 90.31284361398764 91.10121840696421 91.82651452090757 92.4928042975944 93.10406677655277 93.66415604696604 94.1767771292569 94.64546843928866 95.07358990881869 95.46431588462495 95.82063199590628 96.14533525733135 96.44103675744338 96.71016636453244 96.95497896140078 97.17756179456804 97.37984259114515 97.56359815723177 97.7304632251238 97.8819393630405 98.01940380089894 98.14411805941393 98.25723629808469 98.35981332107121 98.45281219917251 98.53711148167683 98.6135119842956 98.6827431491982 98.74546898076427 98.80229356644166 98.85376619636132 98.90038609840099 98.94260680743851 98.98084018879676 99.01546013651877 99.04680596726523 99.07518553040738 99.10003248341452 99.12392211177132 99.14449225896139 99.16415880950127 99.1809225563338 99.19710967506865 99.21090387975124 99.22341995390576 99.2353843233759 99.24563131639582 99.25547132093224 99.26389662775166 99.27149954629085 99.34126579967823 99.44122482970725 99.52008961442242 99.57727637456155 99.57148813666706 99.54468735299074 99.4964171865739 99.44797227428484 99.38857233414602 99.3601274058853 99.35239994461718 99.38593659191886 99.44020496032466 99.50456761909031 99.57927578221076 99.62247911595756 99.63435913023399 99.625196001866 99.54306034144221 99.16907714858564 98.19085457021576 96.32701677206978 93.57765569456703 90.07813525498976 86.08885576600612 81.80781772941253 77.38082030235978 72.91208959734142 68.46411946364037 64.10982643138814 60.047185405160356 56.515785416715396 53.81777230841989 51.96356330541573 50.82814849865978 50.036510796296334 49.24485306364983 47.994806076651685 46.05716618474314 43.31734461199575 39.95243534373044 36.18121933342592 32.17037756084648 28.034511622346493 23.84654463351446 19.637733188027532 15.533093762817147 11.709730648770556 8.480183734813972 6.021558631936322 4.375529190005363 3.3962455187899687 2.8440963207309093 2.6461564649578286 2.719082934200856 3.0003682194108676 3.406669002953116 3.781716002411149 4.052583605726723 4.177599826176169 4.198436492842702 4.156765308778452 4.052586325897133 3.8858994599240027 3.625450871442909 3.22956865654017 2.7190887030699673 2.1461008537277704 1.6356206853893551 1.2605739910566323 1.052214722901882 0.9376171357940143 0.9167812463330441 0.9480351986536283 1.0417969676766765 1.2189024981381138 1.48976977400353 1.89607068358725 2.4482232041220473 3.1358093797437836 3.917157321996854 4.708923267898745 5.469435320362444 6.125767663150177 6.677920299995308 7.115475240066294 7.459268433741458 7.688463920896066
72.67064653052904 74.57649124504357 76.38918484373723 78.10700007810237 79.72928251921189 81.25634866843563 82.68937355771158 84.0302731010061 85.28158578193741 86.44635747221905 87.52803234747986 88.53035206178924 89.45726460382322 90.31284361398764 91.10121840696421 91.82651452090757 92.4928042975944 93.10406677655277 93.66415604696604 94.1767771292569 94.64546843928866 95.07358990881869 95.46431588462495 95.82063199590628 96.14533525733135 96.44103675744338 96.71016636453244 96.95497896140078 97.17756179456804 97.37984259114515 97.56359815723177 97.7304632251238 97.8819393630405 98.01940380089894 98.14411805941393 98.25723629808469 98.35981332107121 98.45281219917251 98.53711148167683 98.6135119842956 98.6827431491982 98.74546898076427 98.80229356644166 98.85376619636132 98.90038609840099 98.94260680743851 98.98084018879676 99.01546013651877 99.04680596726523 99.07518553040738 99.10003248341452 99.12392211177132 99.14449225896139 99.16415880950127 99.1809225563338 99.19710967506865 99.21090387975124 99.22341995390576 99.2353843233759 99.24563131639582 99.25547132093224 99.26389662775166 99.27149954629085 99.34126579967823 99.44122482970725 99.52008961442242 99.57727637456155 99.57148813666706 99.54468735299074 99.4964171865739 99.44797227428484 99.38857233414602 99.3601274058853 99.35239994461718 99.38593659191886 99.44020496032466 99.50456761909031 99.57927578221076 99.62247911595756 99.63435913023399 99.625196001866 99.54306034144221 99.16907714858564 98.19085457021576 96.32701677206978 93.57765569456703 90.07813525498976 86.08885576600612 81.80781772941253 77.38082030235978 72.91208959734142 68.46411946364037 64.10982643138814 60.047185405160356 56.515785416715396 53.81777230841989 51.96356330541573 50.82814849865978 50.036510796296334 49.24485306364983 47.994806076651685 46.05716618474314 43.31734461199575 39.95243534373044 36.18121933342592 32.17037756084648 28.034511622346493 23.84654463351446 19.637733188027532 15.533093762817147 11.709730648770556 8.480183734813972 6.021558631936322 4.375529190005363 3.3962455187899687 2.8440963207309093 2.6461564649578286 2.719082934200856 3.0003682194108676 3.406669002953116 3.781716002411149 4.052583605726723 4.177599826176169 4.198436492842702 4.156765308778452 4.052586325897133 3.8858994599240027 3.625450871442909 3.22956865654017 2.7190887030699673 2.1461008537277704 1.6356206853893551 1.2605739910566323 1.052214722901882 0.9376171357940143 0.9167812463330441 0.9480351986536283 1.0417969676766765 1.2189024981381138 1.48976977400353 1.89607068358725 2.4482232041220473 3.1358093797437836 3.917157321996854 4.708923267898745 5.469435320362444 6.125767663150177 6.677920299995308 7.115475240066294 7.459268433741458 7.688463920896066