4 151 9
300.0440999999999 302.0443999999999 304.0446999999999 306.0449999999999 308.0452999999999 310.0455999999999 312.0458999999999 314.0461999999999 316.04649999999987 318.0467999999999 320.0470999999999 322.04739999999987 324.0476999999999 326.0479999999999 328.04829999999987 330.0485999999999 332.0488999999999 334.04919999999987 336.0494999999999 338.0497999999999 340.0500999999999 342.05039999999985 344.0506999999999 346.0509999999999 348.05129999999986 350.0515999999999 352.0518999999999 354.05219999999986 356.0524999999999 358.0527999999999 360.05309999999986 362.0533999999999 364.0536999999999 366.05399999999986 368.0542999999999 370.0545999999999 372.05489999999986 374.0551999999999 376.0554999999999 378.05579999999986 380.05609999999984 382.0563999999999 384.05669999999986 386.05699999999985 388.0572999999999 390.05759999999987 392.05789999999985 394.0581999999999 396.05849999999987 398.05879999999985 399.99 402.04 403.99 406.05 407.99 410.06 412.01 413.96 416.02 417.97 420.04 422.0 423.95 426.02 427.98 430.05 432.01 433.96 436.03 437.99 440.06 442.01 443.96 446.03 447.98 450.04 451.98 454.04 455.99 458.04 459.98 462.03 463.97 466.02 467.95 470.0 472.05 473.98 476.02 477.96 480.0 482.05 483.98 486.03 487.96 490.01 492.06 493.99 496.05 497.98 500.04 501.98 504.04 505.98 508.04 509.99 512.05 514.0 515.95 518.01 519.96 522.03 523.98 526.04 527.99 530.05 532.0 534.06 536.0 538.06 540.0 542.05 543.99 546.04 547.98 550.03 551.96 554.0 556.04 557.97 560.01 562.05 563.98 566.01 568.05 569.98 572.01 574.05 575.97 578.01 580.05 581.98 584.02 585.95 588.0 590.04 591.97 594.02 595.96 598.01 599.95
0.0 13.54 26.89 39.77 50.0 60.0 70.0 80.0 90.0
72.75349827254115 74.66151583898615 76.47627608810272 78.19604980214868 79.82018180608307 81.34898896211865 82.78364764184633 84.12607594356437 85.37881524501394 86.54491489050437 87.62782298236618 88.63128544052536 89.55925475475647 90.41580920981926 91.20508282822364 91.93120585164674 92.59825526473864 93.21021464352694 93.7709424712388 94.28414799238755 94.75337365698137 95.18198322743298 95.57315466959038 95.92987701656571 96.25495047190168 96.5509891010413 96.82042554256543 97.06551725006628 97.28835384973142 97.49086526647186 97.67483033212235 97.8418856427357 97.9935344784678 98.13115563941439 98.25601208454894 98.36925928922695 98.47195326018974 98.56505816623248 98.64945355827675 98.72594116504327 98.79525126033782 98.85804860557086 98.91493797690983 98.96646929073086 99.013142344081 99.05541118891283 99.09368816011649 99.12834757801132 99.15972914611262 99.18814106477048 99.2130163457675 99.23693321066918 99.25752680986648 99.27721578222383 99.29399864138979 99.31020421504488 99.32401414648844 99.33654449020841 99.34852250024596 99.35878117585386 99.36863239897104 99.37706731147557 99.3846788980957 99.3919877868617 99.39824557907146 99.50723172965735 99.53295697231533 99.53757992506719 99.55232119356914 99.57672750820635 99.60096436326646 99.60405806066869 99.55534551158699 99.45499790249958 99.3439425134283 99.27399883840765 99.32738574977911 99.51466568117958 99.73260918237986 99.88865279875587 99.94143638537797 99.93233354081718 99.95397466700847 99.99086753879939 99.99170756425623 99.99251536724971 99.90580632451051 99.72091906540132 99.61845155754703 99.63957392353778 99.7225090312489 99.74356251320464 99.62026341706985 99.40419236576841 99.21898560290984 99.20897399197143 99.37414211887055 99.61141654369098 99.76623288109691 99.71488738521141 99.50893836476337 99.27204258945957 99.16912458567045 99.24139527069418 99.4167264693812 99.53020153562937 99.45815445306312 99.16965543912946 98.76777595971265 98.41742534636988 98.242275618069 98.28356141311184 98.44851748629227 98.61347147598791 98.6856592647297 98.66508586369287 98.63420012393117 98.71668553509308 98.9640719422681 99.33513675326762 99.71650439526968 99.96388517840747 99.96390403128186 99.74748301086628 99.41768648119334 99.0981958072185 98.84054263803631 98.55196899075548 98.04695493129375 97.15028732840287 95.77951418600387 94.05831452779648 92.2031273131007 90.47161913597392 89.01838928356334 87.7919044459362 86.47265956714982 84.57624264526991 81.89652076497845 78.51594737297307 74.7437213187389 70.76536196629479 66.35412359153663 61.190500284248756 55.181732486589716 48.42057982383419 41.175014834229984 33.888223026915824 27.06522959766175 21.035847048748266 15.90314177815553
72.7214846066433 74.6286625895858 76.44262429114549 78.16164125448655 79.7850585928642 81.31319302906256 82.74722041703464 84.0890580110594 85.3412460705975 86.50683259815766 87.58926417880454 88.59228508414992 89.51984606475729 90.3760236108219 91.16494992576293 91.89075343383041 92.55750932568202 93.16919942445547 93.7296805155325 94.24266021125044 94.7116794028359 95.14010037254782 95.53109968783633 95.88766506655165 96.21259548006503 96.50850384355432 96.7778217251683 97.02280558515355 97.24554413020111 97.44796643599858 97.63185055164269 97.79883235303618 97.9504144588477 98.08797506246067 98.21277656710969 98.3259739397073 98.42862272232102 98.52168665948356 98.60604491508836 98.68249886507209 98.75177846189871 98.81454817446422 98.87141251281686 98.9229211513535 98.96957366719589 99.01182391250042 99.05008404071788 99.0847282074557 99.11609596674973 99.14449538333285 99.16935971847911 99.19326605926112 99.21385059667281 99.2335309053068 99.25030637952413 99.26650482225311 99.28030867692317 99.29283350692562 99.30480624628862 99.31506040777938 99.32490729607045 99.3333384969669 99.34094673426642 99.34825240690772 99.35450744550597 99.37078317020367 99.42740987184789 99.48354176954082 99.49828143332246 99.46086556160328 99.37175582576769 99.26149490618515 99.2024640706666 99.25667216898131 99.43414683903964 99.65274935706654 99.81950839780828 99.88314292973091 99.8846853435052 99.90676473617515 99.96985874829343 99.98885138951877 99.94117286524175 99.78756047494028 99.61318677222096 99.54184480845142 99.58379763018982 99.66687098242222 99.64685008488591 99.48244953945945 99.26648801378101 99.13293576250157 99.19515179188069 99.41196040321665 99.63902436161585 99.72177763737612 99.61897313466555 99.39244211817014 99.21743855173469 99.20731701642498 99.35179823000945 99.51686792938857 99.5376298759326 99.34191643471202 98.97097301053665 98.56908948899738 98.32181086654782 98.2806649439385 98.40442906567002 98.5797268850049 98.68286284590684 98.66230780767026 98.62112911771266 98.65209991379332 98.84798217701172 99.19847384097856 99.5798822452859 99.84790784239938 99.89947299940212 99.72427387838044 99.4253816336513 99.1161808336712 98.85851389978198 98.58023120452799 98.06487500756498 97.15783565278775 95.76634465543782 94.0450149557381 92.21030199116736 90.53019873719701 89.1180881405164 87.88120295194827 86.42786038315678 84.36637850525267 81.45968590533792 77.93454594864579 73.98680043358789 69.76075334113428 65.1017929543331 59.69038896110129 53.47500398501439 46.57932725355171 39.31258219034063 32.117988705957075 25.459381854794948 19.65629237347534 14.677798016051687 10.472361677371886 6.96783129253722 4.246666466040855 2.4222491043393237
72.78051192937843 74.68923795016589 76.50467202682032 78.22508429953427 79.84981934999774 81.3791941580757 82.81438553215037 84.15731228271736 85.41051673114129 86.57704935396491 87.6603595338125 88.66419458148474 89.59250845433095 90.44938095139395 91.23894763016222 91.96534026588772 92.63263735702076 93.24482395870622 93.80575998684111 94.31915606319565 94.7885559531035 95.21732466795542 95.60864135359051 95.96549615296053 96.29069030933462 96.58683885876849 96.85637534309117 97.10155805409613 97.32447739385732 97.52706400387433 97.71109737646911 97.87821471536896 98.0299198589035 98.16759211912233 98.29249492394051 98.40578417774601 98.50851627937959 98.60165575563602 98.68608248401756 98.76259849092992 98.8319343213324 98.89475498346393 98.9516654780477 99.00321592564596 99.04990630888233 99.09219084830062 99.13048203189254 99.16515431896401 99.1965475391636 99.22497000727734 99.24985452456293 99.27378026988956 99.29438151557032 99.31407779851968 99.33086688922651 99.34707848007412 99.36089353919894 99.37342853548427 99.3854109930035 99.39567347769756 99.4055283586122 99.41396640303255 99.42158081586439 99.42889241844921 99.43515253420153 99.59587945082345 99.74544528303565 99.83261850900907 99.86802454263842 99.86151887134744 99.81356582055385 99.73411331177559 99.62341013090911 99.5332281412578 99.51488224965769 99.54803457254242 99.5705435886843 99.51041614941434 99.37778402646362 99.26571479224822 99.25664275598231 99.38169013412707 99.55817458082778 99.69333271780603 99.69417024366635 99.60208250899889 99.5408795710824 99.56214135894017 99.66595018610735 99.74903425799207 99.70823347941335 99.52288190427598 99.25488899524511 99.02816728873078 98.92525403302217 98.95651374805068 99.02903290310198 99.07054719156223 99.05012185595717 99.00901909641387 99.02984225814986 99.17450391029674 99.40173674590928 99.64959264432915 99.8045451855918 99.84593728646627 99.77378136590366 99.62935606308795 99.43331189381898 99.11339809190754 98.61799650103285 97.91614832412328 97.02849134440653 96.01696503186086 94.94349785617291 93.71519511595744 92.13593132235927 90.0611994278222 87.43938508796602 84.39435788568002 80.90547081777542 77.00369293268773 72.6993447195676 68.06468345176089 63.099707949591725 57.70119737537533 51.79689532928036 45.60356937966457 39.39991925498636 33.45432282207752 27.849358540402427 22.7192153771352 18.136149102024152 14.120804555194447 10.580281822539803 7.473292128103579 4.872091238048011 2.9624793372181486 1.7547787676487003 1.0735117556320475 0.701911555528058 0.5057892233278717 0.39224471434391445 0.34063357555975066 0.30966689372629724 0.3096668998837215 0.330311365502381 0.3922447529590454 0.5057892938059723 0.619333837460091 0.6812672290349281
72.67064653052904 74.57649124504357 76.38918484373723 78.10700007810237 79.72928251921189 81.25634866843563 82.68937355771158 84.0302731010061 85.28158578193741 86.44635747221905 87.52803234747986 88.53035206178924 89.45726460382322 90.31284361398764 91.10121840696421 91.82651452090757 92.4928042975944 93.10406677655277 93.66415604696604 94.1767771292569 94.64546843928866 95.07358990881869 95.46431588462495 95.82063199590628 96.14533525733135 96.44103675744338 96.71016636453244 96.95497896140078 97.17756179456804 97.37984259114515 97.56359815723177 97.7304632251238 97.8819393630405 98.01940380089894 98.14411805941393 98.25723629808469 98.35981332107121 98.45281219917251 98.53711148167683 98.6135119842956 98.6827431491982 98.74546898076427 98.80229356644166 98.85376619636132 98.90038609840099 98.94260680743851 98.98084018879676 99.01546013651877 99.04680596726523 99.07518553040738 99.10003248341452 99.12392211177132 99.14449225896139 99.16415880950127 99.1809225563338 99.19710967506865 99.21090387975124 99.22341995390576 99.2353843233759 99.24563131639582 99.25547132093224 99.26389662775166 99.27149954629085 99.27880011168848 99.28505077751946 99.35349394233299 99.45232318868948 99.52983514016563 99.58634220699345 99.57973007515382 99.55211718189221 99.50313529083422 99.45386337513611 99.39406150240924 99.36510533293922 99.35687808908945 99.38999102076413 99.44386463313452 99.50789868200988 99.58227634971635 99.625196001866 99.63681165402832 99.62742162280179 99.5450675019077 99.17088781984475 98.19247273483123 96.32849736358163 93.57891957236603 90.07923085524388 86.08980869395548 81.80863546334078 77.38153977113828 72.91268690173636 68.46462569096353 64.11025685796618 60.0475492810167 56.51610483798723 53.818039586816234 51.96379676284116 50.8283558488571 50.036694939474295 49.24501799486109 47.99495108885628 46.05729247839173 43.31745176745896 39.95252524153052 36.1812927775583 32.17043679698237 28.03455703394275 23.846580565451678 19.637760029299375 15.533112958977433 11.709743775599353 8.480192287296108 6.021564140676693 4.375532801124477 3.3962480613238273 2.8440982415204354 2.646158082397085 2.719084433549735 3.000369720921242 3.4066705374617956 3.781717548383914 4.05258510103179 4.17760122511318 4.198437761790603 4.156766446406642 4.05258732468762 3.885900351256397 3.6254516040932896 3.2295692459010135 2.719089164882941 2.1461011748567462 1.6356209058969846 1.2605741492341744 1.0522148395413349 0.9376172294376545 0.9167813315554755 0.9480352763296441 1.0417970447577132 1.2189025823060893 1.4897698646359692 1.8960707877520553 2.4482233262480344 3.1358095213219523 3.917157486583388 4.708923441741292 5.469435503116283 6.125767849427498 6.6779204832797125 7.115475417306251
72.67064653052904 74.57649124504357 76.38918484373723 78.10700007810237 79.72928251921189 81.25634866843563 82.68937355771158 84.0302731010061 85.28158578193741 86.44635747221905 87.52803234747986 88.53035206178924 89.45726460382322 90.31284361398764 91.10121840696421 91.82651452090757 92.4928042975944 93.10406677655277 93.66415604696604 94.1767771292569 94.64546843928866 95.07358990881869 95.46431588462495 95.82063199590628 96.14533525733135 96.44103675744338 96.71016636453244 96.95497896140078 97.17756179456804 97.37984259114515 97.56359815723177 97.7304632251238 97.8819393630405 98.01940380089894 98.14411805941393 98.25723629808469 98.35981332107121 98.45281219917251 98.53711148167683 98.6135119842956 98.6827431491982 98.74546898076427 98.80229356644166 98.85376619636132 98.90038609840099 98.94260680743851 98.98084018879676 99.01546013651877 99.04680596726523 99.07518553040738 99.10003248341452 99.12392211177132 99.14449225896139 99.16415880950127 99.1809225563338 99.19710967506865 99.21090387975124 99.22341995390576 99.2353843233759 99.24563131639582 99.25547132093224 99.26389662775166 99.27149954629085 99.27880011168848 99.28505077751946 99.35349394233299 99.45232318868948 99.52983514016563 99.58634220699345 99.57973007515382 99.55211718189221 99.50313529083422 99.45386337513611 99.39406150240924 99.36510533293922 99.35687808908945 99.38999102076413 99.44386463313452 99.50789868200988 99.58227634971635 99.625196001866 99.63681165402832 99.62742162280179 99.5450675019077 99.17088781984475 98.19247273483123 96.32849736358163 93.57891957236603 90.07923085524388 86.08980869395548 81.80863546334078 77.38153977113828 72.91268690173636 68.46462569096353 64.11025685796618 60.0475492810167 56.51610483798723 53.818039586816234 51.96379676284116 50.8283558488571 50.036694939474295 49.24501799486109 47.99495108885628 46.05729247839173 43.31745176745896 39.95252524153052 36.1812927775583 32.17043679698237 28.03455703394275 23.846580565451678 19.637760029299375 15.533112958977433 11.709743775599353 8.480192287296108 6.021564140676693 4.375532801124477 3.3962480613238273 2.8440982415204354 2.646158082397085 2.719084433549735 3.000369720921242 3.4066705374617956 3.781717548383914 4.05258510103179 4.17760122511318 4.198437761790603 4.156766446406642 4.05258732468762 3.885900351256397 3.6254516040932896 3.2295692459010135 2.719089164882941 2.1461011748567462 1.6356209058969846 1.2605741492341744 1.0522148395413349 0.9376172294376545 0.9167813315554755 0.9480352763296441 1.0417970447577132 1.2189025823060893 1.4897698646359692 1.8960707877520553 2.4482233262480344 3.1358095213219523 3.917157486583388 4.708923441741292 5.469435503116283 6.125767849427498 6.6779204832797125 7.115475417306251
72.67064653052904 74.57649124504357 76.38918484373723 78.10700007810237 79.72928251921189 81.25634866843563 82.68937355771158 84.0302731010061 85.28158578193741 86.44635747221905 87.52803234747986 88.53035206178924 89.45726460382322 90.31284361398764 91.10121840696421 91.82651452090757 92.4928042975944 93.10406677655277 93.66415604696604 94.1767771292569 94.64546843928866 95.07358990881869 95.46431588462495 95.82063199590628 96.14533525733135 96.44103675744338 96.71016636453244 96.95497896140078 97.17756179456804 97.37984259114515 97.56359815723177 97.7304632251238 97.8819393630405 98.01940380089894 98.14411805941393 98.25723629808469 98.35981332107121 98.45281219917251 98.53711148167683 98.6135119842956 98.6827431491982 98.74546898076427 98.80229356644166 98.85376619636132 98.90038609840099 98.94260680743851 98.98084018879676 99.01546013651877 99.04680596726523 99.07518553040738 99.10003248341452 99.12392211177132 99.14449225896139 99.16415880950127 99.1809225563338 99.19710967506865 99.21090387975124 99.22341995390576 99.2353843233759 99.24563131639582 99.25547132093224 99.26389662775166 99.27149954629085 99.27880011168848 99.28505077751946 99.35349394233299 99.45232318868948 99.52983514016563 99.58634220699345 99.57973007515382 99.55211718189221 99.50313529083422 99.45386337513611 99.39406150240924 99.36510533293922 99.35687808908945 99.38999102076413 99.44386463313452 99.50789868200988 99.58227634971635 99.625196001866 99.63681165402832 99.62742162280179 99.5450675019077 99.17088781984475 98.19247273483123 96.32849736358163 93.57891957236603 90.07923085524388 86.08980869395548 81.80863546334078 77.38153977113828 72.91268690173636 68.46462569096353 64.11025685796618 60.0475492810167 56.51610483798723 53.818039586816234 51.96379676284116 50.8283558488571 50.036694939474295 49.24501799486109 47.99495108885628 46.05729247839173 43.31745176745896 39.95252524153052 36.1812927775583 32.17043679698237 28.03455703394275 23.846580565451678 19.637760029299375 15.533112958977433 11.709743775599353 8.480192287296108 6.021564140676693 4.375532801124477 3.3962480613238273 2.8440982415204354 2.646158082397085 2.719084433549735 3.000369720921242 3.4066705374617956 3.781717548383914 4.05258510103179 4.17760122511318 4.198437761790603 4.156766446406642 4.05258732468762 3.885900351256397 3.6254516040932896 3.2295692459010135 2.719089164882941 2.1461011748567462 1.6356209058969846 1.2605741492341744 1.0522148395413349 0.9376172294376545 0.9167813315554755 0.9480352763296441 1.0417970447577132 1.2189025823060893 1.4897698646359692 1.8960707877520553 2.4482233262480344 3.1358095213219523 3.917157486583388 4.708923441741292 5.469435503116283 6.125767849427498 6.6779204832797125 7.115475417306251
72.67064653052904 74.57649124504357 76.38918484373723 78.10700007810237 79.72928251921189 81.25634866843563 82.68937355771158 84.0302731010061 85.28158578193741 86.44635747221905 87.52803234747986 88.53035206178924 89.45726460382322 90.31284361398764 91.10121840696421 91.82651452090757 92.4928042975944 93.10406677655277 93.66415604696604 94.1767771292569 94.64546843928866 95.07358990881869 95.46431588462495 95.82063199590628 96.14533525733135 96.44103675744338 96.71016636453244 96.95497896140078 97.17756179456804 97.37984259114515 97.56359815723177 97.7304632251238 97.8819393630405 98.01940380089894 98.14411805941393 98.25723629808469 98.35981332107121 98.45281219917251 98.53711148167683 98.6135119842956 98.6827431491982 98.74546898076427 98.80229356644166 98.85376619636132 98.90038609840099 98.94260680743851 98.98084018879676 99.01546013651877 99.04680596726523 99.07518553040738 99.10003248341452 99.12392211177132 99.14449225896139 99.16415880950127 99.1809225563338 99.19710967506865 99.21090387975124 99.22341995390576 99.2353843233759 99.24563131639582 99.25547132093224 99.26389662775166 99.27149954629085 99.27880011168848 99.28505077751946 99.35349394233299 99.45232318868948 99.52983514016563 99.58634220699345 99.57973007515382 99.55211718189221 99.50313529083422 99.45386337513611 99.39406150240924 99.36510533293922 99.35687808908945 99.38999102076413 99.44386463313452 99.50789868200988 99.58227634971635 99.625196001866 99.63681165402832 99.62742162280179 99.5450675019077 99.17088781984475 98.19247273483123 96.32849736358163 93.57891957236603 90.07923085524388 86.08980869395548 81.80863546334078 77.38153977113828 72.91268690173636 68.46462569096353 64.11025685796618 60.0475492810167 56.51610483798723 53.818039586816234 51.96379676284116 50.8283558488571 50.036694939474295 49.24501799486109 47.99495108885628 46.05729247839173 43.31745176745896 39.95252524153052 36.1812927775583 32.17043679698237 28.03455703394275 23.846580565451678 19.637760029299375 15.533112958977433 11.709743775599353 8.480192287296108 6.021564140676693 4.375532801124477 3.3962480613238273 2.8440982415204354 2.646158082397085 2.719084433549735 3.000369720921242 3.4066705374617956 3.781717548383914 4.05258510103179 4.17760122511318 4.198437761790603 4.156766446406642 4.05258732468762 3.885900351256397 3.6254516040932896 3.2295692459010135 2.719089164882941 2.1461011748567462 1.6356209058969846 1.2605741492341744 1.0522148395413349 0.9376172294376545 0.9167813315554755 0.9480352763296441 1.0417970447577132 1.2189025823060893 1.4897698646359692 1.8960707877520553 2.4482233262480344 3.1358095213219523 3.917157486583388 4.708923441741292 5.469435503116283 6.125767849427498 6.6779204832797125 7.115475417306251
72.67064653052904 74.57649124504357 76.38918484373723 78.10700007810237 79.72928251921189 81.25634866843563 82.68937355771158 84.0302731010061 85.28158578193741 86.44635747221905 87.52803234747986 88.53035206178924 89.45726460382322 90.31284361398764 91.10121840696421 91.82651452090757 92.4928042975944 93.10406677655277 93.66415604696604 94.1767771292569 94.64546843928866 95.07358990881869 95.46431588462495 95.82063199590628 96.14533525733135 96.44103675744338 96.71016636453244 96.95497896140078 97.17756179456804 97.37984259114515 97.56359815723177 97.7304632251238 97.8819393630405 98.01940380089894 98.14411805941393 98.25723629808469 98.35981332107121 98.45281219917251 98.53711148167683 98.6135119842956 98.6827431491982 98.74546898076427 98.80229356644166 98.85376619636132 98.90038609840099 98.94260680743851 98.98084018879676 99.01546013651877 99.04680596726523 99.07518553040738 99.10003248341452 99.12392211177132 99.14449225896139 99.16415880950127 99.1809225563338 99.19710967506865 99.21090387975124 99.22341995390576 99.2353843233759 99.24563131639582 99.25547132093224 99.26389662775166 99.27149954629085 99.27880011168848 99.28505077751946 99.35349394233299 99.45232318868948 99.52983514016563 99.58634220699345 99.57973007515382 99.55211718189221 99.50313529083422 99.45386337513611 99.39406150240924 99.36510533293922 99.35687808908945 99.38999102076413 99.44386463313452 99.50789868200988 99.58227634971635 99.625196001866 99.63681165402832 99.62742162280179 99.5450675019077 99.17088781984475 98.19247273483123 96.32849736358163 93.57891957236603 90.07923085524388 86.08980869395548 81.80863546334078 77.38153977113828 72.91268690173636 68.46462569096353 64.11025685796618 60.0475492810167 56.51610483798723 53.818039586816234 51.96379676284116 50.8283558488571 50.036694939474295 49.24501799486109 47.99495108885628 46.05729247839173 43.31745176745896 39.95252524153052 36.1812927775583 32.17043679698237 28.03455703394275 23.846580565451678 19.637760029299375 15.533112958977433 11.709743775599353 8.480192287296108 6.021564140676693 4.375532801124477 3.3962480613238273 2.8440982415204354 2.646158082397085 2.719084433549735 3.000369720921242 3.4066705374617956 3.781717548383914 4.05258510103179 4.17760122511318 4.198437761790603 4.156766446406642 4.05258732468762 3.885900351256397 3.6254516040932896 3.2295692459010135 2.719089164882941 2.1461011748567462 1.6356209058969846 1.2605741492341744 1.0522148395413349 0.9376172294376545 0.9167813315554755 0.9480352763296441 1.0417970447577132 1.2189025823060893 1.4897698646359692 1.8960707877520553 2.4482233262480344 3.1358095213219523 3.917157486583388 4.708923441741292 5.469435503116283 6.125767849427498 6.6779204832797125 7.115475417306251
72.67064653052904 74.57649124504357 76.38918484373723 78.10700007810237 79.72928251921189 81.25634866843563 82.68937355771158 84.0302731010061 85.28158578193741 86.44635747221905 87.52803234747986 88.53035206178924 89.45726460382322 90.31284361398764 91.10121840696421 91.82651452090757 92.4928042975944 93.10406677655277 93.66415604696604 94.1767771292569 94.64546843928866 95.07358990881869 95.46431588462495 95.82063199590628 96.14533525733135 96.44103675744338 96.71016636453244 96.95497896140078 97.17756179456804 97.37984259114515 97.56359815723177 97.7304632251238 97.8819393630405 98.01940380089894 98.14411805941393 98.25723629808469 98.35981332107121 98.45281219917251 98.53711148167683 98.6135119842956 98.6827431491982 98.74546898076427 98.80229356644166 98.85376619636132 98.90038609840099 98.94260680743851 98.98084018879676 99.01546013651877 99.04680596726523 99.07518553040738 99.10003248341452 99.12392211177132 99.14449225896139 99.16415880950127 99.1809225563338 99.19710967506865 99.21090387975124 99.22341995390576 99.2353843233759 99.24563131639582 99.25547132093224 99.26389662775166 99.27149954629085 99.27880011168848 99.28505077751946 99.35349394233299 99.45232318868948 99.52983514016563 99.58634220699345 99.57973007515382 99.55211718189221 99.50313529083422 99.45386337513611 99.39406150240924 99.36510533293922 99.35687808908945 99.38999102076413 99.44386463313452 99.50789868200988 99.58227634971635 99.625196001866 99.63681165402832 99.62742162280179 99.5450675019077 99.17088781984475 98.19247273483123 96.32849736358163 93.57891957236603 90.07923085524388 86.08980869395548 81.80863546334078 77.38153977113828 72.91268690173636 68.46462569096353 64.11025685796618 60.0475492810167 56.51610483798723 53.818039586816234 51.96379676284116 50.8283558488571 50.036694939474295 49.24501799486109 47.99495108885628 46.05729247839173 43.31745176745896 39.95252524153052 36.1812927775583 32.17043679698237 28.03455703394275 23.846580565451678 19.637760029299375 15.533112958977433 11.709743775599353 8.480192287296108 6.021564140676693 4.375532801124477 3.3962480613238273 2.8440982415204354 2.646158082397085 2.719084433549735 3.000369720921242 3.4066705374617956 3.781717548383914 4.05258510103179 4.17760122511318 4.198437761790603 4.156766446406642 4.05258732468762 3.885900351256397 3.6254516040932896 3.2295692459010135 2.719089164882941 2.1461011748567462 1.6356209058969846 1.2605741492341744 1.0522148395413349 0.9376172294376545 0.9167813315554755 0.9480352763296441 1.0417970447577132 1.2189025823060893 1.4897698646359692 1.8960707877520553 2.4482233262480344 3.1358095213219523 3.917157486583388 4.708923441741292 5.469435503116283 6.125767849427498 6.6779204832797125 7.115475417306251