4 151 9
300.0440999999999 302.0443999999999 304.0446999999999 306.0449999999999 308.0452999999999 310.0455999999999 312.0458999999999 314.0461999999999 316.04649999999987 318.0467999999999 320.0470999999999 322.04739999999987 324.0476999999999 326.0479999999999 328.04829999999987 330.0485999999999 332.0488999999999 334.04919999999987 336.0494999999999 338.0497999999999 340.0500999999999 342.05039999999985 344.0506999999999 346.0509999999999 348.05129999999986 350.0515999999999 352.0518999999999 354.05219999999986 356.0524999999999 358.0527999999999 360.05309999999986 362.0533999999999 364.0536999999999 366.05399999999986 368.0542999999999 370.0545999999999 372.05489999999986 374.0551999999999 376.0554999999999 378.05579999999986 380.05609999999984 382.0563999999999 384.05669999999986 386.05699999999985 388.0572999999999 390.05759999999987 392.05789999999985 394.0581999999999 396.05849999999987 398.05879999999985 399.99 402.04 403.99 406.05 407.99 410.06 412.01 413.96 416.02 417.97 420.04 422.0 423.95 426.02 427.98 430.05 432.01 433.96 436.03 437.99 440.06 442.01 443.96 446.03 447.98 450.04 451.98 454.04 455.99 458.04 459.98 462.03 463.97 466.02 467.95 470.0 472.05 473.98 476.02 477.96 480.0 482.05 483.98 486.03 487.96 490.01 492.06 493.99 496.05 497.98 500.04 501.98 504.04 505.98 508.04 509.99 512.05 514.0 515.95 518.01 519.96 522.03 523.98 526.04 527.99 530.05 532.0 534.06 536.0 538.06 540.0 542.05 543.99 546.04 547.98 550.03 551.96 554.0 556.04 557.97 560.01 562.05 563.98 566.01 568.05 569.98 572.01 574.05 575.97 578.01 580.05 581.98 584.02 585.95 588.0 590.04 591.97 594.02 595.96 598.01 599.95
0.0 13.54 26.89 39.77 50.0 60.0 70.0 80.0 90.0
72.75349827254115 74.66151583898615 76.47627608810272 78.19604980214868 79.82018180608307 81.34898896211865 82.78364764184633 84.12607594356437 85.37881524501394 86.54491489050437 87.62782298236618 88.63128544052536 89.55925475475647 90.41580920981926 91.20508282822364 91.93120585164674 92.59825526473864 93.21021464352694 93.7709424712388 94.28414799238755 94.75337365698137 95.18198322743298 95.57315466959038 95.92987701656571 96.25495047190168 96.5509891010413 96.82042554256543 97.06551725006628 97.28835384973142 97.49086526647186 97.67483033212235 97.8418856427357 97.9935344784678 98.13115563941439 98.25601208454894 98.36925928922695 98.47195326018974 98.56505816623248 98.64945355827675 98.72594116504327 98.79525126033782 98.85804860557086 98.91493797690983 98.96646929073086 99.013142344081 99.05541118891283 99.09368816011649 99.12834757801132 99.15972914611262 99.18814106477048 99.2130163457675 99.23693321066918 99.25752680986648 99.27721578222383 99.29399864138979 99.31020421504488 99.32401414648844 99.33654449020841 99.34852250024596 99.35878117585386 99.36863239897104 99.37706731147557 99.3846788980957 99.3919877868617 99.39824557907146 99.40422217300139 99.40933914125884 99.41395635240099 99.41838968415009 99.42218525133897 99.42581008643026 99.42889834337983 99.43169987443743 99.43438973882314 99.43668138726099 99.43887157884926 99.44073788622974 99.44253120258703 99.44406681235438 99.44552764964348 99.44677883263533 99.44797552530534 99.44900046774221 99.44998076850524 99.45081624996054 99.45161968325543 99.45234485573822 99.45296289594076 99.45355447241144 99.45406375280714 99.45454858945348 99.45498845344336 99.45536333278753 99.55878675513974 99.57970695910618 99.58000277482111 99.5905761558438 99.61141654369098 99.63224930388057 99.63243579874302 99.5810836333862 99.47817224599916 99.36494804930875 99.29292782613643 99.34458080430908 99.53020153562937 99.74673769914453 99.9014207203785 99.95303049747399 99.94279752683514 99.9634736906894 99.9994448750593 99.99949644367778 99.99954572705644 99.91214422060467 99.72666570741586 99.62363410636559 99.64428019975777 99.7267611032479 99.74740127600374 99.62374485629734 99.40732782201671 99.22182741614088 99.21153869214702 99.37645998876907 99.6135270386653 99.76813897144854 99.71661786086167 99.51049614860099 99.2734529542941 99.17039551250717 99.24254992199785 99.41776951287383 99.53114900844157 99.45900851990115 99.17042786790303 98.7684739728244 98.41805276866712 98.24284368635472 98.2840737921595 98.44898318210068 98.6138921196488 98.68604122226832 98.66543022083769 98.63451249470742 98.71696755059257 98.96432852021933 99.33536907950568 99.71671605383756 99.96407669074446 99.96407783948834
72.7214846066433 74.6286625895858 76.44262429114549 78.16164125448655 79.7850585928642 81.31319302906256 82.74722041703464 84.0890580110594 85.3412460705975 86.50683259815766 87.58926417880454 88.59228508414992 89.51984606475729 90.3760236108219 91.16494992576293 91.89075343383041 92.55750932568202 93.16919942445547 93.7296805155325 94.24266021125044 94.7116794028359 95.14010037254782 95.53109968783633 95.88766506655165 96.21259548006503 96.50850384355432 96.7778217251683 97.02280558515355 97.24554413020111 97.44796643599858 97.63185055164269 97.79883235303618 97.9504144588477 98.08797506246067 98.21277656710969 98.3259739397073 98.42862272232102 98.52168665948356 98.60604491508836 98.68249886507209 98.75177846189871 98.81454817446422 98.87141251281686 98.9229211513535 98.96957366719589 99.01182391250042 99.05008404071788 99.0847282074557 99.11609596674973 99.14449538333285 99.16935971847911 99.19326605926112 99.21385059667281 99.2335309053068 99.25030637952413 99.26650482225311 99.28030867692317 99.29283350692562 99.30480624628862 99.31506040777938 99.32490729607045 99.3333384969669 99.34094673426642 99.34825240690772 99.35450744550597 99.36048140955988 99.36559612620174 99.370211305636 99.37464268658954 99.37843658361793 99.38205982367582 99.38514672170204 99.38794702000409 99.39063570077086 99.3929263408164 99.39511556865635 99.39698105480703 99.3987735820527 99.40030851610686 99.40176871058485 99.40301934301961 99.40421550910987 99.40524000054211 99.40621986994415 99.40705498376317 99.40785806352393 99.40858291690964 99.40920068515642 99.40979200131616 99.41030105761361 99.41078568091766 99.41122535135452 99.4116000657408 99.42226750123666 99.4741102838476 99.52594158826913 99.53651562974291 99.49551423485391 99.4029687713411 99.28977504615293 99.22811096174925 99.27980029993482 99.45517144795211 99.67175056273763 99.83678864612145 99.89873630945965 99.89883540398169 99.91953497289354 99.98145615764106 99.99932129356102 99.95067067231655 99.79612037127698 99.62094616666941 99.54884348212475 99.59011509846583 99.67261450979456 99.65203411110903 99.48714839422306 99.27072064148183 99.13675102452332 99.19861837469004 99.41509610448823 99.64187820552524 99.72435559429196 99.62129671516875 99.39454797367199 99.21933415706 99.20903868357948 99.35335355386343 99.51828177247377 99.53890552544146 99.3430722555568 98.972011377349 98.57002781255117 98.32265517537878 98.28143044839804 98.40512451093113 98.58035534199293 98.68343346180895 98.66282216122632 98.62159563003425 98.65252072222691 98.84836476281244 99.1988200597339 99.58019761100162 99.84819308959392 99.89973200250908 99.7245071147372 99.42559267428108 99.11637072196326 98.85868578603595
72.78051192937843 74.68923795016589 76.50467202682032 78.22508429953427 79.84981934999774 81.3791941580757 82.81438553215037 84.15731228271736 85.41051673114129 86.57704935396491 87.6603595338125 88.66419458148474 89.59250845433095 90.44938095139395 91.23894763016222 91.96534026588772 92.63263735702076 93.24482395870622 93.80575998684111 94.31915606319565 94.7885559531035 95.21732466795542 95.60864135359051 95.96549615296053 96.29069030933462 96.58683885876849 96.85637534309117 97.10155805409613 97.32447739385732 97.52706400387433 97.71109737646911 97.87821471536896 98.0299198589035 98.16759211912233 98.29249492394051 98.40578417774601 98.50851627937959 98.60165575563602 98.68608248401756 98.76259849092992 98.8319343213324 98.89475498346393 98.9516654780477 99.00321592564596 99.04990630888233 99.09219084830062 99.13048203189254 99.16515431896401 99.1965475391636 99.22497000727734 99.24985452456293 99.27378026988956 99.29438151557032 99.31407779851968 99.33086688922651 99.34707848007412 99.36089353919894 99.37342853548427 99.3854109930035 99.39567347769756 99.4055283586122 99.41396640303255 99.42158081586439 99.42889241844921 99.43515253420153 99.44113134726405 99.44625021547171 99.4508691410023 99.45530411886473 99.45910109536247 99.46272727636912 99.4658166800005 99.46861925127749 99.4713101144203 99.47360261375613 99.47579361857106 99.47766061891873 99.47945460114134 99.48099078108658 99.48245216079023 99.48370380835121 99.48490094535786 99.48592626835985 99.48690693311237 99.48774272478516 99.48854645639796 99.48927189814012 99.48989016782339 99.49048196394871 99.49099143344222 99.49147645011028 99.49191647742337 99.4922914959617 99.64748040498303 99.7922950742131 99.87516710400944 99.90640082021307 99.89630711814328 99.84491753987847 99.76252810329858 99.6491658495079 99.55642071344838 99.53592392947074 99.56701581180846 99.58778073746922 99.52595134044327 99.39186227729014 99.27840308897431 99.26815742581306 99.39209646188063 99.56763599005261 99.70188453117298 99.70193594634284 99.60908541791629 99.54719431669183 99.56787885103263 99.67113520599383 99.75374570435228 99.71248494271651 99.52671217389025 99.25835766569642 99.03129088420995 98.92808743324377 98.95907192175184 99.03134272343905 99.07264622698614 99.0520142646023 99.01073732225953 99.03139254187559 99.17591288939244 99.40301065384558 99.65075204491741 99.80559229793485 99.84688776490927 99.7746381430924 99.63013207245267 99.43401461041628 99.11402995111031 98.61856674185697 97.91665878774617 97.02895032299624 96.01737459991556 94.94386532987699 93.7155221971811 92.13622311336432 90.06145671618235 87.43961178658341 84.39455526824094 80.90564254798387 77.00384045753798 72.69947112262118
72.67064653052904 74.57649124504357 76.38918484373723 78.10700007810237 79.72928251921189 81.25634866843563 82.68937355771158 84.0302731010061 85.28158578193741 86.44635747221905 87.52803234747986 88.53035206178924 89.45726460382322 90.31284361398764 91.10121840696421 91.82651452090757 92.4928042975944 93.10406677655277 93.66415604696604 94.1767771292569 94.64546843928866 95.07358990881869 95.46431588462495 95.82063199590628 96.14533525733135 96.44103675744338 96.71016636453244 96.95497896140078 97.17756179456804 97.37984259114515 97.56359815723177 97.7304632251238 97.8819393630405 98.01940380089894 98.14411805941393 98.25723629808469 98.35981332107121 98.45281219917251 98.53711148167683 98.6135119842956 98.6827431491982 98.74546898076427 98.80229356644166 98.85376619636132 98.90038609840099 98.94260680743851 98.98084018879676 99.01546013651877 99.04680596726523 99.07518553040738 99.10003248341452 99.12392211177132 99.14449225896139 99.16415880950127 99.1809225563338 99.19710967506865 99.21090387975124 99.22341995390576 99.2353843233759 99.24563131639582 99.25547132093224 99.26389662775166 99.27149954629085 99.27880011168848 99.28505077751946 99.29102056529945 99.29613170634937 99.30074365940776 99.30517194247513 99.30896318726906 99.31258389439525 99.31566863443533 99.31846697510713 99.32115377627314 99.3234428149799 99.32563051237624 99.3274946944044 99.32928596853156 99.33081982954529 99.3322790032317 99.33352876137538 99.33472409125082 99.33574786648242 99.33672705087815 99.3375615808865 99.33836409923092 99.3390884458867 99.33970578226456 99.34029668504749 99.34080538547427 99.34128966998826 99.34172903306066 99.34210348549193 99.40496931575991 99.49903530231313 99.57225468909743 99.62461024252016 99.61442015662735 99.58338677947046 99.53148427546233 99.47957526067873 99.41722164691332 99.38611534354004 99.3758228797509 99.40719691320189 99.45938943439162 99.5219953653943 99.59500510982883 99.63675342721237 99.64724469573844 99.63688961284839 99.55360659690702 99.17861276130412 98.19937653569175 96.33460831978786 93.58431226785991 90.08391713578877 86.0938749740838 81.81212370497758 77.38451790194416 72.9152349886381 68.46678523608232 64.1120930929879 60.04910159986436 56.51742305795263 53.81917984469045 51.9647895605923 50.829237936120556 50.03747824955624 49.245717622267186 47.9955661802128 46.057828344626365 43.31790623812791 39.952905567611054 36.18160347347346 32.17068737132319 28.034755160185867 23.846732590119128 19.637873581114057 15.533193937337504 11.70979916676961 8.480228460235518 6.021587446816967 4.375548072443295 3.396258817112812 2.8441063665884703 2.6461649429254166 2.7190907929778088 3.000376089515509 3.406677064013208 3.78172412369278
72.67064653052904 74.57649124504357 76.38918484373723 78.10700007810237 79.72928251921189 81.25634866843563 82.68937355771158 84.0302731010061 85.28158578193741 86.44635747221905 87.52803234747986 88.53035206178924 89.45726460382322 90.31284361398764 91.10121840696421 91.82651452090757 92.4928042975944 93.10406677655277 93.66415604696604 94.1767771292569 94.64546843928866 95.07358990881869 95.46431588462495 95.82063199590628 96.14533525733135 96.44103675744338 96.71016636453244 96.95497896140078 97.17756179456804 97.37984259114515 97.56359815723177 97.7304632251238 97.8819393630405 98.01940380089894 98.14411805941393 98.25723629808469 98.35981332107121 98.45281219917251 98.53711148167683 98.6135119842956 98.6827431491982 98.74546898076427 98.80229356644166 98.85376619636132 98.90038609840099 98.94260680743851 98.98084018879676 99.01546013651877 99.04680596726523 99.07518553040738 99.10003248341452 99.12392211177132 99.14449225896139 99.16415880950127 99.1809225563338 99.19710967506865 99.21090387975124 99.22341995390576 99.2353843233759 99.24563131639582 99.25547132093224 99.26389662775166 99.27149954629085 99.27880011168848 99.28505077751946 99.29102056529945 99.29613170634937 99.30074365940776 99.30517194247513 99.30896318726906 99.31258389439525 99.31566863443533 99.31846697510713 99.32115377627314 99.3234428149799 99.32563051237624 99.3274946944044 99.32928596853156 99.33081982954529 99.3322790032317 99.33352876137538 99.33472409125082 99.33574786648242 99.33672705087815 99.3375615808865 99.33836409923092 99.3390884458867 99.33970578226456 99.34029668504749 99.34080538547427 99.34128966998826 99.34172903306066 99.34210348549193 99.40496931575991 99.49903530231313 99.57225468909743 99.62461024252016 99.61442015662735 99.58338677947046 99.53148427546233 99.47957526067873 99.41722164691332 99.38611534354004 99.3758228797509 99.40719691320189 99.45938943439162 99.5219953653943 99.59500510982883 99.63675342721237 99.64724469573844 99.63688961284839 99.55360659690702 99.17861276130412 98.19937653569175 96.33460831978786 93.58431226785991 90.08391713578877 86.0938749740838 81.81212370497758 77.38451790194416 72.9152349886381 68.46678523608232 64.1120930929879 60.04910159986436 56.51742305795263 53.81917984469045 51.9647895605923 50.829237936120556 50.03747824955624 49.245717622267186 47.9955661802128 46.057828344626365 43.31790623812791 39.952905567611054 36.18160347347346 32.17068737132319 28.034755160185867 23.846732590119128 19.637873581114057 15.533193937337504 11.70979916676961 8.480228460235518 6.021587446816967 4.375548072443295 3.396258817112812 2.8441063665884703 2.6461649429254166 2.7190907929778088 3.000376089515509 3.406677064013208 3.78172412369278
72.67064653052904 74.57649124504357 76.38918484373723 78.10700007810237 79.72928251921189 81.25634866843563 82.68937355771158 84.0302731010061 85.28158578193741 86.44635747221905 87.52803234747986 88.53035206178924 89.45726460382322 90.31284361398764 91.10121840696421 91.82651452090757 92.4928042975944 93.10406677655277 93.66415604696604 94.1767771292569 94.64546843928866 95.07358990881869 95.46431588462495 95.82063199590628 96.14533525733135 96.44103675744338 96.71016636453244 96.95497896140078 97.17756179456804 97.37984259114515 97.56359815723177 97.7304632251238 97.8819393630405 98.01940380089894 98.14411805941393 98.25723629808469 98.35981332107121 98.45281219917251 98.53711148167683 98.6135119842956 98.6827431491982 98.74546898076427 98.80229356644166 98.85376619636132 98.90038609840099 98.94260680743851 98.98084018879676 99.01546013651877 99.04680596726523 99.07518553040738 99.10003248341452 99.12392211177132 99.14449225896139 99.16415880950127 99.1809225563338 99.19710967506865 99.21090387975124 99.22341995390576 99.2353843233759 99.24563131639582 99.25547132093224 99.26389662775166 99.27149954629085 99.27880011168848 99.28505077751946 99.29102056529945 99.29613170634937 99.30074365940776 99.30517194247513 99.30896318726906 99.31258389439525 99.31566863443533 99.31846697510713 99.32115377627314 99.3234428149799 99.32563051237624 99.3274946944044 99.32928596853156 99.33081982954529 99.3322790032317 99.33352876137538 99.33472409125082 99.33574786648242 99.33672705087815 99.3375615808865 99.33836409923092 99.3390884458867 99.33970578226456 99.34029668504749 99.34080538547427 99.34128966998826 99.34172903306066 99.34210348549193 99.40496931575991 99.49903530231313 99.57225468909743 99.62461024252016 99.61442015662735 99.58338677947046 99.53148427546233 99.47957526067873 99.41722164691332 99.38611534354004 99.3758228797509 99.40719691320189 99.45938943439162 99.5219953653943 99.59500510982883 99.63675342721237 99.64724469573844 99.63688961284839 99.55360659690702 99.17861276130412 98.19937653569175 96.33460831978786 93.58431226785991 90.08391713578877 86.0938749740838 81.81212370497758 77.38451790194416 72.9152349886381 68.46678523608232 64.1120930929879 60.04910159986436 56.51742305795263 53.81917984469045 51.9647895605923 50.829237936120556 50.03747824955624 49.245717622267186 47.9955661802128 46.057828344626365 43.31790623812791 39.952905567611054 36.18160347347346 32.17068737132319 28.034755160185867 23.846732590119128 19.637873581114057 15.533193937337504 11.70979916676961 8.480228460235518 6.021587446816967 4.375548072443295 3.396258817112812 2.8441063665884703 2.6461649429254166 2.7190907929778088 3.000376089515509 3.406677064013208 3.78172412369278
72.67064653052904 74.57649124504357 76.38918484373723 78.10700007810237 79.72928251921189 81.25634866843563 82.68937355771158 84.0302731010061 85.28158578193741 86.44635747221905 87.52803234747986 88.53035206178924 89.45726460382322 90.31284361398764 91.10121840696421 91.82651452090757 92.4928042975944 93.10406677655277 93.66415604696604 94.1767771292569 94.64546843928866 95.07358990881869 95.46431588462495 95.82063199590628 96.14533525733135 96.44103675744338 96.71016636453244 96.95497896140078 97.17756179456804 97.37984259114515 97.56359815723177 97.7304632251238 97.8819393630405 98.01940380089894 98.14411805941393 98.25723629808469 98.35981332107121 98.45281219917251 98.53711148167683 98.6135119842956 98.6827431491982 98.74546898076427 98.80229356644166 98.85376619636132 98.90038609840099 98.94260680743851 98.98084018879676 99.01546013651877 99.04680596726523 99.07518553040738 99.10003248341452 99.12392211177132 99.14449225896139 99.16415880950127 99.1809225563338 99.19710967506865 99.21090387975124 99.22341995390576 99.2353843233759 99.24563131639582 99.25547132093224 99.26389662775166 99.27149954629085 99.27880011168848 99.28505077751946 99.29102056529945 99.29613170634937 99.30074365940776 99.30517194247513 99.30896318726906 99.31258389439525 99.31566863443533 99.31846697510713 99.32115377627314 99.3234428149799 99.32563051237624 99.3274946944044 99.32928596853156 99.33081982954529 99.3322790032317 99.33352876137538 99.33472409125082 99.33574786648242 99.33672705087815 99.3375615808865 99.33836409923092 99.3390884458867 99.33970578226456 99.34029668504749 99.34080538547427 99.34128966998826 99.34172903306066 99.34210348549193 99.40496931575991 99.49903530231313 99.57225468909743 99.62461024252016 99.61442015662735 99.58338677947046 99.53148427546233 99.47957526067873 99.41722164691332 99.38611534354004 99.3758228797509 99.40719691320189 99.45938943439162 99.5219953653943 99.59500510982883 99.63675342721237 99.64724469573844 99.63688961284839 99.55360659690702 99.17861276130412 98.19937653569175 96.33460831978786 93.58431226785991 90.08391713578877 86.0938749740838 81.81212370497758 77.38451790194416 72.9152349886381 68.46678523608232 64.1120930929879 60.04910159986436 56.51742305795263 53.81917984469045 51.9647895605923 50.829237936120556 50.03747824955624 49.245717622267186 47.9955661802128 46.057828344626365 43.31790623812791 39.952905567611054 36.18160347347346 32.17068737132319 28.034755160185867 23.846732590119128 19.637873581114057 15.533193937337504 11.70979916676961 8.480228460235518 6.021587446816967 4.375548072443295 3.396258817112812 2.8441063665884703 2.6461649429254166 2.7190907929778088 3.000376089515509 3.406677064013208 3.78172412369278
72.67064653052904 74.57649124504357 76.38918484373723 78.10700007810237 79.72928251921189 81.25634866843563 82.68937355771158 84.0302731010061 85.28158578193741 86.44635747221905 87.52803234747986 88.53035206178924 89.45726460382322 90.31284361398764 91.10121840696421 91.82651452090757 92.4928042975944 93.10406677655277 93.66415604696604 94.1767771292569 94.64546843928866 95.07358990881869 95.46431588462495 95.82063199590628 96.14533525733135 96.44103675744338 96.71016636453244 96.95497896140078 97.17756179456804 97.37984259114515 97.56359815723177 97.7304632251238 97.8819393630405 98.01940380089894 98.14411805941393 98.25723629808469 98.35981332107121 98.45281219917251 98.53711148167683 98.6135119842956 98.6827431491982 98.74546898076427 98.80229356644166 98.85376619636132 98.90038609840099 98.94260680743851 98.98084018879676 99.01546013651877 99.04680596726523 99.07518553040738 99.10003248341452 99.12392211177132 99.14449225896139 99.16415880950127 99.1809225563338 99.19710967506865 99.21090387975124 99.22341995390576 99.2353843233759 99.24563131639582 99.25547132093224 99.26389662775166 99.27149954629085 99.27880011168848 99.28505077751946 99.29102056529945 99.29613170634937 99.30074365940776 99.30517194247513 99.30896318726906 99.31258389439525 99.31566863443533 99.31846697510713 99.32115377627314 99.3234428149799 99.32563051237624 99.3274946944044 99.32928596853156 99.33081982954529 99.3322790032317 99.33352876137538 99.33472409125082 99.33574786648242 99.33672705087815 99.3375615808865 99.33836409923092 99.3390884458867 99.33970578226456 99.34029668504749 99.34080538547427 99.34128966998826 99.34172903306066 99.34210348549193 99.40496931575991 99.49903530231313 99.57225468909743 99.62461024252016 99.61442015662735 99.58338677947046 99.53148427546233 99.47957526067873 99.41722164691332 99.38611534354004 99.3758228797509 99.40719691320189 99.45938943439162 99.5219953653943 99.59500510982883 99.63675342721237 99.64724469573844 99.63688961284839 99.55360659690702 99.17861276130412 98.19937653569175 96.33460831978786 93.58431226785991 90.08391713578877 86.0938749740838 81.81212370497758 77.38451790194416 72.9152349886381 68.46678523608232 64.1120930929879 60.04910159986436 56.51742305795263 53.81917984469045 51.9647895605923 50.829237936120556 50.03747824955624 49.245717622267186 47.9955661802128 46.057828344626365 43.31790623812791 39.952905567611054 36.18160347347346 32.17068737132319 28.034755160185867 23.846732590119128 19.637873581114057 15.533193937337504 11.70979916676961 8.480228460235518 6.021587446816967 4.375548072443295 3.396258817112812 2.8441063665884703 2.6461649429254166 2.7190907929778088 3.000376089515509 3.406677064013208 3.78172412369278
72.67064653052904 74.57649124504357 76.38918484373723 78.10700007810237 79.72928251921189 81.25634866843563 82.68937355771158 84.0302731010061 85.28158578193741 86.44635747221905 87.52803234747986 88.53035206178924 89.45726460382322 90.31284361398764 91.10121840696421 91.82651452090757 92.4928042975944 93.10406677655277 93.66415604696604 94.1767771292569 94.64546843928866 95.07358990881869 95.46431588462495 95.82063199590628 96.14533525733135 96.44103675744338 96.71016636453244 96.95497896140078 97.17756179456804 97.37984259114515 97.56359815723177 97.7304632251238 97.8819393630405 98.01940380089894 98.14411805941393 98.25723629808469 98.35981332107121 98.45281219917251 98.53711148167683 98.6135119842956 98.6827431491982 98.74546898076427 98.80229356644166 98.85376619636132 98.90038609840099 98.94260680743851 98.98084018879676 99.01546013651877 99.04680596726523 99.07518553040738 99.10003248341452 99.12392211177132 99.14449225896139 99.16415880950127 99.1809225563338 99.19710967506865 99.21090387975124 99.22341995390576 99.2353843233759 99.24563131639582 99.25547132093224 99.26389662775166 99.27149954629085 99.27880011168848 99.28505077751946 99.29102056529945 99.29613170634937 99.30074365940776 99.30517194247513 99.30896318726906 99.31258389439525 99.31566863443533 99.31846697510713 99.32115377627314 99.3234428149799 99.32563051237624 99.3274946944044 99.32928596853156 99.33081982954529 99.3322790032317 99.33352876137538 99.33472409125082 99.33574786648242 99.33672705087815 99.3375615808865 99.33836409923092 99.3390884458867 99.33970578226456 99.34029668504749 99.34080538547427 99.34128966998826 99.34172903306066 99.34210348549193 99.40496931575991 99.49903530231313 99.57225468909743 99.62461024252016 99.61442015662735 99.58338677947046 99.53148427546233 99.47957526067873 99.41722164691332 99.38611534354004 99.3758228797509 99.40719691320189 99.45938943439162 99.5219953653943 99.59500510982883 99.63675342721237 99.64724469573844 99.63688961284839 99.55360659690702 99.17861276130412 98.19937653569175 96.33460831978786 93.58431226785991 90.08391713578877 86.0938749740838 81.81212370497758 77.38451790194416 72.9152349886381 68.46678523608232 64.1120930929879 60.04910159986436 56.51742305795263 53.81917984469045 51.9647895605923 50.829237936120556 50.03747824955624 49.245717622267186 47.9955661802128 46.057828344626365 43.31790623812791 39.952905567611054 36.18160347347346 32.17068737132319 28.034755160185867 23.846732590119128 19.637873581114057 15.533193937337504 11.70979916676961 8.480228460235518 6.021587446816967 4.375548072443295 3.396258817112812 2.8441063665884703 2.6461649429254166 2.7190907929778088 3.000376089515509 3.406677064013208 3.78172412369278