4 151 9
300.0440999999999 302.0443999999999 304.0446999999999 306.0449999999999 308.0452999999999 310.0455999999999 312.0458999999999 314.0461999999999 316.04649999999987 318.0467999999999 320.0470999999999 322.04739999999987 324.0476999999999 326.0479999999999 328.04829999999987 330.0485999999999 332.0488999999999 334.04919999999987 336.0494999999999 338.0497999999999 340.0500999999999 342.05039999999985 344.0506999999999 346.0509999999999 348.05129999999986 350.0515999999999 352.0518999999999 354.05219999999986 356.0524999999999 358.0527999999999 360.05309999999986 362.0533999999999 364.0536999999999 366.05399999999986 368.0542999999999 370.0545999999999 372.05489999999986 374.0551999999999 376.0554999999999 378.05579999999986 380.05609999999984 382.0563999999999 384.05669999999986 386.05699999999985 388.0572999999999 390.05759999999987 392.05789999999985 394.0581999999999 396.05849999999987 398.05879999999985 399.99 402.04 403.99 406.05 407.99 410.06 412.01 413.96 416.02 417.97 420.04 422.0 423.95 426.02 427.98 430.05 432.01 433.96 436.03 437.99 440.06 442.01 443.96 446.03 447.98 450.04 451.98 454.04 455.99 458.04 459.98 462.03 463.97 466.02 467.95 470.0 472.05 473.98 476.02 477.96 480.0 482.05 483.98 486.03 487.96 490.01 492.06 493.99 496.05 497.98 500.04 501.98 504.04 505.98 508.04 509.99 512.05 514.0 515.95 518.01 519.96 522.03 523.98 526.04 527.99 530.05 532.0 534.06 536.0 538.06 540.0 542.05 543.99 546.04 547.98 550.03 551.96 554.0 556.04 557.97 560.01 562.05 563.98 566.01 568.05 569.98 572.01 574.05 575.97 578.01 580.05 581.98 584.02 585.95 588.0 590.04 591.97 594.02 595.96 598.01 599.95
0.0 13.54 26.89 39.77 50.0 60.0 70.0 80.0 90.0
72.75349827254115 74.66151583898615 76.47627608810272 78.19604980214868 79.82018180608307 81.34898896211865 82.78364764184633 84.12607594356437 85.37881524501394 86.54491489050437 87.62782298236618 88.63128544052536 89.55925475475647 90.41580920981926 91.20508282822364 91.93120585164674 92.59825526473864 93.21021464352694 93.7709424712388 94.28414799238755 94.75337365698137 95.18198322743298 95.57315466959038 95.92987701656571 96.25495047190168 96.5509891010413 96.82042554256543 97.06551725006628 97.28835384973142 97.49086526647186 97.67483033212235 97.8418856427357 97.9935344784678 98.13115563941439 98.25601208454894 98.36925928922695 98.47195326018974 98.56505816623248 98.64945355827675 98.72594116504327 98.79525126033782 98.85804860557086 98.91493797690983 98.96646929073086 99.013142344081 99.05541118891283 99.09368816011649 99.12834757801132 99.15972914611262 99.18814106477048 99.2130163457675 99.23693321066918 99.25752680986648 99.27721578222383 99.29399864138979 99.31020421504488 99.32401414648844 99.33654449020841 99.34852250024596 99.35878117585386 99.36863239897104 99.37706731147557 99.3846788980957 99.3919877868617 99.39824557907146 99.40422217300139 99.40933914125884 99.41395635240099 99.41838968415009 99.42218525133897 99.42581008643026 99.42889834337983 99.43169987443743 99.43438973882314 99.43668138726099 99.43887157884926 99.44073788622974 99.44253120258703 99.44406681235438 99.44552764964348 99.44677883263533 99.44797552530534 99.44900046774221 99.44998076850524 99.45081624996054 99.45161968325543 99.45234485573822 99.45296289594076 99.45355447241144 99.45406375280714 99.45454858945348 99.45498845344336 99.45536333278753 99.45572382889219 99.45603106555315 99.45632651387122 99.45659318057466 99.45682044972766 99.45704001059765 99.45722617749769 99.45740603003279 99.45755928034521 99.4577065320848 99.56089711443616 99.58163084668891 99.58173420702612 99.5921395316009 99.6128372291817 99.63352710033833 99.63360046322732 99.58213040513878 99.47912486989885 99.36580371496481 99.29370654260738 99.34528142587254 99.53084029935044 99.74731335416989 99.90194538438685 99.95350652948513 99.9432269243034 99.9638631658626 99.99979597802283 99.99981483766989 99.99983287552233 99.91240439028493 99.72689990958358 99.6238462084733 99.64447147067811 99.72693534270981 99.74755789988149 99.62388724006384 99.40745601803606 99.22194351030855 99.21164340429313 99.3765554558432 99.61361310988183 99.76821747437546 99.71668871471928 99.51055977672627 99.27351077664432 99.1704476735943 99.24259690845508 99.41781238955615 99.53118767811861 99.45904342465273 99.17045957107972 98.76850241712788 98.41807837105206 98.24286691733121 98.28409478533243 98.44900211596995
72.7214846066433 74.6286625895858 76.44262429114549 78.16164125448655 79.7850585928642 81.31319302906256 82.74722041703464 84.0890580110594 85.3412460705975 86.50683259815766 87.58926417880454 88.59228508414992 89.51984606475729 90.3760236108219 91.16494992576293 91.89075343383041 92.55750932568202 93.16919942445547 93.7296805155325 94.24266021125044 94.7116794028359 95.14010037254782 95.53109968783633 95.88766506655165 96.21259548006503 96.50850384355432 96.7778217251683 97.02280558515355 97.24554413020111 97.44796643599858 97.63185055164269 97.79883235303618 97.9504144588477 98.08797506246067 98.21277656710969 98.3259739397073 98.42862272232102 98.52168665948356 98.60604491508836 98.68249886507209 98.75177846189871 98.81454817446422 98.87141251281686 98.9229211513535 98.96957366719589 99.01182391250042 99.05008404071788 99.0847282074557 99.11609596674973 99.14449538333285 99.16935971847911 99.19326605926112 99.21385059667281 99.2335309053068 99.25030637952413 99.26650482225311 99.28030867692317 99.29283350692562 99.30480624628862 99.31506040777938 99.32490729607045 99.3333384969669 99.34094673426642 99.34825240690772 99.35450744550597 99.36048140955988 99.36559612620174 99.370211305636 99.37464268658954 99.37843658361793 99.38205982367582 99.38514672170204 99.38794702000409 99.39063570077086 99.3929263408164 99.39511556865635 99.39698105480703 99.3987735820527 99.40030851610686 99.40176871058485 99.40301934301961 99.40421550910987 99.40524000054211 99.40621986994415 99.40705498376317 99.40785806352393 99.40858291690964 99.40920068515642 99.40979200131616 99.41030105761361 99.41078568091766 99.41122535135452 99.4116000657408 99.41196040321665 99.4122675046845 99.41256282299666 99.41282937235896 99.41305654150689 99.41327600576368 99.41346209074484 99.41364186413956 99.41379504701737 99.41394223396189 99.42437496671842 99.47603213129446 99.52767208049345 99.5380781568563 99.49693326731395 99.40424362724643 99.29093570506609 99.2291540231403 99.28075102418302 99.45602789055282 99.67253225017046 99.83749273895052 99.89937743835871 99.89941193678823 99.92005973203463 99.98193232503102 99.99975093387982 99.95106009760697 99.7964707603582 99.6212633553741 99.54912933640017 99.59037442958723 99.67284858502624 99.65224627368131 99.48733936352302 99.2708940841642 99.13690668955492 99.19876015085933 99.41522431052557 99.64199479117194 99.72446084768718 99.62139241744795 99.39463385567933 99.21941222815786 99.2091091767756 99.35341708150996 99.51833973742583 99.53895788035543 99.3431192896064 98.97205406178571 98.570066108815 98.3226896813316 98.28146186737668 98.40515285059371 98.58038098659912 98.68345679696944 98.66284323529871 98.62161459710062
72.78051192937843 74.68923795016589 76.50467202682032 78.22508429953427 79.84981934999774 81.3791941580757 82.81438553215037 84.15731228271736 85.41051673114129 86.57704935396491 87.6603595338125 88.66419458148474 89.59250845433095 90.44938095139395 91.23894763016222 91.96534026588772 92.63263735702076 93.24482395870622 93.80575998684111 94.31915606319565 94.7885559531035 95.21732466795542 95.60864135359051 95.96549615296053 96.29069030933462 96.58683885876849 96.85637534309117 97.10155805409613 97.32447739385732 97.52706400387433 97.71109737646911 97.87821471536896 98.0299198589035 98.16759211912233 98.29249492394051 98.40578417774601 98.50851627937959 98.60165575563602 98.68608248401756 98.76259849092992 98.8319343213324 98.89475498346393 98.9516654780477 99.00321592564596 99.04990630888233 99.09219084830062 99.13048203189254 99.16515431896401 99.1965475391636 99.22497000727734 99.24985452456293 99.27378026988956 99.29438151557032 99.31407779851968 99.33086688922651 99.34707848007412 99.36089353919894 99.37342853548427 99.3854109930035 99.39567347769756 99.4055283586122 99.41396640303255 99.42158081586439 99.42889241844921 99.43515253420153 99.44113134726405 99.44625021547171 99.4508691410023 99.45530411886473 99.45910109536247 99.46272727636912 99.4658166800005 99.46861925127749 99.4713101144203 99.47360261375613 99.47579361857106 99.47766061891873 99.47945460114134 99.48099078108658 99.48245216079023 99.48370380835121 99.48490094535786 99.48592626835985 99.48690693311237 99.48774272478516 99.48854645639796 99.48927189814012 99.48989016782339 99.49048196394871 99.49099143344222 99.49147645011028 99.49191647742337 99.4922914959617 99.49265212591996 99.49295947665908 99.49325503467826 99.49352180039608 99.49374915393501 99.4939687963288 99.49415503235333 99.49433495166838 99.49448825888325 99.49463556529797 99.64959264432915 99.79422306901455 99.87690366833947 99.90796915379492 99.89773186682193 99.84619806383381 99.7636942885114 99.65021333692391 99.55737408667184 99.53678106745876 99.56779667784669 99.58848307418528 99.52659007688749 99.39243588427037 99.2789244810079 99.26863019607711 99.39252349329902 99.56802392297293 99.70223458938753 99.70225339291544 99.60937144517631 99.54745353604818 99.56811268029882 99.67134740923301 99.75393718539576 99.71265915723558 99.52686845124083 99.25849952724602 99.03141859529082 98.92820318372196 98.9591763674336 99.03143785897254 99.0727318308538 99.05209220404387 99.0108076745522 99.03145586365666 99.17597065492993 99.40306293728231 99.65079922463823 99.80563534187655 99.84692655725661 99.77467315861298 99.63016392258933 99.43404324638863 99.11405573454614 98.61859006167876 97.91667970244039 97.02896898376247
72.67064653052904 74.57649124504357 76.38918484373723 78.10700007810237 79.72928251921189 81.25634866843563 82.68937355771158 84.0302731010061 85.28158578193741 86.44635747221905 87.52803234747986 88.53035206178924 89.45726460382322 90.31284361398764 91.10121840696421 91.82651452090757 92.4928042975944 93.10406677655277 93.66415604696604 94.1767771292569 94.64546843928866 95.07358990881869 95.46431588462495 95.82063199590628 96.14533525733135 96.44103675744338 96.71016636453244 96.95497896140078 97.17756179456804 97.37984259114515 97.56359815723177 97.7304632251238 97.8819393630405 98.01940380089894 98.14411805941393 98.25723629808469 98.35981332107121 98.45281219917251 98.53711148167683 98.6135119842956 98.6827431491982 98.74546898076427 98.80229356644166 98.85376619636132 98.90038609840099 98.94260680743851 98.98084018879676 99.01546013651877 99.04680596726523 99.07518553040738 99.10003248341452 99.12392211177132 99.14449225896139 99.16415880950127 99.1809225563338 99.19710967506865 99.21090387975124 99.22341995390576 99.2353843233759 99.24563131639582 99.25547132093224 99.26389662775166 99.27149954629085 99.27880011168848 99.28505077751946 99.29102056529945 99.29613170634937 99.30074365940776 99.30517194247513 99.30896318726906 99.31258389439525 99.31566863443533 99.31846697510713 99.32115377627314 99.3234428149799 99.32563051237624 99.3274946944044 99.32928596853156 99.33081982954529 99.3322790032317 99.33352876137538 99.33472409125082 99.33574786648242 99.33672705087815 99.3375615808865 99.33836409923092 99.3390884458867 99.33970578226456 99.34029668504749 99.34080538547427 99.34128966998826 99.34172903306066 99.34210348549193 99.34246357106335 99.34277045784295 99.34306556970424 99.34333193272741 99.34355894306613 99.34377825390001 99.34396420879304 99.34414385651193 99.34429693230278 99.34444401635197 99.40707641457 99.50095763131327 99.57398598658376 99.62617415254533 99.61584088495643 99.58466394926003 99.53264775986253 99.48062096540038 99.41817368713726 99.38697119147494 99.37660224633606 99.40789797636161 99.46002774365564 99.52256972339424 99.59552816459839 99.63722795293592 99.64767282338396 99.63727781559292 99.55395613451046 99.17892854163874 98.19965851497595 96.3348591736199 93.5845320450744 90.08410892751435 86.09404023449483 81.81226664454822 77.38463941150849 72.9153392001974 68.46687353107542 64.11216810712823 60.04916497828165 56.51747735202808 53.81922634723303 51.964830449278004 50.82927405294505 50.03751024408001 49.24574630569711 47.99559142465088 46.057850150738595 43.31792492018157 39.9529210900477 36.18161617126625 32.17069765576995 28.034763233906677 23.84673879358699 19.63787822478033 15.533197255179488 11.709801418817316
72.67064653052904 74.57649124504357 76.38918484373723 78.10700007810237 79.72928251921189 81.25634866843563 82.68937355771158 84.0302731010061 85.28158578193741 86.44635747221905 87.52803234747986 88.53035206178924 89.45726460382322 90.31284361398764 91.10121840696421 91.82651452090757 92.4928042975944 93.10406677655277 93.66415604696604 94.1767771292569 94.64546843928866 95.07358990881869 95.46431588462495 95.82063199590628 96.14533525733135 96.44103675744338 96.71016636453244 96.95497896140078 97.17756179456804 97.37984259114515 97.56359815723177 97.7304632251238 97.8819393630405 98.01940380089894 98.14411805941393 98.25723629808469 98.35981332107121 98.45281219917251 98.53711148167683 98.6135119842956 98.6827431491982 98.74546898076427 98.80229356644166 98.85376619636132 98.90038609840099 98.94260680743851 98.98084018879676 99.01546013651877 99.04680596726523 99.07518553040738 99.10003248341452 99.12392211177132 99.14449225896139 99.16415880950127 99.1809225563338 99.19710967506865 99.21090387975124 99.22341995390576 99.2353843233759 99.24563131639582 99.25547132093224 99.26389662775166 99.27149954629085 99.27880011168848 99.28505077751946 99.29102056529945 99.29613170634937 99.30074365940776 99.30517194247513 99.30896318726906 99.31258389439525 99.31566863443533 99.31846697510713 99.32115377627314 99.3234428149799 99.32563051237624 99.3274946944044 99.32928596853156 99.33081982954529 99.3322790032317 99.33352876137538 99.33472409125082 99.33574786648242 99.33672705087815 99.3375615808865 99.33836409923092 99.3390884458867 99.33970578226456 99.34029668504749 99.34080538547427 99.34128966998826 99.34172903306066 99.34210348549193 99.34246357106335 99.34277045784295 99.34306556970424 99.34333193272741 99.34355894306613 99.34377825390001 99.34396420879304 99.34414385651193 99.34429693230278 99.34444401635197 99.40707641457 99.50095763131327 99.57398598658376 99.62617415254533 99.61584088495643 99.58466394926003 99.53264775986253 99.48062096540038 99.41817368713726 99.38697119147494 99.37660224633606 99.40789797636161 99.46002774365564 99.52256972339424 99.59552816459839 99.63722795293592 99.64767282338396 99.63727781559292 99.55395613451046 99.17892854163874 98.19965851497595 96.3348591736199 93.5845320450744 90.08410892751435 86.09404023449483 81.81226664454822 77.38463941150849 72.9153392001974 68.46687353107542 64.11216810712823 60.04916497828165 56.51747735202808 53.81922634723303 51.964830449278004 50.82927405294505 50.03751024408001 49.24574630569711 47.99559142465088 46.057850150738595 43.31792492018157 39.9529210900477 36.18161617126625 32.17069765576995 28.034763233906677 23.84673879358699 19.63787822478033 15.533197255179488 11.709801418817316
72.67064653052904 74.57649124504357 76.38918484373723 78.10700007810237 79.72928251921189 81.25634866843563 82.68937355771158 84.0302731010061 85.28158578193741 86.44635747221905 87.52803234747986 88.53035206178924 89.45726460382322 90.31284361398764 91.10121840696421 91.82651452090757 92.4928042975944 93.10406677655277 93.66415604696604 94.1767771292569 94.64546843928866 95.07358990881869 95.46431588462495 95.82063199590628 96.14533525733135 96.44103675744338 96.71016636453244 96.95497896140078 97.17756179456804 97.37984259114515 97.56359815723177 97.7304632251238 97.8819393630405 98.01940380089894 98.14411805941393 98.25723629808469 98.35981332107121 98.45281219917251 98.53711148167683 98.6135119842956 98.6827431491982 98.74546898076427 98.80229356644166 98.85376619636132 98.90038609840099 98.94260680743851 98.98084018879676 99.01546013651877 99.04680596726523 99.07518553040738 99.10003248341452 99.12392211177132 99.14449225896139 99.16415880950127 99.1809225563338 99.19710967506865 99.21090387975124 99.22341995390576 99.2353843233759 99.24563131639582 99.25547132093224 99.26389662775166 99.27149954629085 99.27880011168848 99.28505077751946 99.29102056529945 99.29613170634937 99.30074365940776 99.30517194247513 99.30896318726906 99.31258389439525 99.31566863443533 99.31846697510713 99.32115377627314 99.3234428149799 99.32563051237624 99.3274946944044 99.32928596853156 99.33081982954529 99.3322790032317 99.33352876137538 99.33472409125082 99.33574786648242 99.33672705087815 99.3375615808865 99.33836409923092 99.3390884458867 99.33970578226456 99.34029668504749 99.34080538547427 99.34128966998826 99.34172903306066 99.34210348549193 99.34246357106335 99.34277045784295 99.34306556970424 99.34333193272741 99.34355894306613 99.34377825390001 99.34396420879304 99.34414385651193 99.34429693230278 99.34444401635197 99.40707641457 99.50095763131327 99.57398598658376 99.62617415254533 99.61584088495643 99.58466394926003 99.53264775986253 99.48062096540038 99.41817368713726 99.38697119147494 99.37660224633606 99.40789797636161 99.46002774365564 99.52256972339424 99.59552816459839 99.63722795293592 99.64767282338396 99.63727781559292 99.55395613451046 99.17892854163874 98.19965851497595 96.3348591736199 93.5845320450744 90.08410892751435 86.09404023449483 81.81226664454822 77.38463941150849 72.9153392001974 68.46687353107542 64.11216810712823 60.04916497828165 56.51747735202808 53.81922634723303 51.964830449278004 50.82927405294505 50.03751024408001 49.24574630569711 47.99559142465088 46.057850150738595 43.31792492018157 39.9529210900477 36.18161617126625 32.17069765576995 28.034763233906677 23.84673879358699 19.63787822478033 15.533197255179488 11.709801418817316
72.67064653052904 74.57649124504357 76.38918484373723 78.10700007810237 79.72928251921189 81.25634866843563 82.68937355771158 84.0302731010061 85.28158578193741 86.44635747221905 87.52803234747986 88.53035206178924 89.45726460382322 90.31284361398764 91.10121840696421 91.82651452090757 92.4928042975944 93.10406677655277 93.66415604696604 94.1767771292569 94.64546843928866 95.07358990881869 95.46431588462495 95.82063199590628 96.14533525733135 96.44103675744338 96.71016636453244 96.95497896140078 97.17756179456804 97.37984259114515 97.56359815723177 97.7304632251238 97.8819393630405 98.01940380089894 98.14411805941393 98.25723629808469 98.35981332107121 98.45281219917251 98.53711148167683 98.6135119842956 98.6827431491982 98.74546898076427 98.80229356644166 98.85376619636132 98.90038609840099 98.94260680743851 98.98084018879676 99.01546013651877 99.04680596726523 99.07518553040738 99.10003248341452 99.12392211177132 99.14449225896139 99.16415880950127 99.1809225563338 99.19710967506865 99.21090387975124 99.22341995390576 99.2353843233759 99.24563131639582 99.25547132093224 99.26389662775166 99.27149954629085 99.27880011168848 99.28505077751946 99.29102056529945 99.29613170634937 99.30074365940776 99.30517194247513 99.30896318726906 99.31258389439525 99.31566863443533 99.31846697510713 99.32115377627314 99.3234428149799 99.32563051237624 99.3274946944044 99.32928596853156 99.33081982954529 99.3322790032317 99.33352876137538 99.33472409125082 99.33574786648242 99.33672705087815 99.3375615808865 99.33836409923092 99.3390884458867 99.33970578226456 99.34029668504749 99.34080538547427 99.34128966998826 99.34172903306066 99.34210348549193 99.34246357106335 99.34277045784295 99.34306556970424 99.34333193272741 99.34355894306613 99.34377825390001 99.34396420879304 99.34414385651193 99.34429693230278 99.34444401635197 99.40707641457 99.50095763131327 99.57398598658376 99.62617415254533 99.61584088495643 99.58466394926003 99.53264775986253 99.48062096540038 99.41817368713726 99.38697119147494 99.37660224633606 99.40789797636161 99.46002774365564 99.52256972339424 99.59552816459839 99.63722795293592 99.64767282338396 99.63727781559292 99.55395613451046 99.17892854163874 98.19965851497595 96.3348591736199 93.5845320450744 90.08410892751435 86.09404023449483 81.81226664454822 77.38463941150849 72.9153392001974 68.46687353107542 64.11216810712823 60.04916497828165 56.51747735202808 53.81922634723303 51.964830449278004 50.82927405294505 50.03751024408001 49.24574630569711 47.99559142465088 46.057850150738595 43.31792492018157 39.9529210900477 36.18161617126625 32.17069765576995 28.034763233906677 23.84673879358699 19.63787822478033 15.533197255179488 11.709801418817316
72.67064653052904 74.57649124504357 76.38918484373723 78.10700007810237 79.72928251921189 81.25634866843563 82.68937355771158 84.0302731010061 85.28158578193741 86.44635747221905 87.52803234747986 88.53035206178924 89.45726460382322 90.31284361398764 91.10121840696421 91.82651452090757 92.4928042975944 93.10406677655277 93.66415604696604 94.1767771292569 94.64546843928866 95.07358990881869 95.46431588462495 95.82063199590628 96.14533525733135 96.44103675744338 96.71016636453244 96.95497896140078 97.17756179456804 97.37984259114515 97.56359815723177 97.7304632251238 97.8819393630405 98.01940380089894 98.14411805941393 98.25723629808469 98.35981332107121 98.45281219917251 98.53711148167683 98.6135119842956 98.6827431491982 98.74546898076427 98.80229356644166 98.85376619636132 98.90038609840099 98.94260680743851 98.98084018879676 99.01546013651877 99.04680596726523 99.07518553040738 99.10003248341452 99.12392211177132 99.14449225896139 99.16415880950127 99.1809225563338 99.19710967506865 99.21090387975124 99.22341995390576 99.2353843233759 99.24563131639582 99.25547132093224 99.26389662775166 99.27149954629085 99.27880011168848 99.28505077751946 99.29102056529945 99.29613170634937 99.30074365940776 99.30517194247513 99.30896318726906 99.31258389439525 99.31566863443533 99.31846697510713 99.32115377627314 99.3234428149799 99.32563051237624 99.3274946944044 99.32928596853156 99.33081982954529 99.3322790032317 99.33352876137538 99.33472409125082 99.33574786648242 99.33672705087815 99.3375615808865 99.33836409923092 99.3390884458867 99.33970578226456 99.34029668504749 99.34080538547427 99.34128966998826 99.34172903306066 99.34210348549193 99.34246357106335 99.34277045784295 99.34306556970424 99.34333193272741 99.34355894306613 99.34377825390001 99.34396420879304 99.34414385651193 99.34429693230278 99.34444401635197 99.40707641457 99.50095763131327 99.57398598658376 99.62617415254533 99.61584088495643 99.58466394926003 99.53264775986253 99.48062096540038 99.41817368713726 99.38697119147494 99.37660224633606 99.40789797636161 99.46002774365564 99.52256972339424 99.59552816459839 99.63722795293592 99.64767282338396 99.63727781559292 99.55395613451046 99.17892854163874 98.19965851497595 96.3348591736199 93.5845320450744 90.08410892751435 86.09404023449483 81.81226664454822 77.38463941150849 72.9153392001974 68.46687353107542 64.11216810712823 60.04916497828165 56.51747735202808 53.81922634723303 51.964830449278004 50.82927405294505 50.03751024408001 49.24574630569711 47.99559142465088 46.057850150738595 43.31792492018157 39.9529210900477 36.18161617126625 32.17069765576995 28.034763233906677 23.84673879358699 19.63787822478033 15.533197255179488 11.709801418817316
72.67064653052904 74.57649124504357 76.38918484373723 78.10700007810237 79.72928251921189 81.25634866843563 82.68937355771158 84.0302731010061 85.28158578193741 86.44635747221905 87.52803234747986 88.53035206178924 89.45726460382322 90.31284361398764 91.10121840696421 91.82651452090757 92.4928042975944 93.10406677655277 93.66415604696604 94.1767771292569 94.64546843928866 95.07358990881869 95.46431588462495 95.82063199590628 96.14533525733135 96.44103675744338 96.71016636453244 96.95497896140078 97.17756179456804 97.37984259114515 97.56359815723177 97.7304632251238 97.8819393630405 98.01940380089894 98.14411805941393 98.25723629808469 98.35981332107121 98.45281219917251 98.53711148167683 98.6135119842956 98.6827431491982 98.74546898076427 98.80229356644166 98.85376619636132 98.90038609840099 98.94260680743851 98.98084018879676 99.01546013651877 99.04680596726523 99.07518553040738 99.10003248341452 99.12392211177132 99.14449225896139 99.16415880950127 99.1809225563338 99.19710967506865 99.21090387975124 99.22341995390576 99.2353843233759 99.24563131639582 99.25547132093224 99.26389662775166 99.27149954629085 99.27880011168848 99.28505077751946 99.29102056529945 99.29613170634937 99.30074365940776 99.30517194247513 99.30896318726906 99.31258389439525 99.31566863443533 99.31846697510713 99.32115377627314 99.3234428149799 99.32563051237624 99.3274946944044 99.32928596853156 99.33081982954529 99.3322790032317 99.33352876137538 99.33472409125082 99.33574786648242 99.33672705087815 99.3375615808865 99.33836409923092 99.3390884458867 99.33970578226456 99.34029668504749 99.34080538547427 99.34128966998826 99.34172903306066 99.34210348549193 99.34246357106335 99.34277045784295 99.34306556970424 99.34333193272741 99.34355894306613 99.34377825390001 99.34396420879304 99.34414385651193 99.34429693230278 99.34444401635197 99.40707641457 99.50095763131327 99.57398598658376 99.62617415254533 99.61584088495643 99.58466394926003 99.53264775986253 99.48062096540038 99.41817368713726 99.38697119147494 99.37660224633606 99.40789797636161 99.46002774365564 99.52256972339424 99.59552816459839 99.63722795293592 99.64767282338396 99.63727781559292 99.55395613451046 99.17892854163874 98.19965851497595 96.3348591736199 93.5845320450744 90.08410892751435 86.09404023449483 81.81226664454822 77.38463941150849 72.9153392001974 68.46687353107542 64.11216810712823 60.04916497828165 56.51747735202808 53.81922634723303 51.964830449278004 50.82927405294505 50.03751024408001 49.24574630569711 47.99559142465088 46.057850150738595 43.31792492018157 39.9529210900477 36.18161617126625 32.17069765576995 28.034763233906677 23.84673879358699 19.63787822478033 15.533197255179488 11.709801418817316