4 151 9
300.0440999999999 302.0443999999999 304.0446999999999 306.0449999999999 308.0452999999999 310.0455999999999 312.0458999999999 314.0461999999999 316.04649999999987 318.0467999999999 320.0470999999999 322.04739999999987 324.0476999999999 326.0479999999999 328.04829999999987 330.0485999999999 332.0488999999999 334.04919999999987 336.0494999999999 338.0497999999999 340.0500999999999 342.05039999999985 344.0506999999999 346.0509999999999 348.05129999999986 350.0515999999999 352.0518999999999 354.05219999999986 356.0524999999999 358.0527999999999 360.05309999999986 362.0533999999999 364.0536999999999 366.05399999999986 368.0542999999999 370.0545999999999 372.05489999999986 374.0551999999999 376.0554999999999 378.05579999999986 380.05609999999984 382.0563999999999 384.05669999999986 386.05699999999985 388.0572999999999 390.05759999999987 392.05789999999985 394.0581999999999 396.05849999999987 398.05879999999985 399.99 402.04 403.99 406.05 407.99 410.06 412.01 413.96 416.02 417.97 420.04 422.0 423.95 426.02 427.98 430.05 432.01 433.96 436.03 437.99 440.06 442.01 443.96 446.03 447.98 450.04 451.98 454.04 455.99 458.04 459.98 462.03 463.97 466.02 467.95 470.0 472.05 473.98 476.02 477.96 480.0 482.05 483.98 486.03 487.96 490.01 492.06 493.99 496.05 497.98 500.04 501.98 504.04 505.98 508.04 509.99 512.05 514.0 515.95 518.01 519.96 522.03 523.98 526.04 527.99 530.05 532.0 534.06 536.0 538.06 540.0 542.05 543.99 546.04 547.98 550.03 551.96 554.0 556.04 557.97 560.01 562.05 563.98 566.01 568.05 569.98 572.01 574.05 575.97 578.01 580.05 581.98 584.02 585.95 588.0 590.04 591.97 594.02 595.96 598.01 599.95
0.0 13.54 26.89 39.77 50.0 60.0 70.0 80.0 90.0
72.75349827254115 74.66151583898615 76.47627608810272 78.19604980214868 79.82018180608307 81.34898896211865 82.78364764184633 84.12607594356437 85.37881524501394 86.54491489050437 87.62782298236618 88.63128544052536 89.55925475475647 90.41580920981926 91.20508282822364 91.93120585164674 92.59825526473864 93.21021464352694 93.7709424712388 94.28414799238755 94.75337365698137 95.18198322743298 95.57315466959038 95.92987701656571 96.25495047190168 96.5509891010413 96.82042554256543 97.06551725006628 97.28835384973142 97.49086526647186 97.67483033212235 97.8418856427357 97.9935344784678 98.13115563941439 98.25601208454894 98.36925928922695 98.47195326018974 98.56505816623248 98.64945355827675 98.72594116504327 98.79525126033782 98.85804860557086 98.91493797690983 98.96646929073086 99.013142344081 99.05541118891283 99.09368816011649 99.12834757801132 99.15972914611262 99.18814106477048 99.2130163457675 99.23693321066918 99.25752680986648 99.27721578222383 99.29399864138979 99.31020421504488 99.32401414648844 99.33654449020841 99.34852250024596 99.35878117585386 99.36863239897104 99.37706731147557 99.3846788980957 99.3919877868617 99.39824557907146 99.40422217300139 99.40933914125884 99.41395635240099 99.41838968415009 99.42218525133897 99.42581008643026 99.42889834337983 99.43169987443743 99.43438973882314 99.43668138726099 99.43887157884926 99.44073788622974 99.44253120258703 99.44406681235438 99.44552764964348 99.44677883263533 99.44797552530534 99.44900046774221 99.44998076850524 99.45081624996054 99.45161968325543 99.45234485573822 99.45296289594076 99.45355447241144 99.45406375280714 99.45454858945348 99.45498845344336 99.45536333278753 99.45572382889219 99.45603106555315 99.45632651387122 99.45659318057466 99.45682044972766 99.45704001059765 99.45722617749769 99.45740603003279 99.45755928034521 99.4577065320848 99.45783200355166 99.45795256370813 99.45805579567397 99.45815445306312 99.45823893032626 99.4583155599736 99.45838879384955 99.45845150171695 99.4585117068508 99.45856299651598 99.45861201330301 99.45865398481897 99.45869409637899 99.45872844262652 99.45876126682482 99.45878923587662 99.45881611008846 99.4588390092354 99.45886091057142 99.45887966819981 99.45889760847899 99.45891297361766 99.45892766923126 99.45894019364447 99.45895218163464 99.56202929005548 99.58265183185111 99.58266071937689 99.59297537607904 99.61359551543912 99.63421533236044 99.63422128102428 99.58269320927866 99.47963172135042 99.36626314197504 99.29412044422381 99.34565722342968 99.53117991934111 99.74762206667653 99.9022242890284 99.95375977036288 99.9434553459956 99.96407060693227 99.99998317652623 99.9999848145257 99.99998621740697 99.91254350346189 99.72702517526437
72.7214846066433 74.6286625895858 76.44262429114549 78.16164125448655 79.7850585928642 81.31319302906256 82.74722041703464 84.0890580110594 85.3412460705975 86.50683259815766 87.58926417880454 88.59228508414992 89.51984606475729 90.3760236108219 91.16494992576293 91.89075343383041 92.55750932568202 93.16919942445547 93.7296805155325 94.24266021125044 94.7116794028359 95.14010037254782 95.53109968783633 95.88766506655165 96.21259548006503 96.50850384355432 96.7778217251683 97.02280558515355 97.24554413020111 97.44796643599858 97.63185055164269 97.79883235303618 97.9504144588477 98.08797506246067 98.21277656710969 98.3259739397073 98.42862272232102 98.52168665948356 98.60604491508836 98.68249886507209 98.75177846189871 98.81454817446422 98.87141251281686 98.9229211513535 98.96957366719589 99.01182391250042 99.05008404071788 99.0847282074557 99.11609596674973 99.14449538333285 99.16935971847911 99.19326605926112 99.21385059667281 99.2335309053068 99.25030637952413 99.26650482225311 99.28030867692317 99.29283350692562 99.30480624628862 99.31506040777938 99.32490729607045 99.3333384969669 99.34094673426642 99.34825240690772 99.35450744550597 99.36048140955988 99.36559612620174 99.370211305636 99.37464268658954 99.37843658361793 99.38205982367582 99.38514672170204 99.38794702000409 99.39063570077086 99.3929263408164 99.39511556865635 99.39698105480703 99.3987735820527 99.40030851610686 99.40176871058485 99.40301934301961 99.40421550910987 99.40524000054211 99.40621986994415 99.40705498376317 99.40785806352393 99.40858291690964 99.40920068515642 99.40979200131616 99.41030105761361 99.41078568091766 99.41122535135452 99.4116000657408 99.41196040321665 99.4122675046845 99.41256282299666 99.41282937235896 99.41305654150689 99.41327600576368 99.41346209074484 99.41364186413956 99.41379504701737 99.41394223396189 99.41406765021763 99.41418815732412 99.41429134386487 99.41438995784189 99.41447439793257 99.41455099386063 99.41462419551152 99.41468687578563 99.41474705442747 99.41479832152369 99.41484731674191 99.41488926978917 99.41492936369893 99.4149636948331 99.4149965045878 99.4150244613324 99.4150513237188 99.41507421278945 99.41509610448823 99.41511485386272 99.41513278624765 99.41514814462522 99.41516283377231 99.41517535267441 99.41518733538952 99.42550558985025 99.47705203377984 99.52859808984807 99.53891354761487 99.49769067127161 99.40493027546204 99.29155438771609 99.22971483237839 99.28125686490925 99.45648773472288 99.67294773090583 99.83787039841602 99.89971831587498 99.89972112003169 99.92033868724752 99.982185637928 99.99997948475847 99.9512675121082 99.79665757823905 99.62143268877881 99.54928198716635 99.59051309438532 99.67297378281386
72.78051192937843 74.68923795016589 76.50467202682032 78.22508429953427 79.84981934999774 81.3791941580757 82.81438553215037 84.15731228271736 85.41051673114129 86.57704935396491 87.6603595338125 88.66419458148474 89.59250845433095 90.44938095139395 91.23894763016222 91.96534026588772 92.63263735702076 93.24482395870622 93.80575998684111 94.31915606319565 94.7885559531035 95.21732466795542 95.60864135359051 95.96549615296053 96.29069030933462 96.58683885876849 96.85637534309117 97.10155805409613 97.32447739385732 97.52706400387433 97.71109737646911 97.87821471536896 98.0299198589035 98.16759211912233 98.29249492394051 98.40578417774601 98.50851627937959 98.60165575563602 98.68608248401756 98.76259849092992 98.8319343213324 98.89475498346393 98.9516654780477 99.00321592564596 99.04990630888233 99.09219084830062 99.13048203189254 99.16515431896401 99.1965475391636 99.22497000727734 99.24985452456293 99.27378026988956 99.29438151557032 99.31407779851968 99.33086688922651 99.34707848007412 99.36089353919894 99.37342853548427 99.3854109930035 99.39567347769756 99.4055283586122 99.41396640303255 99.42158081586439 99.42889241844921 99.43515253420153 99.44113134726405 99.44625021547171 99.4508691410023 99.45530411886473 99.45910109536247 99.46272727636912 99.4658166800005 99.46861925127749 99.4713101144203 99.47360261375613 99.47579361857106 99.47766061891873 99.47945460114134 99.48099078108658 99.48245216079023 99.48370380835121 99.48490094535786 99.48592626835985 99.48690693311237 99.48774272478516 99.48854645639796 99.48927189814012 99.48989016782339 99.49048196394871 99.49099143344222 99.49147645011028 99.49191647742337 99.4922914959617 99.49265212591996 99.49295947665908 99.49325503467826 99.49352180039608 99.49374915393501 99.4939687963288 99.49415503235333 99.49433495166838 99.49448825888325 99.49463556529797 99.49476108335287 99.49488168827381 99.49498495857007 99.49508365259109 99.49516816122097 99.4952448193212 99.49531808038917 99.49538081154024 99.4954410390285 99.49549234773772 99.4955413827249 99.49558336982503 99.49562349627863 99.49565785527906 99.49569069166512 99.49571867110193 99.49574555529226 99.49576846294174 99.49579037240981 99.495809137003 99.49582708394345 99.49584245478727 99.49585715585741 99.49586968492098 99.49588167736233 99.65072582856651 99.79524623383078 99.87783292695846 99.90880764892849 99.89849232179269 99.84688776490927 99.76431591692408 99.65077652584523 99.55788133680734 99.53724128499863 99.56821172199625 99.58885979171149 99.52692968237551 99.39274349845054 99.27920164630973 99.26888170176127 99.39275065635056 99.5682305426126 99.70242123085931 99.70242286398472 99.60952418831903 99.54759214108529 99.56823774652901
72.67064653052904 74.57649124504357 76.38918484373723 78.10700007810237 79.72928251921189 81.25634866843563 82.68937355771158 84.0302731010061 85.28158578193741 86.44635747221905 87.52803234747986 88.53035206178924 89.45726460382322 90.31284361398764 91.10121840696421 91.82651452090757 92.4928042975944 93.10406677655277 93.66415604696604 94.1767771292569 94.64546843928866 95.07358990881869 95.46431588462495 95.82063199590628 96.14533525733135 96.44103675744338 96.71016636453244 96.95497896140078 97.17756179456804 97.37984259114515 97.56359815723177 97.7304632251238 97.8819393630405 98.01940380089894 98.14411805941393 98.25723629808469 98.35981332107121 98.45281219917251 98.53711148167683 98.6135119842956 98.6827431491982 98.74546898076427 98.80229356644166 98.85376619636132 98.90038609840099 98.94260680743851 98.98084018879676 99.01546013651877 99.04680596726523 99.07518553040738 99.10003248341452 99.12392211177132 99.14449225896139 99.16415880950127 99.1809225563338 99.19710967506865 99.21090387975124 99.22341995390576 99.2353843233759 99.24563131639582 99.25547132093224 99.26389662775166 99.27149954629085 99.27880011168848 99.28505077751946 99.29102056529945 99.29613170634937 99.30074365940776 99.30517194247513 99.30896318726906 99.31258389439525 99.31566863443533 99.31846697510713 99.32115377627314 99.3234428149799 99.32563051237624 99.3274946944044 99.32928596853156 99.33081982954529 99.3322790032317 99.33352876137538 99.33472409125082 99.33574786648242 99.33672705087815 99.3375615808865 99.33836409923092 99.3390884458867 99.33970578226456 99.34029668504749 99.34080538547427 99.34128966998826 99.34172903306066 99.34210348549193 99.34246357106335 99.34277045784295 99.34306556970424 99.34333193272741 99.34355894306613 99.34377825390001 99.34396420879304 99.34414385651193 99.34429693230278 99.34444401635197 99.34456934493181 99.34468976779429 99.34479288219949 99.34489142723751 99.34497580829789 99.34505235067932 99.34512550115647 99.34518813761211 99.34524827418431 99.34529950544076 99.34534846640746 99.34539039012621 99.34543045600715 99.34546476314115 99.34549754995923 99.34552548715985 99.34555233076732 99.34557520383669 99.34559708023144 99.34561581649864 99.34563373634741 99.34564908398825 99.34566376286647 99.34567627301686 99.34568824735511 99.40820684098806 99.50197778935348 99.57491242684479 99.62701028266498 99.61659919407867 99.58535184375334 99.53326794862235 99.48118319584361 99.41868022803929 99.38743071635496 99.37701649349972 99.408274010781 99.4603671220191 99.52287774033157 99.59580621378927 99.63748039249447 99.64790056958299 99.63748457894555 99.55414249840663 99.17909712317525 98.19980909643469 96.33499330559673 93.58464959540564
72.67064653052904 74.57649124504357 76.38918484373723 78.10700007810237 79.72928251921189 81.25634866843563 82.68937355771158 84.0302731010061 85.28158578193741 86.44635747221905 87.52803234747986 88.53035206178924 89.45726460382322 90.31284361398764 91.10121840696421 91.82651452090757 92.4928042975944 93.10406677655277 93.66415604696604 94.1767771292569 94.64546843928866 95.07358990881869 95.46431588462495 95.82063199590628 96.14533525733135 96.44103675744338 96.71016636453244 96.95497896140078 97.17756179456804 97.37984259114515 97.56359815723177 97.7304632251238 97.8819393630405 98.01940380089894 98.14411805941393 98.25723629808469 98.35981332107121 98.45281219917251 98.53711148167683 98.6135119842956 98.6827431491982 98.74546898076427 98.80229356644166 98.85376619636132 98.90038609840099 98.94260680743851 98.98084018879676 99.01546013651877 99.04680596726523 99.07518553040738 99.10003248341452 99.12392211177132 99.14449225896139 99.16415880950127 99.1809225563338 99.19710967506865 99.21090387975124 99.22341995390576 99.2353843233759 99.24563131639582 99.25547132093224 99.26389662775166 99.27149954629085 99.27880011168848 99.28505077751946 99.29102056529945 99.29613170634937 99.30074365940776 99.30517194247513 99.30896318726906 99.31258389439525 99.31566863443533 99.31846697510713 99.32115377627314 99.3234428149799 99.32563051237624 99.3274946944044 99.32928596853156 99.33081982954529 99.3322790032317 99.33352876137538 99.33472409125082 99.33574786648242 99.33672705087815 99.3375615808865 99.33836409923092 99.3390884458867 99.33970578226456 99.34029668504749 99.34080538547427 99.34128966998826 99.34172903306066 99.34210348549193 99.34246357106335 99.34277045784295 99.34306556970424 99.34333193272741 99.34355894306613 99.34377825390001 99.34396420879304 99.34414385651193 99.34429693230278 99.34444401635197 99.34456934493181 99.34468976779429 99.34479288219949 99.34489142723751 99.34497580829789 99.34505235067932 99.34512550115647 99.34518813761211 99.34524827418431 99.34529950544076 99.34534846640746 99.34539039012621 99.34543045600715 99.34546476314115 99.34549754995923 99.34552548715985 99.34555233076732 99.34557520383669 99.34559708023144 99.34561581649864 99.34563373634741 99.34564908398825 99.34566376286647 99.34567627301686 99.34568824735511 99.40820684098806 99.50197778935348 99.57491242684479 99.62701028266498 99.61659919407867 99.58535184375334 99.53326794862235 99.48118319584361 99.41868022803929 99.38743071635496 99.37701649349972 99.408274010781 99.4603671220191 99.52287774033157 99.59580621378927 99.63748039249447 99.64790056958299 99.63748457894555 99.55414249840663 99.17909712317525 98.19980909643469 96.33499330559673 93.58464959540564
72.67064653052904 74.57649124504357 76.38918484373723 78.10700007810237 79.72928251921189 81.25634866843563 82.68937355771158 84.0302731010061 85.28158578193741 86.44635747221905 87.52803234747986 88.53035206178924 89.45726460382322 90.31284361398764 91.10121840696421 91.82651452090757 92.4928042975944 93.10406677655277 93.66415604696604 94.1767771292569 94.64546843928866 95.07358990881869 95.46431588462495 95.82063199590628 96.14533525733135 96.44103675744338 96.71016636453244 96.95497896140078 97.17756179456804 97.37984259114515 97.56359815723177 97.7304632251238 97.8819393630405 98.01940380089894 98.14411805941393 98.25723629808469 98.35981332107121 98.45281219917251 98.53711148167683 98.6135119842956 98.6827431491982 98.74546898076427 98.80229356644166 98.85376619636132 98.90038609840099 98.94260680743851 98.98084018879676 99.01546013651877 99.04680596726523 99.07518553040738 99.10003248341452 99.12392211177132 99.14449225896139 99.16415880950127 99.1809225563338 99.19710967506865 99.21090387975124 99.22341995390576 99.2353843233759 99.24563131639582 99.25547132093224 99.26389662775166 99.27149954629085 99.27880011168848 99.28505077751946 99.29102056529945 99.29613170634937 99.30074365940776 99.30517194247513 99.30896318726906 99.31258389439525 99.31566863443533 99.31846697510713 99.32115377627314 99.3234428149799 99.32563051237624 99.3274946944044 99.32928596853156 99.33081982954529 99.3322790032317 99.33352876137538 99.33472409125082 99.33574786648242 99.33672705087815 99.3375615808865 99.33836409923092 99.3390884458867 99.33970578226456 99.34029668504749 99.34080538547427 99.34128966998826 99.34172903306066 99.34210348549193 99.34246357106335 99.34277045784295 99.34306556970424 99.34333193272741 99.34355894306613 99.34377825390001 99.34396420879304 99.34414385651193 99.34429693230278 99.34444401635197 99.34456934493181 99.34468976779429 99.34479288219949 99.34489142723751 99.34497580829789 99.34505235067932 99.34512550115647 99.34518813761211 99.34524827418431 99.34529950544076 99.34534846640746 99.34539039012621 99.34543045600715 99.34546476314115 99.34549754995923 99.34552548715985 99.34555233076732 99.34557520383669 99.34559708023144 99.34561581649864 99.34563373634741 99.34564908398825 99.34566376286647 99.34567627301686 99.34568824735511 99.40820684098806 99.50197778935348 99.57491242684479 99.62701028266498 99.61659919407867 99.58535184375334 99.53326794862235 99.48118319584361 99.41868022803929 99.38743071635496 99.37701649349972 99.408274010781 99.4603671220191 99.52287774033157 99.59580621378927 99.63748039249447 99.64790056958299 99.63748457894555 99.55414249840663 99.17909712317525 98.19980909643469 96.33499330559673 93.58464959540564
72.67064653052904 74.57649124504357 76.38918484373723 78.10700007810237 79.72928251921189 81.25634866843563 82.68937355771158 84.0302731010061 85.28158578193741 86.44635747221905 87.52803234747986 88.53035206178924 89.45726460382322 90.31284361398764 91.10121840696421 91.82651452090757 92.4928042975944 93.10406677655277 93.66415604696604 94.1767771292569 94.64546843928866 95.07358990881869 95.46431588462495 95.82063199590628 96.14533525733135 96.44103675744338 96.71016636453244 96.95497896140078 97.17756179456804 97.37984259114515 97.56359815723177 97.7304632251238 97.8819393630405 98.01940380089894 98.14411805941393 98.25723629808469 98.35981332107121 98.45281219917251 98.53711148167683 98.6135119842956 98.6827431491982 98.74546898076427 98.80229356644166 98.85376619636132 98.90038609840099 98.94260680743851 98.98084018879676 99.01546013651877 99.04680596726523 99.07518553040738 99.10003248341452 99.12392211177132 99.14449225896139 99.16415880950127 99.1809225563338 99.19710967506865 99.21090387975124 99.22341995390576 99.2353843233759 99.24563131639582 99.25547132093224 99.26389662775166 99.27149954629085 99.27880011168848 99.28505077751946 99.29102056529945 99.29613170634937 99.30074365940776 99.30517194247513 99.30896318726906 99.31258389439525 99.31566863443533 99.31846697510713 99.32115377627314 99.3234428149799 99.32563051237624 99.3274946944044 99.32928596853156 99.33081982954529 99.3322790032317 99.33352876137538 99.33472409125082 99.33574786648242 99.33672705087815 99.3375615808865 99.33836409923092 99.3390884458867 99.33970578226456 99.34029668504749 99.34080538547427 99.34128966998826 99.34172903306066 99.34210348549193 99.34246357106335 99.34277045784295 99.34306556970424 99.34333193272741 99.34355894306613 99.34377825390001 99.34396420879304 99.34414385651193 99.34429693230278 99.34444401635197 99.34456934493181 99.34468976779429 99.34479288219949 99.34489142723751 99.34497580829789 99.34505235067932 99.34512550115647 99.34518813761211 99.34524827418431 99.34529950544076 99.34534846640746 99.34539039012621 99.34543045600715 99.34546476314115 99.34549754995923 99.34552548715985 99.34555233076732 99.34557520383669 99.34559708023144 99.34561581649864 99.34563373634741 99.34564908398825 99.34566376286647 99.34567627301686 99.34568824735511 99.40820684098806 99.50197778935348 99.57491242684479 99.62701028266498 99.61659919407867 99.58535184375334 99.53326794862235 99.48118319584361 99.41868022803929 99.38743071635496 99.37701649349972 99.408274010781 99.4603671220191 99.52287774033157 99.59580621378927 99.63748039249447 99.64790056958299 99.63748457894555 99.55414249840663 99.17909712317525 98.19980909643469 96.33499330559673 93.58464959540564
72.67064653052904 74.57649124504357 76.38918484373723 78.10700007810237 79.72928251921189 81.25634866843563 82.68937355771158 84.0302731010061 85.28158578193741 86.44635747221905 87.52803234747986 88.53035206178924 89.45726460382322 90.31284361398764 91.10121840696421 91.82651452090757 92.4928042975944 93.10406677655277 93.66415604696604 94.1767771292569 94.64546843928866 95.07358990881869 95.46431588462495 95.82063199590628 96.14533525733135 96.44103675744338 96.71016636453244 96.95497896140078 97.17756179456804 97.37984259114515 97.56359815723177 97.7304632251238 97.8819393630405 98.01940380089894 98.14411805941393 98.25723629808469 98.35981332107121 98.45281219917251 98.53711148167683 98.6135119842956 98.6827431491982 98.74546898076427 98.80229356644166 98.85376619636132 98.90038609840099 98.94260680743851 98.98084018879676 99.01546013651877 99.04680596726523 99.07518553040738 99.10003248341452 99.12392211177132 99.14449225896139 99.16415880950127 99.1809225563338 99.19710967506865 99.21090387975124 99.22341995390576 99.2353843233759 99.24563131639582 99.25547132093224 99.26389662775166 99.27149954629085 99.27880011168848 99.28505077751946 99.29102056529945 99.29613170634937 99.30074365940776 99.30517194247513 99.30896318726906 99.31258389439525 99.31566863443533 99.31846697510713 99.32115377627314 99.3234428149799 99.32563051237624 99.3274946944044 99.32928596853156 99.33081982954529 99.3322790032317 99.33352876137538 99.33472409125082 99.33574786648242 99.33672705087815 99.3375615808865 99.33836409923092 99.3390884458867 99.33970578226456 99.34029668504749 99.34080538547427 99.34128966998826 99.34172903306066 99.34210348549193 99.34246357106335 99.34277045784295 99.34306556970424 99.34333193272741 99.34355894306613 99.34377825390001 99.34396420879304 99.34414385651193 99.34429693230278 99.34444401635197 99.34456934493181 99.34468976779429 99.34479288219949 99.34489142723751 99.34497580829789 99.34505235067932 99.34512550115647 99.34518813761211 99.34524827418431 99.34529950544076 99.34534846640746 99.34539039012621 99.34543045600715 99.34546476314115 99.34549754995923 99.34552548715985 99.34555233076732 99.34557520383669 99.34559708023144 99.34561581649864 99.34563373634741 99.34564908398825 99.34566376286647 99.34567627301686 99.34568824735511 99.40820684098806 99.50197778935348 99.57491242684479 99.62701028266498 99.61659919407867 99.58535184375334 99.53326794862235 99.48118319584361 99.41868022803929 99.38743071635496 99.37701649349972 99.408274010781 99.4603671220191 99.52287774033157 99.59580621378927 99.63748039249447 99.64790056958299 99.63748457894555 99.55414249840663 99.17909712317525 98.19980909643469 96.33499330559673 93.58464959540564
72.67064653052904 74.57649124504357 76.38918484373723 78.10700007810237 79.72928251921189 81.25634866843563 82.68937355771158 84.0302731010061 85.28158578193741 86.44635747221905 87.52803234747986 88.53035206178924 89.45726460382322 90.31284361398764 91.10121840696421 91.82651452090757 92.4928042975944 93.10406677655277 93.66415604696604 94.1767771292569 94.64546843928866 95.07358990881869 95.46431588462495 95.82063199590628 96.14533525733135 96.44103675744338 96.71016636453244 96.95497896140078 97.17756179456804 97.37984259114515 97.56359815723177 97.7304632251238 97.8819393630405 98.01940380089894 98.14411805941393 98.25723629808469 98.35981332107121 98.45281219917251 98.53711148167683 98.6135119842956 98.6827431491982 98.74546898076427 98.80229356644166 98.85376619636132 98.90038609840099 98.94260680743851 98.98084018879676 99.01546013651877 99.04680596726523 99.07518553040738 99.10003248341452 99.12392211177132 99.14449225896139 99.16415880950127 99.1809225563338 99.19710967506865 99.21090387975124 99.22341995390576 99.2353843233759 99.24563131639582 99.25547132093224 99.26389662775166 99.27149954629085 99.27880011168848 99.28505077751946 99.29102056529945 99.29613170634937 99.30074365940776 99.30517194247513 99.30896318726906 99.31258389439525 99.31566863443533 99.31846697510713 99.32115377627314 99.3234428149799 99.32563051237624 99.3274946944044 99.32928596853156 99.33081982954529 99.3322790032317 99.33352876137538 99.33472409125082 99.33574786648242 99.33672705087815 99.3375615808865 99.33836409923092 99.3390884458867 99.33970578226456 99.34029668504749 99.34080538547427 99.34128966998826 99.34172903306066 99.34210348549193 99.34246357106335 99.34277045784295 99.34306556970424 99.34333193272741 99.34355894306613 99.34377825390001 99.34396420879304 99.34414385651193 99.34429693230278 99.34444401635197 99.34456934493181 99.34468976779429 99.34479288219949 99.34489142723751 99.34497580829789 99.34505235067932 99.34512550115647 99.34518813761211 99.34524827418431 99.34529950544076 99.34534846640746 99.34539039012621 99.34543045600715 99.34546476314115 99.34549754995923 99.34552548715985 99.34555233076732 99.34557520383669 99.34559708023144 99.34561581649864 99.34563373634741 99.34564908398825 99.34566376286647 99.34567627301686 99.34568824735511 99.40820684098806 99.50197778935348 99.57491242684479 99.62701028266498 99.61659919407867 99.58535184375334 99.53326794862235 99.48118319584361 99.41868022803929 99.38743071635496 99.37701649349972 99.408274010781 99.4603671220191 99.52287774033157 99.59580621378927 99.63748039249447 99.64790056958299 99.63748457894555 99.55414249840663 99.17909712317525 98.19980909643469 96.33499330559673 93.58464959540564