4 151 8
300.0440999999999 302.0443999999999 304.0446999999999 306.0449999999999 308.0452999999999 310.0455999999999 312.0458999999999 314.0461999999999 316.04649999999987 318.0467999999999 320.0470999999999 322.04739999999987 324.0476999999999 326.0479999999999 328.04829999999987 330.0485999999999 332.0488999999999 334.04919999999987 336.0494999999999 338.0497999999999 340.0500999999999 342.05039999999985 344.0506999999999 346.0509999999999 348.05129999999986 350.0515999999999 352.0518999999999 354.05219999999986 356.0524999999999 358.0527999999999 360.05309999999986 362.0533999999999 364.0536999999999 366.05399999999986 368.0542999999999 369.99 372.04 373.98 376.04 377.98 380.03 381.97 384.02 385.96 388.01 389.95 392.0 394.05 395.99 398.05 399.99 402.04 403.99 406.05 407.99 410.06 412.01 413.96 416.02 417.97 420.04 422.0 423.95 426.02 427.98 430.05 432.01 433.96 436.03 437.99 440.06 442.01 443.96 446.03 447.98 450.04 451.98 454.04 455.99 458.04 459.98 462.03 463.97 466.02 467.95 470.0 472.05 473.98 476.02 477.96 480.0 482.05 483.98 486.03 487.96 490.01 492.06 493.99 496.05 497.98 500.04 501.98 504.04 505.98 508.04 509.99 512.05 514.0 515.95 518.01 519.96 522.03 523.98 526.04 527.99 530.05 532.0 534.06 536.0 538.06 540.0 542.05 543.99 546.04 547.98 550.03 551.96 554.0 556.04 557.97 560.01 562.05 563.98 566.01 568.05 569.98 572.01 574.05 575.97 578.01 580.05 581.98 584.02 585.95 588.0 590.04 591.97 594.02 595.96 598.01 599.95
0.0 39.77 47.82 50.0 60.0 70.0 80.0 90.0
72.16117798966572 73.67615114942018 75.01714187500619 76.39748029598023 77.97601939669615 79.68775868272154 81.2981380477999 82.52098686363324 83.24764266276965 83.64340036859052 84.01183169600311 84.63549031376671 85.58631475606619 86.6474508552856 87.43206330653109 87.61588504795236 87.19099791194556 86.51683969880877 86.06000707953939 86.14184510674089 86.84432060487994 87.78717452157977 88.3254741775994 87.99191413242494 86.81014444368404 85.27382126733575 84.0131582044532 83.61484420620206 84.24852412070771 85.52043720328938 86.12529131220768 84.82882716211836 81.83572495179502 78.10273028263924 74.65345385921201 72.00641041526859 69.81765535478728 66.41366232856831 60.9346929312102 53.645828046518666 45.253627880595765 37.02910952041715 30.18177762772684 24.713198456752327 20.137744619160944 15.85318275389431 11.401243101083882 6.894347068074122 3.601716142147694 1.8935070659455255 1.1363905241678895 0.7680165331458106 0.5838136927826618 0.5019744820549665 0.4713210140684631 0.4918934999191035 0.5739555522262985 0.7072844510816052 0.8508940296694985 0.9535098313941522 1.0048734221234124 1.0254680825163005 1.0358020924436486 1.0358782667832067 1.0256866202338053 1.0052333266240487 0.9539950176705781 0.8617129408365851 0.7386440302574065 0.6360788647226324 0.6258423449593445 0.6361218134463336 0.6258794186199415 0.6053751583412459 0.5746066131902668 0.5540971527043334 0.5233237993141661 0.49254892889088286 0.4515101570114592 0.4002080636097723 0.3283799785551501 0.21550195413806691 0.12314524295410587 0.08209763789089845 0.061573745696207355 0.05131186927668153 0.041049794742408136 0.04105004984371815 0.03078772051642461 0.030787878173760948 0.03078802826407439 0.030788164432255176 0.030788280483215212 0.030788392081572625 0.030788487192466348 0.030788578654056552 0.030788661205755987 0.030788731561201824 0.0307887995304035 0.030788857161872966 0.04105188378481582 0.04105194704017575 0.041052007819574104 0.05131507451122633 0.0615781640568048 0.08210430396213682 0.10263048175684618 0.14368279650004648 0.2155243608051217 0.2873660260021318 0.35920775898067814 0.4105234016225465 0.45157597465746535 0.4823654833839256 0.5131549861085859 0.5336814007859337 0.5336815850830801 0.5644710935908039 0.5644712523271591 0.5439451719461982 0.4926297031089169 0.4413142062146553 0.4413142894451268 0.44131436904889454 0.44131443722636926 0.44131450243305864 0.44131455800579916 0.4413146111983485 0.44131465923280355 0.4413147003815507 0.44131473976788665 0.4413147753349179 0.44131480580343674 0.4413148348311543 0.4413148611798699 0.4413148837515123 0.4413149052557816 0.44131492477539613 0.4413149414143373 0.4413149574276431 0.4413149718881325 0.44131498427571836 0.4413149961327393 0.44131500629006243 0.44131501605760126 0.44131502483272006 0.4413150323499301 0.4413150395786692 0.4413150457697962 0.4413150516911474 0.44131505676254884
20.53455655889776 18.365027967685915 15.965792096981861 13.39890832661253 10.865223832923089 8.699259948869347 7.221922182614149 6.453439368108503 6.238079855931413 6.314258872959246 6.521132462539635 6.715900402679969 6.8608922394992025 6.954782030901439 6.986974676068396 6.965946836145422 6.871722062038988 6.713118964133877 6.518938785958361 6.367903519531166 6.35021519347829 6.497986991569458 6.8036100357464635 7.148957537557552 7.444058341308177 7.627965512306284 7.709800382267727 7.698966288118556 7.5949594724319605 7.366899064072084 7.024485886235836 6.547004358762882 6.005615674810741 5.471967173374081 5.079530799008513 4.8904088990873404 4.926441903128982 5.14669925261455 5.469987871692709 5.82395950106582 6.157667821723955 6.419061055255154 6.598121083882927 6.683984179972666 6.6769066136558175 6.566116752358942 6.3621641099436435 6.0854872570693725 5.75663681352151 5.427518616703665 5.149686419957539 4.985436175928686 4.9554346261657924 5.101281578544615 5.433317596529774 5.962098494930239 6.677236608103336 7.5891967358755155 8.698081783400967 9.952047291590057 11.340866023581576 12.812641181827274 14.34669944893456 15.922381736792667 17.50847061449663 19.115426389654118 20.74311847452305 22.422673962167156 24.216324348261725 26.134318209591065 28.2596685682634 30.61300105864683 33.22547283601854 36.04532771308831 39.0310042265719 42.0789611067678 45.054353939169786 47.85362399383489 50.331554369782644 52.41565268840272 54.05399800636458 55.194823216971706 55.86913864225612 56.10809434475006 56.00491049908096 55.64256677657297 55.16615120667794 54.67930402574438 54.285728627965696 54.07868942200551 54.05822123435133 54.2761453962207 54.69098978252302 55.34424807517122 56.26699879533371 57.6458566354502 59.60520848568829 62.0621215060065 64.74709648915618 67.32839879333713 69.50542421262551 71.26778937557434 72.80209830100955 74.22236671475521 75.6426349764693 77.05252697915616 78.31729029638548 79.22959075490586 79.76869954116334 80.04864865695633 80.2663917820776 80.6085290345761 81.04395640152445 81.4171843537141 81.62454547190306 81.57274668004605 81.22031909358992 81.20997954940704 80.87827911932833 80.21485425904844 79.31299964308745 78.26601479113496 78.26602955185923 78.2660436693963 78.26605576050773 78.26606732475751 78.26607718044961 78.26608661402051 78.26609513281578 78.26610243044728 78.26610941551938 78.26611572324697 78.26612112676563 78.26612627476163 78.26613094764306 78.26613495066965 78.26613876440017 78.26614222615694 78.26614517703321 78.26614801695453 78.26615058148762 78.26615277839622 78.26615488121041 78.26615668258728 78.26615841483684 78.26615997108308 78.26616130424223 78.26616258624175 78.26616368422326 78.26616473436069 78.26616563376155
11.078396064144178 11.368935691795322 11.70227958601152 12.015396726693334 12.273456147690494 12.45655687047083 12.579271799599047 12.639928429406028 12.66450470961999 12.745318848432975 12.942120905559134 13.364024733689503 13.99985365859442 14.769190848431837 15.548816683512051 16.259963207946104 16.821658033567306 17.23059197202071 17.484024101097063 17.55963400694329 17.45531756272761 17.189671088794356 16.792170490388965 16.344093560614624 15.94849244126311 15.68910719037694 15.557621316582736 15.503980076221904 15.477414796702154 15.405819146226953 15.24767425017186 14.98203024244567 14.587859205307812 14.096322670952501 13.517880922606484 12.914989338137966 12.3416371102675 11.880690252959708 11.618071353969583 11.605802342560262 11.887696200851602 12.48453382208872 13.387208859823584 14.595344900526522 16.06793883001168 17.751693155573683 19.61587685233951 21.596823215171312 23.64133028543207 25.686786163708152 27.721674103072502 29.71499217368016 31.644789790434718 33.543365187126426 35.378214144543705 37.20289011283683 39.04837135111902 40.90441538810956 42.79242597098782 44.701277832569026 46.58916936719806 48.40266854315871 50.131395363576964 51.69088895092205 53.048944913340556 54.184732074766416 55.076708998869144 55.735602800110065 56.20389569615054 56.48130175982588 56.64217083731549 56.728631399178106 56.825521337300955 56.93294095557492 57.093080269112924 57.32728947586841 57.62485493124327 57.975334511486366 58.34685407715852 58.71834093919243 59.06853500790454 59.376346585023754 59.684062477585755 60.034117352695084 60.553530937407366 61.496536359204406 63.021965970581306 65.00272744921895 67.21648178979764 69.3243017074698 71.14618534219818 72.78801645344286 74.40863251464275 76.16692638678704 78.08404936982434 80.08589928314358 81.84415354303982 83.06226230045993 83.71906579256773 83.85690117139829 83.7935086964259 83.69832148872656 83.56076607241637 83.2537402756716 82.68194099972949 81.79240337183845 80.59572796698863 79.16604182152066 77.71516554761331 76.43373708657569 75.52297669588587 75.07820864954141 75.16297384122086 75.72432405558149 76.75166545641964 78.19204837823634 80.00310678908417 80.71271883228728 81.57059903711823 82.555568852496 83.68880760343642 84.97031780002497 84.9703338251597 84.97034915201152 84.97036227885314 84.97037483370192 84.97038553363716 84.9703957752921 84.97040502381131 84.97041294656128 84.9704205299779 84.97042737802836 84.97043324441492 84.97043883339065 84.97044390655327 84.97044825248095 84.9704523928974 84.97045615118985 84.97045935483953 84.97046243802984 84.97046522224201 84.97046760733882 84.97046989028105 84.9704718459647 84.97047372659955 84.97047541615457 84.97047686351274 84.97047825532894 84.97047944736406 84.97048058745673 84.97048156390069
50.0 50.0 50.0 50.0 50.0 50.0 50.0 50.0 50.0 50.0 50.0 50.0 50.0 50.0 50.0 50.0 50.0 50.0 50.0 50.0 50.0 50.0 50.0 50.0 50.0 50.0 50.0 50.0 50.0 50.0 50.0 50.0 50.0 50.0 50.0 50.0 50.0 50.0 50.0 50.0 50.0 50.0 50.0 50.0 50.0 50.0 50.0 50.0 50.0 50.0 50.0 50.0 50.0 50.0 50.0 50.0 50.0 50.0 50.0 50.0 50.0 50.0 50.0 50.0 50.0 50.0 50.0 50.0 50.0 50.0 50.0 50.0 50.0 50.0 50.0 50.0 50.0 50.0 50.0 50.0 50.0 50.0 50.0 50.0 50.0 50.0 50.0 50.0 50.0 50.0 50.0 50.0 50.0 50.0 50.0 50.0 50.0 50.0 50.0 50.0 50.0 50.0 50.0 50.0 50.0 50.0 50.0 50.0 50.0 50.0 50.0 50.0 50.0 50.0 50.0 50.0 50.0 50.0 50.0 50.0 50.0 50.0 50.0 50.0 50.0 50.0 50.0 50.0 50.0 50.0 50.0 50.0 50.0 50.0 50.0 50.0 50.0 50.0 50.0 50.0 50.0 50.0 50.0 50.0 50.0 50.0 50.0 50.0 50.0 50.0 50.0
50.0 50.0 50.0 50.0 50.0 50.0 50.0 50.0 50.0 50.0 50.0 50.0 50.0 50.0 50.0 50.0 50.0 50.0 50.0 50.0 50.0 50.0 50.0 50.0 50.0 50.0 50.0 50.0 50.0 50.0 50.0 50.0 50.0 50.0 50.0 50.0 50.0 50.0 50.0 50.0 50.0 50.0 50.0 50.0 50.0 50.0 50.0 50.0 50.0 50.0 50.0 50.0 50.0 50.0 50.0 50.0 50.0 50.0 50.0 50.0 50.0 50.0 50.0 50.0 50.0 50.0 50.0 50.0 50.0 50.0 50.0 50.0 50.0 50.0 50.0 50.0 50.0 50.0 50.0 50.0 50.0 50.0 50.0 50.0 50.0 50.0 50.0 50.0 50.0 50.0 50.0 50.0 50.0 50.0 50.0 50.0 50.0 50.0 50.0 50.0 50.0 50.0 50.0 50.0 50.0 50.0 50.0 50.0 50.0 50.0 50.0 50.0 50.0 50.0 50.0 50.0 50.0 50.0 50.0 50.0 50.0 50.0 50.0 50.0 50.0 50.0 50.0 50.0 50.0 50.0 50.0 50.0 50.0 50.0 50.0 50.0 50.0 50.0 50.0 50.0 50.0 50.0 50.0 50.0 50.0 50.0 50.0 50.0 50.0 50.0 50.0
50.0 50.0 50.0 50.0 50.0 50.0 50.0 50.0 50.0 50.0 50.0 50.0 50.0 50.0 50.0 50.0 50.0 50.0 50.0 50.0 50.0 50.0 50.0 50.0 50.0 50.0 50.0 50.0 50.0 50.0 50.0 50.0 50.0 50.0 50.0 50.0 50.0 50.0 50.0 50.0 50.0 50.0 50.0 50.0 50.0 50.0 50.0 50.0 50.0 50.0 50.0 50.0 50.0 50.0 50.0 50.0 50.0 50.0 50.0 50.0 50.0 50.0 50.0 50.0 50.0 50.0 50.0 50.0 50.0 50.0 50.0 50.0 50.0 50.0 50.0 50.0 50.0 50.0 50.0 50.0 50.0 50.0 50.0 50.0 50.0 50.0 50.0 50.0 50.0 50.0 50.0 50.0 50.0 50.0 50.0 50.0 50.0 50.0 50.0 50.0 50.0 50.0 50.0 50.0 50.0 50.0 50.0 50.0 50.0 50.0 50.0 50.0 50.0 50.0 50.0 50.0 50.0 50.0 50.0 50.0 50.0 50.0 50.0 50.0 50.0 50.0 50.0 50.0 50.0 50.0 50.0 50.0 50.0 50.0 50.0 50.0 50.0 50.0 50.0 50.0 50.0 50.0 50.0 50.0 50.0 50.0 50.0 50.0 50.0 50.0 50.0
50.0 50.0 50.0 50.0 50.0 50.0 50.0 50.0 50.0 50.0 50.0 50.0 50.0 50.0 50.0 50.0 50.0 50.0 50.0 50.0 50.0 50.0 50.0 50.0 50.0 50.0 50.0 50.0 50.0 50.0 50.0 50.0 50.0 50.0 50.0 50.0 50.0 50.0 50.0 50.0 50.0 50.0 50.0 50.0 50.0 50.0 50.0 50.0 50.0 50.0 50.0 50.0 50.0 50.0 50.0 50.0 50.0 50.0 50.0 50.0 50.0 50.0 50.0 50.0 50.0 50.0 50.0 50.0 50.0 50.0 50.0 50.0 50.0 50.0 50.0 50.0 50.0 50.0 50.0 50.0 50.0 50.0 50.0 50.0 50.0 50.0 50.0 50.0 50.0 50.0 50.0 50.0 50.0 50.0 50.0 50.0 50.0 50.0 50.0 50.0 50.0 50.0 50.0 50.0 50.0 50.0 50.0 50.0 50.0 50.0 50.0 50.0 50.0 50.0 50.0 50.0 50.0 50.0 50.0 50.0 50.0 50.0 50.0 50.0 50.0 50.0 50.0 50.0 50.0 50.0 50.0 50.0 50.0 50.0 50.0 50.0 50.0 50.0 50.0 50.0 50.0 50.0 50.0 50.0 50.0 50.0 50.0 50.0 50.0 50.0 50.0
50.0 50.0 50.0 50.0 50.0 50.0 50.0 50.0 50.0 50.0 50.0 50.0 50.0 50.0 50.0 50.0 50.0 50.0 50.0 50.0 50.0 50.0 50.0 50.0 50.0 50.0 50.0 50.0 50.0 50.0 50.0 50.0 50.0 50.0 50.0 50.0 50.0 50.0 50.0 50.0 50.0 50.0 50.0 50.0 50.0 50.0 50.0 50.0 50.0 50.0 50.0 50.0 50.0 50.0 50.0 50.0 50.0 50.0 50.0 50.0 50.0 50.0 50.0 50.0 50.0 50.0 50.0 50.0 50.0 50.0 50.0 50.0 50.0 50.0 50.0 50.0 50.0 50.0 50.0 50.0 50.0 50.0 50.0 50.0 50.0 50.0 50.0 50.0 50.0 50.0 50.0 50.0 50.0 50.0 50.0 50.0 50.0 50.0 50.0 50.0 50.0 50.0 50.0 50.0 50.0 50.0 50.0 50.0 50.0 50.0 50.0 50.0 50.0 50.0 50.0 50.0 50.0 50.0 50.0 50.0 50.0 50.0 50.0 50.0 50.0 50.0 50.0 50.0 50.0 50.0 50.0 50.0 50.0 50.0 50.0 50.0 50.0 50.0 50.0 50.0 50.0 50.0 50.0 50.0 50.0 50.0 50.0 50.0 50.0 50.0 50.0