4 151 8
300.0440999999999 302.0443999999999 304.0446999999999 306.0449999999999 308.0452999999999 310.0455999999999 312.0458999999999 314.0461999999999 316.04649999999987 318.0467999999999 320.0470999999999 322.04739999999987 324.0476999999999 326.0479999999999 328.04829999999987 330.0485999999999 332.0488999999999 334.04919999999987 336.0494999999999 338.0497999999999 340.0500999999999 342.05039999999985 344.0506999999999 346.0509999999999 348.05129999999986 350.0515999999999 352.0518999999999 354.05219999999986 356.0524999999999 358.0527999999999 360.05309999999986 362.0533999999999 364.0536999999999 366.05399999999986 368.0542999999999 369.99 372.04 373.98 376.04 377.98 380.03 381.97 384.02 385.96 388.01 389.95 392.0 394.05 395.99 398.05 399.99 402.04 403.99 406.05 407.99 410.06 412.01 413.96 416.02 417.97 420.04 422.0 423.95 426.02 427.98 430.05 432.01 433.96 436.03 437.99 440.06 442.01 443.96 446.03 447.98 450.04 451.98 454.04 455.99 458.04 459.98 462.03 463.97 466.02 467.95 470.0 472.05 473.98 476.02 477.96 480.0 482.05 483.98 486.03 487.96 490.01 492.06 493.99 496.05 497.98 500.04 501.98 504.04 505.98 508.04 509.99 512.05 514.0 515.95 518.01 519.96 522.03 523.98 526.04 527.99 530.05 532.0 534.06 536.0 538.06 540.0 542.05 543.99 546.04 547.98 550.03 551.96 554.0 556.04 557.97 560.01 562.05 563.98 566.01 568.05 569.98 572.01 574.05 575.97 578.01 580.05 581.98 584.02 585.95 588.0 590.04 591.97 594.02 595.96 598.01 599.95
0.0 39.77 47.82 50.0 60.0 70.0 80.0 90.0
72.46147419436677 74.2077473461482 75.9799118422638 77.74500661721265 79.35977045391014 80.68668876628246 81.69108901451196 82.52098686363324 83.4150365891738 84.54538450666735 85.83837243463111 87.04084302097662 87.85050297712614 88.15890633483295 88.1473309934306 88.1376340386017 88.4236158550295 89.07531433581633 89.8627485661887 90.3837520941521 90.30557814756487 89.62384957590237 88.71009828355366 88.041408965439 87.94245067555818 88.49188929740345 89.29832418021199 89.70466515461735 89.23798032757041 87.92478780811071 86.26639769937806 84.8995010243101 84.41426317775668 84.97836283312701 86.1916353737826 86.73453298540598 85.37446373030457 82.31022499618734 78.51474884370603 75.00839952649392 72.32017035029203 70.09008581674553 66.65100030742519 61.12942395128902 53.80282250862583 45.372197449733626 37.11794839186949 30.247157685897893 24.761798477265398 20.173526632316925 15.878754080940508 11.417845792767718 6.903340858517792 3.606020769047923 1.8955301652753407 1.137503718562927 0.7686904717316496 0.5842784595891521 0.5023350295639207 0.4716285187540968 0.49218290063187553 0.5742621262091283 0.7076271720654629 0.8512662984456055 0.9538885568174389 1.0052333266240487 1.0258010942694389 1.0361072264820845 1.0361534313333063 1.0259336527784395 1.005451636164193 0.9541827201695006 0.8618667403946736 0.7387629050944019 0.6361716074606525 0.6259245613882283 0.6361975599505547 0.6259475971321636 0.6054340741744566 0.57465773236275 0.5541412138118158 0.5233618886210197 0.49258097181642346 0.4515370083999415 0.40022934702534785 0.32839596337076177 0.2155114223976427 0.12315014953115444 0.08210058804379895 0.061575756347521896 0.051313380440123985 0.041050885909673575 0.041051040644286954 0.030788392081572625 0.030788487192466348 0.030788578654056552 0.030788661205755987 0.030788731561201824 0.0307887995304035 0.030788857161872966 0.030788912838611866 0.030788960280131807 0.030789005864680575 0.030789044706735793 0.0307890820284024 0.04105215198106841 0.04105219270273847 0.04105222757144185 0.05131532400121945 0.06157843414331395 0.08210463062415502 0.10263085040563663 0.14368326466373899 0.21552500321409443 0.28736679222080813 0.35920863514437845 0.4105242962177539 0.4515768748726431 0.48236634289775404 0.513155822590753 0.5336821783679934 0.5336822958874902 0.5644717655693483 0.564471867388121 0.543945701697618 0.4926301422508561 0.44131455800579916 0.4413146111983485 0.44131465923280355 0.4413147003815507 0.44131473976788665 0.4413147753349179 0.44131480580343674 0.4413148348311543 0.4413148611798699 0.4413148837515123 0.4413149052557816 0.44131492477539613 0.4413149414143373 0.4413149574276431 0.4413149718881325 0.44131498427571836 0.4413149961327393 0.44131500629006243 0.44131501605760126 0.44131502483272006 0.4413150323499301 0.4413150395786692 0.4413150457697962 0.4413150516911474 0.44131505676254884
32.500409679259896 31.46956487344146 29.803343310342076 27.726938033537603 25.415971523415035 22.960619826060615 20.362886918720896 17.562824802067023 14.629676580814898 11.78060298297825 9.37070295037208 7.732061398958919 6.870226786763828 6.606100546967356 6.6542615962556155 6.841383825320263 7.016491487503293 7.140582400345006 7.212858806652579 7.222853529097849 7.179792294959124 7.0634606686984025 6.883300929283757 6.669027521050191 6.501010519093934 6.470688422708365 6.60984195076618 6.909847535854105 7.250194956994461 7.539640145574463 7.7167540605315414 7.791139143449909 7.772574028113901 7.660754042723715 7.424717397744298 7.074176394906216 6.589116045435013 6.040437446182346 5.500833667961651 5.10368182425556 4.91171831264603 4.945665018495143 5.165091660977103 5.487468493434349 5.841003312719 6.1738016004884395 6.434461429374821 6.612413997494735 6.697128644814971 6.688770561918612 6.576707958018061 6.371428805751184 6.093425876433511 5.763516915313084 5.433317596529774 5.154730990408437 4.989810922644664 4.959379585926837 5.1049456181150905 5.436862464188117 5.965606237062089 6.680803203135484 7.592874148786305 8.70188722114889 9.956000154160511 11.344927857274396 12.816801974517986 14.350925802958185 15.926611263704864 17.51268746003525 19.11957774420461 20.74719976960425 22.426675987880262 24.220221640450664 26.138128693418572 28.263381019250193 30.61664631615081 33.22909216465988 36.04883568741846 39.03447657198431 42.082307172740215 45.05763315008 47.85673712640009 50.33454759617703 52.418440198751135 54.05662923618257 55.19724824794439 55.8713646822298 56.11011057154446 56.006739303641126 55.64420548149529 55.167617608610875 54.680623787492216 54.28691274951707 54.07975915903758 54.05918761982967 54.2770211532285 54.691791058241236 55.34498049241192 56.26767492690284 57.646482333543695 59.605787477753076 62.062674430890524 64.74761208105602 67.32889052654079 69.5058782988352 71.26821585541366 72.80248801147505 74.22272757826244 75.64296675081718 77.05283354206158 78.31757161216852 79.22984890980449 79.76893730606444 80.0488620947467 80.26658756431524 80.60870469326805 81.04411796237736 81.41732942876246 81.62467852620152 81.57286553280031 81.22042727000562 81.21007622639274 80.87836724617614 80.21493238076937 79.31307034459864 78.26607718044961 78.26608661402051 78.26609513281578 78.26610243044728 78.26610941551938 78.26611572324697 78.26612112676563 78.26612627476163 78.26613094764306 78.26613495066965 78.26613876440017 78.26614222615694 78.26614517703321 78.26614801695453 78.26615058148762 78.26615277839622 78.26615488121041 78.26615668258728 78.26615841483684 78.26615997108308 78.26616130424223 78.26616258624175 78.26616368422326 78.26616473436069 78.26616563376155
16.439410103576183 14.779616399333916 13.4694296696333 12.648224274322367 12.33295351128733 12.387257527658754 12.605717360495191 12.87283993838162 13.11908133236299 13.307476801979186 13.418002784566717 13.467841310010536 13.456262610542728 13.4116576609293 13.431613662271808 13.577705580626878 13.962173373699477 14.570569709058988 15.317243273034205 16.07374159240493 16.759122816006105 17.291025281534885 17.66739877049409 17.88656739039763 17.926679485712835 17.78647145435918 17.485570412806048 17.054378083844096 16.57554462832895 16.153271288092412 15.871726402293492 15.72175496234389 15.652209447755162 15.611494492515222 15.526730099959767 15.355534768621458 15.078397760887569 14.672442556217025 14.17068558454337 13.582152741474511 12.971264969601792 12.389794526642852 11.923147466026984 11.655199610095549 11.639766711504523 11.918843295186134 12.514486254370446 13.416208360939754 14.62404754145753 16.096489355876326 17.780326797054503 19.644441838858967 21.62499663033715 23.669585456658076 25.714230962202713 27.74882991929615 29.74106723709282 31.66998181329197 33.56745799899736 35.40129600657419 37.22477806809057 39.06922874100174 40.924235987112546 42.81114779002451 44.7190327731173 46.60585569939374 48.418386884648754 50.14616343098222 51.70461981164046 53.061721540814865 54.19649953574168 55.08754557109438 55.74555055727399 56.21294095836846 56.48953695024433 56.64961187585814 56.735386387651864 56.83171147454746 56.93848173736504 57.09815948496404 57.33184806970154 57.62904906647035 57.97910611511391 58.35032397483682 58.72146363202586 59.07141033436235 59.37895533474196 59.68644051870283 60.036274659896456 60.55550827426097 61.49834746682714 63.02364119226516 65.00429638128055 67.21794796675991 69.32567301978435 71.14745720499322 72.78919090337898 74.40972267283328 76.16793436814007 78.08498766566301 80.08676854933931 81.8449485593925 83.06300232014722 83.71973246141508 83.85751362057874 83.79405612818668 83.69882235520514 83.5612133741536 83.25414504903083 82.68230364900876 81.79272879292198 80.596017466922 79.1662997693569 77.7153971915884 76.43394088574316 75.52316090819494 75.07837225679344 75.16312367835494 75.72445898667817 76.75179056754821 78.19216230526084 80.0032133443087 80.71281491730551 81.57068791833387 82.55564925385272 83.68888220564783 84.97038553363716 84.9703957752921 84.97040502381131 84.97041294656128 84.9704205299779 84.97042737802836 84.97043324441492 84.97043883339065 84.97044390655327 84.97044825248095 84.9704523928974 84.97045615118985 84.97045935483953 84.97046243802984 84.97046522224201 84.97046760733882 84.97046989028105 84.9704718459647 84.97047372659955 84.97047541615457 84.97047686351274 84.97047825532894 84.97047944736406 84.97048058745673 84.97048156390069
50.0 50.0 50.0 50.0 50.0 50.0 50.0 50.0 50.0 50.0 50.0 50.0 50.0 50.0 50.0 50.0 50.0 50.0 50.0 50.0 50.0 50.0 50.0 50.0 50.0 50.0 50.0 50.0 50.0 50.0 50.0 50.0 50.0 50.0 50.0 50.0 50.0 50.0 50.0 50.0 50.0 50.0 50.0 50.0 50.0 50.0 50.0 50.0 50.0 50.0 50.0 50.0 50.0 50.0 50.0 50.0 50.0 50.0 50.0 50.0 50.0 50.0 50.0 50.0 50.0 50.0 50.0 50.0 50.0 50.0 50.0 50.0 50.0 50.0 50.0 50.0 50.0 50.0 50.0 50.0 50.0 50.0 50.0 50.0 50.0 50.0 50.0 50.0 50.0 50.0 50.0 50.0 50.0 50.0 50.0 50.0 50.0 50.0 50.0 50.0 50.0 50.0 50.0 50.0 50.0 50.0 50.0 50.0 50.0 50.0 50.0 50.0 50.0 50.0 50.0 50.0 50.0 50.0 50.0 50.0 50.0 50.0 50.0 50.0 50.0 50.0 50.0 50.0 50.0 50.0 50.0 50.0 50.0 50.0 50.0 50.0 50.0 50.0 50.0 50.0 50.0 50.0 50.0 50.0 50.0 50.0 50.0 50.0 50.0 50.0 50.0
50.0 50.0 50.0 50.0 50.0 50.0 50.0 50.0 50.0 50.0 50.0 50.0 50.0 50.0 50.0 50.0 50.0 50.0 50.0 50.0 50.0 50.0 50.0 50.0 50.0 50.0 50.0 50.0 50.0 50.0 50.0 50.0 50.0 50.0 50.0 50.0 50.0 50.0 50.0 50.0 50.0 50.0 50.0 50.0 50.0 50.0 50.0 50.0 50.0 50.0 50.0 50.0 50.0 50.0 50.0 50.0 50.0 50.0 50.0 50.0 50.0 50.0 50.0 50.0 50.0 50.0 50.0 50.0 50.0 50.0 50.0 50.0 50.0 50.0 50.0 50.0 50.0 50.0 50.0 50.0 50.0 50.0 50.0 50.0 50.0 50.0 50.0 50.0 50.0 50.0 50.0 50.0 50.0 50.0 50.0 50.0 50.0 50.0 50.0 50.0 50.0 50.0 50.0 50.0 50.0 50.0 50.0 50.0 50.0 50.0 50.0 50.0 50.0 50.0 50.0 50.0 50.0 50.0 50.0 50.0 50.0 50.0 50.0 50.0 50.0 50.0 50.0 50.0 50.0 50.0 50.0 50.0 50.0 50.0 50.0 50.0 50.0 50.0 50.0 50.0 50.0 50.0 50.0 50.0 50.0 50.0 50.0 50.0 50.0 50.0 50.0
50.0 50.0 50.0 50.0 50.0 50.0 50.0 50.0 50.0 50.0 50.0 50.0 50.0 50.0 50.0 50.0 50.0 50.0 50.0 50.0 50.0 50.0 50.0 50.0 50.0 50.0 50.0 50.0 50.0 50.0 50.0 50.0 50.0 50.0 50.0 50.0 50.0 50.0 50.0 50.0 50.0 50.0 50.0 50.0 50.0 50.0 50.0 50.0 50.0 50.0 50.0 50.0 50.0 50.0 50.0 50.0 50.0 50.0 50.0 50.0 50.0 50.0 50.0 50.0 50.0 50.0 50.0 50.0 50.0 50.0 50.0 50.0 50.0 50.0 50.0 50.0 50.0 50.0 50.0 50.0 50.0 50.0 50.0 50.0 50.0 50.0 50.0 50.0 50.0 50.0 50.0 50.0 50.0 50.0 50.0 50.0 50.0 50.0 50.0 50.0 50.0 50.0 50.0 50.0 50.0 50.0 50.0 50.0 50.0 50.0 50.0 50.0 50.0 50.0 50.0 50.0 50.0 50.0 50.0 50.0 50.0 50.0 50.0 50.0 50.0 50.0 50.0 50.0 50.0 50.0 50.0 50.0 50.0 50.0 50.0 50.0 50.0 50.0 50.0 50.0 50.0 50.0 50.0 50.0 50.0 50.0 50.0 50.0 50.0 50.0 50.0
50.0 50.0 50.0 50.0 50.0 50.0 50.0 50.0 50.0 50.0 50.0 50.0 50.0 50.0 50.0 50.0 50.0 50.0 50.0 50.0 50.0 50.0 50.0 50.0 50.0 50.0 50.0 50.0 50.0 50.0 50.0 50.0 50.0 50.0 50.0 50.0 50.0 50.0 50.0 50.0 50.0 50.0 50.0 50.0 50.0 50.0 50.0 50.0 50.0 50.0 50.0 50.0 50.0 50.0 50.0 50.0 50.0 50.0 50.0 50.0 50.0 50.0 50.0 50.0 50.0 50.0 50.0 50.0 50.0 50.0 50.0 50.0 50.0 50.0 50.0 50.0 50.0 50.0 50.0 50.0 50.0 50.0 50.0 50.0 50.0 50.0 50.0 50.0 50.0 50.0 50.0 50.0 50.0 50.0 50.0 50.0 50.0 50.0 50.0 50.0 50.0 50.0 50.0 50.0 50.0 50.0 50.0 50.0 50.0 50.0 50.0 50.0 50.0 50.0 50.0 50.0 50.0 50.0 50.0 50.0 50.0 50.0 50.0 50.0 50.0 50.0 50.0 50.0 50.0 50.0 50.0 50.0 50.0 50.0 50.0 50.0 50.0 50.0 50.0 50.0 50.0 50.0 50.0 50.0 50.0 50.0 50.0 50.0 50.0 50.0 50.0
50.0 50.0 50.0 50.0 50.0 50.0 50.0 50.0 50.0 50.0 50.0 50.0 50.0 50.0 50.0 50.0 50.0 50.0 50.0 50.0 50.0 50.0 50.0 50.0 50.0 50.0 50.0 50.0 50.0 50.0 50.0 50.0 50.0 50.0 50.0 50.0 50.0 50.0 50.0 50.0 50.0 50.0 50.0 50.0 50.0 50.0 50.0 50.0 50.0 50.0 50.0 50.0 50.0 50.0 50.0 50.0 50.0 50.0 50.0 50.0 50.0 50.0 50.0 50.0 50.0 50.0 50.0 50.0 50.0 50.0 50.0 50.0 50.0 50.0 50.0 50.0 50.0 50.0 50.0 50.0 50.0 50.0 50.0 50.0 50.0 50.0 50.0 50.0 50.0 50.0 50.0 50.0 50.0 50.0 50.0 50.0 50.0 50.0 50.0 50.0 50.0 50.0 50.0 50.0 50.0 50.0 50.0 50.0 50.0 50.0 50.0 50.0 50.0 50.0 50.0 50.0 50.0 50.0 50.0 50.0 50.0 50.0 50.0 50.0 50.0 50.0 50.0 50.0 50.0 50.0 50.0 50.0 50.0 50.0 50.0 50.0 50.0 50.0 50.0 50.0 50.0 50.0 50.0 50.0 50.0 50.0 50.0 50.0 50.0 50.0 50.0