4 151 8
300.0440999999999 302.0443999999999 304.0446999999999 306.0449999999999 308.0452999999999 310.0455999999999 312.0458999999999 314.0461999999999 316.04649999999987 318.0467999999999 320.0470999999999 322.04739999999987 324.0476999999999 326.0479999999999 328.04829999999987 330.0485999999999 332.0488999999999 334.04919999999987 336.0494999999999 338.0497999999999 340.0500999999999 342.05039999999985 344.0506999999999 346.0509999999999 348.05129999999986 350.0515999999999 352.0518999999999 354.05219999999986 356.0524999999999 358.0527999999999 360.05309999999986 362.0533999999999 364.0536999999999 366.05399999999986 368.0542999999999 369.99 372.04 373.98 376.04 377.98 380.03 381.97 384.02 385.96 388.01 389.95 392.0 394.05 395.99 398.05 399.99 402.04 403.99 406.05 407.99 410.06 412.01 413.96 416.02 417.97 420.04 422.0 423.95 426.02 427.98 430.05 432.01 433.96 436.03 437.99 440.06 442.01 443.96 446.03 447.98 450.04 451.98 454.04 455.99 458.04 459.98 462.03 463.97 466.02 467.95 470.0 472.05 473.98 476.02 477.96 480.0 482.05 483.98 486.03 487.96 490.01 492.06 493.99 496.05 497.98 500.04 501.98 504.04 505.98 508.04 509.99 512.05 514.0 515.95 518.01 519.96 522.03 523.98 526.04 527.99 530.05 532.0 534.06 536.0 538.06 540.0 542.05 543.99 546.04 547.98 550.03 551.96 554.0 556.04 557.97 560.01 562.05 563.98 566.01 568.05 569.98 572.01 574.05 575.97 578.01 580.05 581.98 584.02 585.95 588.0 590.04 591.97 594.02 595.96 598.01 599.95
0.0 39.77 47.82 50.0 60.0 70.0 80.0 90.0
71.68070406214402 73.80712412542563 75.79051447165575 77.57555719957266 79.1868015717584 80.73705498898302 82.3146851138594 83.85785115744763 85.22993915966067 86.36721385486214 87.27609509523433 88.09261321614446 88.97797629536824 89.89428114468362 90.6790021483775 91.18275087493701 91.37616581171892 91.43180413306015 91.61413841118495 92.1058106647296 92.81841201329941 93.4739919357658 93.7496602872108 93.53533543000148 93.0278962081859 92.56678039430031 92.45543655892615 92.75959178170066 93.23356095197956 93.45781221251127 93.0898994218315 92.12842749992028 90.95667193147116 90.0616729072726 89.77070222320565 90.15519274153024 90.82087084283054 91.08740579091237 90.48588130062271 89.03618251549054 87.25519284298696 85.77900329399115 85.20712872379563 85.6996534913494 86.85487925291079 87.34071349582649 85.91322379848141 82.78330982481287 78.92055853518512 75.36158122463192 72.62661602204511 70.36055465659818 66.88251603282075 61.32284182818428 53.95601000183753 45.489900961268766 37.204618831811835 30.31072640359865 24.809199419279356 20.20825674922445 15.903659976667477 11.433969120056751 6.912184260465537 3.6101896030464236 1.8975202474325397 1.1385806046456064 0.7693508207020792 0.5847337812819684 0.5026882983696238 0.4719294802780822 0.4924661075089925 0.5745616379515271 0.7079619653241961 0.8516294600393799 0.9542574111909788 1.0055837215745307 1.026125096694443 1.036405037874566 1.0364210422308495 1.0261745220763392 1.005663684325147 0.9543657968971536 0.8620167006787411 0.738878741018086 0.6362620388608093 0.6260048051755145 0.6362718185073261 0.6260132601167017 0.6054918368230172 0.5747070592435378 0.554184508753339 0.5233987953483381 0.4926124877314434 0.45156308386306515 0.4002503335020625 0.32841150564326993 0.2155206284402919 0.1231549262448073 0.08210346541440934 0.06157771432374593 0.05131485473101978 0.04105194704017575 0.041052007819574104 0.030789044706735793 0.0307890820284024 0.030789113985801305 0.03078914452705385 0.030789170678581383 0.03078919440073167 0.030789217071656976 0.030789236484058128 0.03078925512169099 0.030789270999372637 0.03078928617344206 0.030789299166515155 0.04105241544507182 0.04105242962177539 0.04105244317024028 0.05131556839337809 0.061578698710890355 0.08210495051815282 0.10263121074759426 0.143683722144925 0.21552562209364615 0.2873675405194963 0.3592094787245826 0.41052517023795276 0.4515777416913334 0.48236718567306436 0.5131566283506404 0.5336829411146536 0.5336829841259473 0.5644724260276518 0.5644724631561278 0.543946224244956 0.4926305679086649 0.4413149052557816 0.44131492477539613 0.4413149414143373 0.4413149574276431 0.4413149718881325 0.44131498427571836 0.4413149961327393 0.44131500629006243 0.44131501605760126 0.44131502483272006 0.4413150323499301 0.4413150395786692 0.4413150457697962 0.4413150516911474 0.44131505676254884
43.74588507691328 42.208437159630684 40.80324001220676 39.691413351948306 39.10981411835485 39.112754526446686 39.43152255023496 39.895583050127286 40.240509427277956 40.104564213109725 39.14506125272391 37.35777335410976 34.901872222432 32.05984887415541 29.04109882365844 25.947433331886934 22.77705627305058 19.459301425702108 16.067669211567534 12.834077155104477 10.1326917395159 8.303534522051352 7.331562205431036 7.00897794940957 7.022696548403941 7.185181234547081 7.336419997262615 7.435926704030405 7.4834180115551225 7.468511464955836 7.401161216367323 7.260852186042324 7.0576197811126224 6.822060008673855 6.636161205156283 6.592312205687966 6.7225405136447565 7.01635846214718 7.351581444098283 7.63494337418876 7.8052043626534395 7.871850154438102 7.845578351304542 7.725778010493096 7.481850533076458 7.1236172313328145 6.630697010688017 6.075155360198288 5.529265162000014 5.127712826447653 4.932530968513546 4.964749718767156 5.183032876219336 5.5048312368879015 5.857633827877813 6.189817534667158 6.449485902090509 6.626310929004543 6.7099488043378885 6.700285741580403 6.587023553422724 6.380426004854973 6.101231751207549 5.770179978785632 5.439021936456054 5.159611025500137 4.99409745490515 4.963244375174709 5.108535688358164 5.440331903265388 5.96903890550778 6.6842876380593115 7.5964664968189615 8.70559956267803 9.959849989839512 11.348882367465698 12.820850200771343 14.355050732393615 15.930724684175436 17.516799098952063 19.123610032932433 20.751180484577908 22.43057811165904 24.224019302361146 26.141844212230644 28.267004396370062 30.62021996702868 33.232577953845784 36.05227499867571 39.037827173331934 42.08559505493124 45.060810549536164 47.85979905722304 50.337454327220726 52.421188818718235 54.05918761982967 55.199606119354804 55.87353180514031 56.11207705664464 56.00852019713634 55.64580420184545 55.16904364462641 54.681912079997915 54.28806347558283 54.080803984136 54.06012756576071 54.27787319548304 54.69257108764664 55.34569029893061 56.268332674172356 57.64708829912612 59.60635827531026 62.06320887387144 64.74811987182305 67.32936535941204 69.50632437281851 71.26862715614942 72.80287035684015 74.22308106823773 75.64329174570643 77.05313375337458 78.31784658900989 79.23010117415366 79.76916636238471 80.04907054074712 80.26677606564205 80.60887631194386 81.04427352959105 81.41747167856094 81.62480669368766 81.57298211797642 81.22053201213775 81.21017124597113 80.8784526087007 80.21500944011417 79.3131388751753 78.26613876440017 78.26614222615694 78.26614517703321 78.26614801695453 78.26615058148762 78.26615277839622 78.26615488121041 78.26615668258728 78.26615841483684 78.26615997108308 78.26616130424223 78.26616258624175 78.26616368422326 78.26616473436069 78.26616563376155
34.118361025518155 34.60767627019932 34.52050324641811 33.80631372860356 32.53655826409918 30.890182058483298 28.984334742173562 26.901279286680587 24.638052952670623 22.237494129623116 19.800418573609576 17.54500139825479 15.773677078552568 14.624772424229437 14.092025613851332 13.998643821410553 14.100217460727578 14.262880566701476 14.408593248362683 14.497490855360844 14.5091021128337 14.463243304074023 14.359850037538685 14.229576456210108 14.17529887292216 14.260020755604726 14.598801712578632 15.173228501262503 15.891803412410379 16.620428876758325 17.27584374456716 17.77423059361079 18.114823734201973 18.29700592797467 18.299360474952582 18.12078796024224 17.783701392534994 17.317260527723956 16.807336497605185 16.357453301651965 16.053649913716413 15.884621869757066 15.799223674064024 15.74400381327554 15.646208152058618 15.462853336940595 15.173550787339547 14.756773633826732 14.24392789417055 13.646105149469957 13.02622872297576 12.437605187916624 11.964563140538443 11.692077496678799 11.672907476263072 11.94976288445299 12.543707590039858 13.444404437105574 14.652042019732539 16.124200572032 17.808215317963736 19.672182077335382 21.652698947409434 23.696949295887485 25.741227858987283 27.77510001253899 29.766616510632332 31.694661877213594 33.59106442717756 35.42388672696859 37.246197571154376 39.08960565990399 40.943598101610355 42.82941159853088 44.736324951224425 46.62210113820625 48.433679980798736 50.16057709240382 51.717973740987695 53.07417940256671 54.20792949183638 55.09811508505058 55.75524999015063 56.22175498773297 56.49756690295004 56.65687437949777 56.74200868263731 56.83767321928284 56.943914067077664 57.10306061819083 57.33632739545413 57.63311298408789 57.982815687114865 58.35369360278039 58.72454275812775 59.074206056780596 59.38149183693379 59.68875561971084 60.038378744853446 60.5574338087971 61.500114383233715 63.025270299811694 65.00582790272391 67.21937279349797 69.32701239710892 71.1486942706216 72.79033355021194 74.41078392481663 76.16891123173002 78.08590044884613 80.08761040166722 81.84573232383354 83.06371760415603 83.72038904326877 83.85810502055068 83.79459390066448 83.69930539504 83.56165222237853 83.25454155164716 82.68265888793279 81.79304747169571 80.59630044349869 79.16655183136841 77.71562035117294 76.43413991854459 75.52333826986519 75.07853210120327 75.16326795678027 75.7245912900724 76.75191108360085 78.19227405868465 80.00331651671773 80.71290935506494 81.57077401156359 82.55572856183258 83.68895451715126 84.9704523928974 84.97045615118985 84.97045935483953 84.97046243802984 84.97046522224201 84.97046760733882 84.97046989028105 84.9704718459647 84.97047372659955 84.97047541615457 84.97047686351274 84.97047825532894 84.97047944736406 84.97048058745673 84.97048156390069
50.0 50.0 50.0 50.0 50.0 50.0 50.0 50.0 50.0 50.0 50.0 50.0 50.0 50.0 50.0 50.0 50.0 50.0 50.0 50.0 50.0 50.0 50.0 50.0 50.0 50.0 50.0 50.0 50.0 50.0 50.0 50.0 50.0 50.0 50.0 50.0 50.0 50.0 50.0 50.0 50.0 50.0 50.0 50.0 50.0 50.0 50.0 50.0 50.0 50.0 50.0 50.0 50.0 50.0 50.0 50.0 50.0 50.0 50.0 50.0 50.0 50.0 50.0 50.0 50.0 50.0 50.0 50.0 50.0 50.0 50.0 50.0 50.0 50.0 50.0 50.0 50.0 50.0 50.0 50.0 50.0 50.0 50.0 50.0 50.0 50.0 50.0 50.0 50.0 50.0 50.0 50.0 50.0 50.0 50.0 50.0 50.0 50.0 50.0 50.0 50.0 50.0 50.0 50.0 50.0 50.0 50.0 50.0 50.0 50.0 50.0 50.0 50.0 50.0 50.0 50.0 50.0 50.0 50.0 50.0 50.0 50.0 50.0 50.0 50.0 50.0 50.0 50.0 50.0 50.0 50.0 50.0 50.0 50.0 50.0 50.0 50.0 50.0 50.0 50.0 50.0 50.0 50.0 50.0 50.0 50.0 50.0 50.0 50.0 50.0 50.0
50.0 50.0 50.0 50.0 50.0 50.0 50.0 50.0 50.0 50.0 50.0 50.0 50.0 50.0 50.0 50.0 50.0 50.0 50.0 50.0 50.0 50.0 50.0 50.0 50.0 50.0 50.0 50.0 50.0 50.0 50.0 50.0 50.0 50.0 50.0 50.0 50.0 50.0 50.0 50.0 50.0 50.0 50.0 50.0 50.0 50.0 50.0 50.0 50.0 50.0 50.0 50.0 50.0 50.0 50.0 50.0 50.0 50.0 50.0 50.0 50.0 50.0 50.0 50.0 50.0 50.0 50.0 50.0 50.0 50.0 50.0 50.0 50.0 50.0 50.0 50.0 50.0 50.0 50.0 50.0 50.0 50.0 50.0 50.0 50.0 50.0 50.0 50.0 50.0 50.0 50.0 50.0 50.0 50.0 50.0 50.0 50.0 50.0 50.0 50.0 50.0 50.0 50.0 50.0 50.0 50.0 50.0 50.0 50.0 50.0 50.0 50.0 50.0 50.0 50.0 50.0 50.0 50.0 50.0 50.0 50.0 50.0 50.0 50.0 50.0 50.0 50.0 50.0 50.0 50.0 50.0 50.0 50.0 50.0 50.0 50.0 50.0 50.0 50.0 50.0 50.0 50.0 50.0 50.0 50.0 50.0 50.0 50.0 50.0 50.0 50.0
50.0 50.0 50.0 50.0 50.0 50.0 50.0 50.0 50.0 50.0 50.0 50.0 50.0 50.0 50.0 50.0 50.0 50.0 50.0 50.0 50.0 50.0 50.0 50.0 50.0 50.0 50.0 50.0 50.0 50.0 50.0 50.0 50.0 50.0 50.0 50.0 50.0 50.0 50.0 50.0 50.0 50.0 50.0 50.0 50.0 50.0 50.0 50.0 50.0 50.0 50.0 50.0 50.0 50.0 50.0 50.0 50.0 50.0 50.0 50.0 50.0 50.0 50.0 50.0 50.0 50.0 50.0 50.0 50.0 50.0 50.0 50.0 50.0 50.0 50.0 50.0 50.0 50.0 50.0 50.0 50.0 50.0 50.0 50.0 50.0 50.0 50.0 50.0 50.0 50.0 50.0 50.0 50.0 50.0 50.0 50.0 50.0 50.0 50.0 50.0 50.0 50.0 50.0 50.0 50.0 50.0 50.0 50.0 50.0 50.0 50.0 50.0 50.0 50.0 50.0 50.0 50.0 50.0 50.0 50.0 50.0 50.0 50.0 50.0 50.0 50.0 50.0 50.0 50.0 50.0 50.0 50.0 50.0 50.0 50.0 50.0 50.0 50.0 50.0 50.0 50.0 50.0 50.0 50.0 50.0 50.0 50.0 50.0 50.0 50.0 50.0
50.0 50.0 50.0 50.0 50.0 50.0 50.0 50.0 50.0 50.0 50.0 50.0 50.0 50.0 50.0 50.0 50.0 50.0 50.0 50.0 50.0 50.0 50.0 50.0 50.0 50.0 50.0 50.0 50.0 50.0 50.0 50.0 50.0 50.0 50.0 50.0 50.0 50.0 50.0 50.0 50.0 50.0 50.0 50.0 50.0 50.0 50.0 50.0 50.0 50.0 50.0 50.0 50.0 50.0 50.0 50.0 50.0 50.0 50.0 50.0 50.0 50.0 50.0 50.0 50.0 50.0 50.0 50.0 50.0 50.0 50.0 50.0 50.0 50.0 50.0 50.0 50.0 50.0 50.0 50.0 50.0 50.0 50.0 50.0 50.0 50.0 50.0 50.0 50.0 50.0 50.0 50.0 50.0 50.0 50.0 50.0 50.0 50.0 50.0 50.0 50.0 50.0 50.0 50.0 50.0 50.0 50.0 50.0 50.0 50.0 50.0 50.0 50.0 50.0 50.0 50.0 50.0 50.0 50.0 50.0 50.0 50.0 50.0 50.0 50.0 50.0 50.0 50.0 50.0 50.0 50.0 50.0 50.0 50.0 50.0 50.0 50.0 50.0 50.0 50.0 50.0 50.0 50.0 50.0 50.0 50.0 50.0 50.0 50.0 50.0 50.0
50.0 50.0 50.0 50.0 50.0 50.0 50.0 50.0 50.0 50.0 50.0 50.0 50.0 50.0 50.0 50.0 50.0 50.0 50.0 50.0 50.0 50.0 50.0 50.0 50.0 50.0 50.0 50.0 50.0 50.0 50.0 50.0 50.0 50.0 50.0 50.0 50.0 50.0 50.0 50.0 50.0 50.0 50.0 50.0 50.0 50.0 50.0 50.0 50.0 50.0 50.0 50.0 50.0 50.0 50.0 50.0 50.0 50.0 50.0 50.0 50.0 50.0 50.0 50.0 50.0 50.0 50.0 50.0 50.0 50.0 50.0 50.0 50.0 50.0 50.0 50.0 50.0 50.0 50.0 50.0 50.0 50.0 50.0 50.0 50.0 50.0 50.0 50.0 50.0 50.0 50.0 50.0 50.0 50.0 50.0 50.0 50.0 50.0 50.0 50.0 50.0 50.0 50.0 50.0 50.0 50.0 50.0 50.0 50.0 50.0 50.0 50.0 50.0 50.0 50.0 50.0 50.0 50.0 50.0 50.0 50.0 50.0 50.0 50.0 50.0 50.0 50.0 50.0 50.0 50.0 50.0 50.0 50.0 50.0 50.0 50.0 50.0 50.0 50.0 50.0 50.0 50.0 50.0 50.0 50.0 50.0 50.0 50.0 50.0 50.0 50.0