4 151 8
300.0440999999999 302.0443999999999 304.0446999999999 306.0449999999999 308.0452999999999 310.0455999999999 312.0458999999999 314.0461999999999 316.04649999999987 318.0467999999999 320.0470999999999 322.04739999999987 324.0476999999999 326.0479999999999 328.04829999999987 330.0485999999999 332.0488999999999 334.04919999999987 336.0494999999999 338.0497999999999 340.0500999999999 342.05039999999985 344.0506999999999 346.0509999999999 348.05129999999986 350.0515999999999 352.0518999999999 354.05219999999986 356.0524999999999 358.0527999999999 360.05309999999986 362.0533999999999 364.0536999999999 366.05399999999986 368.0542999999999 369.99 372.04 373.98 376.04 377.98 380.03 381.97 384.02 385.96 388.01 389.95 392.0 394.05 395.99 398.05 399.99 402.04 403.99 406.05 407.99 410.06 412.01 413.96 416.02 417.97 420.04 422.0 423.95 426.02 427.98 430.05 432.01 433.96 436.03 437.99 440.06 442.01 443.96 446.03 447.98 450.04 451.98 454.04 455.99 458.04 459.98 462.03 463.97 466.02 467.95 470.0 472.05 473.98 476.02 477.96 480.0 482.05 483.98 486.03 487.96 490.01 492.06 493.99 496.05 497.98 500.04 501.98 504.04 505.98 508.04 509.99 512.05 514.0 515.95 518.01 519.96 522.03 523.98 526.04 527.99 530.05 532.0 534.06 536.0 538.06 540.0 542.05 543.99 546.04 547.98 550.03 551.96 554.0 556.04 557.97 560.01 562.05 563.98 566.01 568.05 569.98 572.01 574.05 575.97 578.01 580.05 581.98 584.02 585.95 588.0 590.04 591.97 594.02 595.96 598.01 599.95
0.0 39.77 47.82 50.0 60.0 70.0 80.0 90.0
71.69571887237906 73.57599534423954 75.23810547404892 76.82513835002403 78.4455063625366 80.14944905747657 81.83631002394904 83.37171868696967 84.70132676048974 85.85817330169007 86.96865754516824 88.12919652728074 89.27370700179239 90.2581500564265 91.01781315796148 91.56220468631835 92.03547308360105 92.60523986883055 93.23006163833618 93.74030693510824 93.98194209120763 93.92579435554568 93.7496602872108 93.72341579545497 94.03107979958315 94.57931829545721 95.0830332538686 95.21354923624301 94.85990281417625 94.22237558475571 93.64424594285799 93.43084581745339 93.64644121816058 94.04123637169333 94.1913060372239 93.7484080343136 92.72101660783495 91.48405706668788 90.5367789726334 90.19752402656216 90.54803397960161 91.1752564444872 91.41291864522205 90.77505003391383 89.2967468145442 87.48381121249606 85.98480110942992 85.3917052289062 85.86818711620299 87.00920847352926 87.48159485598752 86.03833215321467 82.89130202965059 79.01488122632564 75.44210057795856 72.69776017554418 70.42229641690885 66.93576037047657 61.36688748917612 53.991212603458116 45.516664498018656 37.2244913953417 30.325413736196722 24.820053520944164 20.216283284808302 15.909356016264281 11.437682201104243 6.914220501474505 3.611148592369543 1.897977257640113 1.1388278736145452 0.769502193685081 0.5848381452678141 0.5027691993003568 0.47199828940629057 0.49253080240385183 0.5746300541488881 0.7080390852806441 0.8517123416352524 0.9543423055309955 1.005663684325147 1.0261997816098425 1.036472461530391 1.036482678372593 1.0262290949367894 1.0057126378229577 0.9544077277609893 0.8620510467180811 0.7389052923941906 0.6362828155910596 0.6260232413695125 0.6362887315999404 0.6260283698253759 0.6055050442709282 0.5747184275927052 0.554194415773018 0.5234072404978519 0.4926197049792292 0.4515690597792514 0.40025514310434857 0.32841507027852657 0.21552272196092265 0.1231560234587223 0.08210411921796212 0.0615781640568048 0.05131518997633552 0.04105219270273847 0.04105222757144185 0.03078919440073167 0.030789217071656976 0.030789236484058128 0.03078925512169099 0.030789270999372637 0.03078928617344206 0.030789299166515155 0.030789311583803866 0.03078932221633154 0.03078933237768021 0.030789341036026853 0.030789349355445177 0.04105247525907641 0.041052484299037705 0.041052492041407145 0.051315624308010996 0.061578758682749195 0.08210502370847603 0.10263129255948819 0.1436838269017879 0.21552576381136918 0.2873677118763586 0.35920967190409375 0.4105253724045748 0.4515779408221213 0.4823673776061454 0.5131568153254301 0.5336831152343869 0.5336831412395499 0.5644725782010882 0.5644725994834547 0.5439463428759322 0.4926306662937293 0.44131498427571836 0.4413149961327393 0.44131500629006243 0.44131501605760126 0.44131502483272006 0.4413150323499301 0.4413150395786692 0.4413150457697962 0.4413150516911474 0.44131505676254884
58.70699293906443 57.188385819713474 55.286437336328596 53.18812392912005 51.04824918745487 48.9142598879408 46.800126545399216 44.88472299639595 43.33730228015119 42.40475851683059 42.131630321702154 42.216870481770925 42.47219005404268 42.61453163107901 42.26406722421781 41.067466492048524 39.029837105176505 36.32467699985031 33.24951986481311 30.021520450876096 26.743985604882123 23.412594351303696 19.95260746939995 16.437603065377083 13.102345274593638 10.324924295021434 8.446469790521057 7.44604361111072 7.108233097696667 7.112868061862701 7.268815830104909 7.4138195776022044 7.507019593513426 7.548246306448734 7.527127292885598 7.453516288546114 7.307555489641323 7.098541284544219 6.858048703795181 6.667713351043554 6.621037473860372 6.748772056488163 7.04143234420631 7.375075136852555 7.657287028334801 7.8256548715221355 7.8907360064885435 7.862573518896083 7.740971226800021 7.4951447564003 7.135107690302614 6.640352748851071 6.083080501431078 5.5358735182989225 5.133191481673844 4.9373628161141045 4.969106313007134 5.187159024111368 5.508785129487279 5.861455532819951 6.193459253060989 6.4529308458192345 6.629521767016692 6.712884427743429 6.702947034070604 6.589382755458006 6.382497992160939 6.103029095987272 5.771712735122713 5.440331903265388 5.16073155372027 4.995080064410215 4.964130220977193 5.109357838571748 5.441125124522106 5.969823053570997 6.685083572754663 7.597293997721676 8.706446802021711 9.960736055676293 11.349784816293234 12.82178334636507 14.35598460473557 15.931672087175471 17.517730657680325 19.12454092823717 20.752092205142663 22.43147183160395 24.224889784906598 26.1426978574464 28.267836875565884 30.621033900006864 33.23338006875831 36.05306139828535 39.03859938526653 42.08634740872646 45.06153761518034 47.8605002494124 50.3381204853254 52.42181873716795 54.05977438759762 55.20014231635393 55.87402959453816 56.11252388644833 56.0089292555658 55.64616774170729 55.16937378654712 54.68220479289918 54.2883274200224 54.08104118665386 54.060342650592105 54.278068161656435 54.69274929322627 55.3458552666768 56.268482705294616 57.64722890935775 59.60648816696133 62.06333259666836 64.74823524472247 67.32947511146544 69.50642564460873 71.26872207802025 72.80295702552417 74.22316194342747 75.64336541515561 77.0532024403871 78.31790901964197 79.23015893919985 79.7692188141745 80.04911827389587 80.26681923236643 80.60891600847265 81.04430926742432 81.41750407443416 81.62483643466776 81.57300873202907 81.22055592305634 81.2101931390349 80.87847214188253 80.21502693446281 79.31315471509427 78.26615277839622 78.26615488121041 78.26615668258728 78.26615841483684 78.26615997108308 78.26616130424223 78.26616258624175 78.26616368422326 78.26616473436069 78.26616563376155
34.660660133553186 35.28345216796338 35.96191137914187 36.703997762483866 37.49183868937865 38.149288218048355 38.37250886030459 37.973534097981684 36.911621766731635 35.27771551106394 33.27440746158895 31.031718449414612 28.638665215775916 26.09159530589979 23.43491234060873 20.77281271960363 18.33028269894585 16.416704563204064 15.167465796439997 14.567769550643064 14.428383881329758 14.493649561896182 14.624453936175119 14.740329379979315 14.80052897505394 14.784361821600287 14.712210482944709 14.58407725836607 14.43108354203889 14.357309891665686 14.426005583211712 14.75281976585749 15.318295646203053 16.029472926049767 16.750872567409427 17.39805133061408 17.888558122443804 18.21985713704775 18.393528879566674 18.38636621117563 18.1997472809498 17.85309389735453 17.379146041470428 16.861048260536055 16.40532337237413 16.09571227296818 15.922731667660207 15.833448104964305 15.774965362409784 15.67400932028902 15.487795059109866 15.195646780139427 14.776024090523626 14.260951666383093 13.66068519867019 13.038989058876583 12.448519252510044 11.974087980175852 11.700475432364037 11.680523249031053 11.956793410159847 12.550407715825584 13.450919043087676 14.658452333543618 16.130604957687755 17.814593491274053 19.678570445684745 21.659077555370413 23.703244012748364 25.74742753137705 27.781132014414176 29.77247321658993 31.700318778438433 33.59647045788343 35.429051665514066 37.25109057556429 39.09426027308896 40.94805818372928 42.83357980800476 44.74030486349649 46.62580846895011 48.4372051506864 50.163840304528684 51.72104941798603 53.07700193394294 54.21056821470076 55.100535867070164 55.75747149236522 56.223775298886984 56.49941179489022 56.658542956350125 56.74351697330814 56.83904507630054 56.945156170989144 57.10419018067175 57.337352382827206 57.63404290647292 57.98366519125565 58.35446584655892 58.72524842073801 59.074847258425635 59.382068655863584 59.68928739976408 60.03885684045061 60.55787609023355 61.50051616991659 63.025647454868505 65.00617587966474 67.21969960898087 69.327316470656 71.1489773444063 72.79059501316097 74.41102637852865 76.16913826681709 78.08610865326096 80.08780574782921 81.84591067858649 83.06388319139604 83.72053822233441 83.85824171572331 83.79471599068451 83.69941687318925 83.56175169892934 83.25463226772561 82.68273941306325 81.79312038398105 80.59636469038747 79.16660955008207 77.71567145266451 76.43418549611528 75.52337888561291 75.07856907426687 75.1633011012854 75.7246214207582 76.75193904908282 78.19229956974534 80.00334006929415 80.71293111407427 81.5707937119499 82.55574656667615 83.68897123098048 84.97046760733882 84.97046989028105 84.9704718459647 84.97047372659955 84.97047541615457 84.97047686351274 84.97047825532894 84.97047944736406 84.97048058745673 84.97048156390069
50.0 50.0 50.0 50.0 50.0 50.0 50.0 50.0 50.0 50.0 50.0 50.0 50.0 50.0 50.0 50.0 50.0 50.0 50.0 50.0 50.0 50.0 50.0 50.0 50.0 50.0 50.0 50.0 50.0 50.0 50.0 50.0 50.0 50.0 50.0 50.0 50.0 50.0 50.0 50.0 50.0 50.0 50.0 50.0 50.0 50.0 50.0 50.0 50.0 50.0 50.0 50.0 50.0 50.0 50.0 50.0 50.0 50.0 50.0 50.0 50.0 50.0 50.0 50.0 50.0 50.0 50.0 50.0 50.0 50.0 50.0 50.0 50.0 50.0 50.0 50.0 50.0 50.0 50.0 50.0 50.0 50.0 50.0 50.0 50.0 50.0 50.0 50.0 50.0 50.0 50.0 50.0 50.0 50.0 50.0 50.0 50.0 50.0 50.0 50.0 50.0 50.0 50.0 50.0 50.0 50.0 50.0 50.0 50.0 50.0 50.0 50.0 50.0 50.0 50.0 50.0 50.0 50.0 50.0 50.0 50.0 50.0 50.0 50.0 50.0 50.0 50.0 50.0 50.0 50.0 50.0 50.0 50.0 50.0 50.0 50.0 50.0 50.0 50.0 50.0 50.0 50.0 50.0 50.0 50.0 50.0 50.0 50.0 50.0 50.0 50.0
50.0 50.0 50.0 50.0 50.0 50.0 50.0 50.0 50.0 50.0 50.0 50.0 50.0 50.0 50.0 50.0 50.0 50.0 50.0 50.0 50.0 50.0 50.0 50.0 50.0 50.0 50.0 50.0 50.0 50.0 50.0 50.0 50.0 50.0 50.0 50.0 50.0 50.0 50.0 50.0 50.0 50.0 50.0 50.0 50.0 50.0 50.0 50.0 50.0 50.0 50.0 50.0 50.0 50.0 50.0 50.0 50.0 50.0 50.0 50.0 50.0 50.0 50.0 50.0 50.0 50.0 50.0 50.0 50.0 50.0 50.0 50.0 50.0 50.0 50.0 50.0 50.0 50.0 50.0 50.0 50.0 50.0 50.0 50.0 50.0 50.0 50.0 50.0 50.0 50.0 50.0 50.0 50.0 50.0 50.0 50.0 50.0 50.0 50.0 50.0 50.0 50.0 50.0 50.0 50.0 50.0 50.0 50.0 50.0 50.0 50.0 50.0 50.0 50.0 50.0 50.0 50.0 50.0 50.0 50.0 50.0 50.0 50.0 50.0 50.0 50.0 50.0 50.0 50.0 50.0 50.0 50.0 50.0 50.0 50.0 50.0 50.0 50.0 50.0 50.0 50.0 50.0 50.0 50.0 50.0 50.0 50.0 50.0 50.0 50.0 50.0
50.0 50.0 50.0 50.0 50.0 50.0 50.0 50.0 50.0 50.0 50.0 50.0 50.0 50.0 50.0 50.0 50.0 50.0 50.0 50.0 50.0 50.0 50.0 50.0 50.0 50.0 50.0 50.0 50.0 50.0 50.0 50.0 50.0 50.0 50.0 50.0 50.0 50.0 50.0 50.0 50.0 50.0 50.0 50.0 50.0 50.0 50.0 50.0 50.0 50.0 50.0 50.0 50.0 50.0 50.0 50.0 50.0 50.0 50.0 50.0 50.0 50.0 50.0 50.0 50.0 50.0 50.0 50.0 50.0 50.0 50.0 50.0 50.0 50.0 50.0 50.0 50.0 50.0 50.0 50.0 50.0 50.0 50.0 50.0 50.0 50.0 50.0 50.0 50.0 50.0 50.0 50.0 50.0 50.0 50.0 50.0 50.0 50.0 50.0 50.0 50.0 50.0 50.0 50.0 50.0 50.0 50.0 50.0 50.0 50.0 50.0 50.0 50.0 50.0 50.0 50.0 50.0 50.0 50.0 50.0 50.0 50.0 50.0 50.0 50.0 50.0 50.0 50.0 50.0 50.0 50.0 50.0 50.0 50.0 50.0 50.0 50.0 50.0 50.0 50.0 50.0 50.0 50.0 50.0 50.0 50.0 50.0 50.0 50.0 50.0 50.0
50.0 50.0 50.0 50.0 50.0 50.0 50.0 50.0 50.0 50.0 50.0 50.0 50.0 50.0 50.0 50.0 50.0 50.0 50.0 50.0 50.0 50.0 50.0 50.0 50.0 50.0 50.0 50.0 50.0 50.0 50.0 50.0 50.0 50.0 50.0 50.0 50.0 50.0 50.0 50.0 50.0 50.0 50.0 50.0 50.0 50.0 50.0 50.0 50.0 50.0 50.0 50.0 50.0 50.0 50.0 50.0 50.0 50.0 50.0 50.0 50.0 50.0 50.0 50.0 50.0 50.0 50.0 50.0 50.0 50.0 50.0 50.0 50.0 50.0 50.0 50.0 50.0 50.0 50.0 50.0 50.0 50.0 50.0 50.0 50.0 50.0 50.0 50.0 50.0 50.0 50.0 50.0 50.0 50.0 50.0 50.0 50.0 50.0 50.0 50.0 50.0 50.0 50.0 50.0 50.0 50.0 50.0 50.0 50.0 50.0 50.0 50.0 50.0 50.0 50.0 50.0 50.0 50.0 50.0 50.0 50.0 50.0 50.0 50.0 50.0 50.0 50.0 50.0 50.0 50.0 50.0 50.0 50.0 50.0 50.0 50.0 50.0 50.0 50.0 50.0 50.0 50.0 50.0 50.0 50.0 50.0 50.0 50.0 50.0 50.0 50.0
50.0 50.0 50.0 50.0 50.0 50.0 50.0 50.0 50.0 50.0 50.0 50.0 50.0 50.0 50.0 50.0 50.0 50.0 50.0 50.0 50.0 50.0 50.0 50.0 50.0 50.0 50.0 50.0 50.0 50.0 50.0 50.0 50.0 50.0 50.0 50.0 50.0 50.0 50.0 50.0 50.0 50.0 50.0 50.0 50.0 50.0 50.0 50.0 50.0 50.0 50.0 50.0 50.0 50.0 50.0 50.0 50.0 50.0 50.0 50.0 50.0 50.0 50.0 50.0 50.0 50.0 50.0 50.0 50.0 50.0 50.0 50.0 50.0 50.0 50.0 50.0 50.0 50.0 50.0 50.0 50.0 50.0 50.0 50.0 50.0 50.0 50.0 50.0 50.0 50.0 50.0 50.0 50.0 50.0 50.0 50.0 50.0 50.0 50.0 50.0 50.0 50.0 50.0 50.0 50.0 50.0 50.0 50.0 50.0 50.0 50.0 50.0 50.0 50.0 50.0 50.0 50.0 50.0 50.0 50.0 50.0 50.0 50.0 50.0 50.0 50.0 50.0 50.0 50.0 50.0 50.0 50.0 50.0 50.0 50.0 50.0 50.0 50.0 50.0 50.0 50.0 50.0 50.0 50.0 50.0 50.0 50.0 50.0 50.0 50.0 50.0