4 151 8
300.0440999999999 302.0443999999999 304.0446999999999 306.0449999999999 308.0452999999999 310.0455999999999 312.0458999999999 314.0461999999999 316.04649999999987 318.0467999999999 320.0470999999999 322.04739999999987 324.0476999999999 326.0479999999999 328.04829999999987 330.0485999999999 332.0488999999999 334.04919999999987 336.0494999999999 338.0497999999999 340.0500999999999 342.05039999999985 344.0506999999999 346.0509999999999 348.05129999999986 350.0515999999999 352.0518999999999 354.05219999999986 356.0524999999999 358.0527999999999 360.05309999999986 362.0533999999999 364.0536999999999 366.05399999999986 368.0542999999999 369.99 372.04 373.98 376.04 377.98 380.03 381.97 384.02 385.96 388.01 389.95 392.0 394.05 395.99 398.05 399.99 402.04 403.99 406.05 407.99 410.06 412.01 413.96 416.02 417.97 420.04 422.0 423.95 426.02 427.98 430.05 432.01 433.96 436.03 437.99 440.06 442.01 443.96 446.03 447.98 450.04 451.98 454.04 455.99 458.04 459.98 462.03 463.97 466.02 467.95 470.0 472.05 473.98 476.02 477.96 480.0 482.05 483.98 486.03 487.96 490.01 492.06 493.99 496.05 497.98 500.04 501.98 504.04 505.98 508.04 509.99 512.05 514.0 515.95 518.01 519.96 522.03 523.98 526.04 527.99 530.05 532.0 534.06 536.0 538.06 540.0 542.05 543.99 546.04 547.98 550.03 551.96 554.0 556.04 557.97 560.01 562.05 563.98 566.01 568.05 569.98 572.01 574.05 575.97 578.01 580.05 581.98 584.02 585.95 588.0 590.04 591.97 594.02 595.96 598.01 599.95
0.0 39.77 47.82 50.0 60.0 70.0 80.0 90.0
71.69571887237906 73.57599534423954 75.36437038778762 77.059139926765 78.65965831186735 80.16623779837676 81.58003765435421 82.90294809043735 84.1374735347074 85.28661899637405 86.35378244503603 87.34265533785087 88.25713269845934 89.10123351652605 89.87903170908201 90.59459746729591 91.2519484996252 91.70111725274516 92.1269763215982 92.66037189932234 93.35617801569396 94.09276481502955 94.71615163037794 95.16866491946601 95.49115888805244 95.82470066003451 96.27194582686539 96.7560367790982 97.1187109561161 97.2906891181051 97.28277492632283 97.24723437580624 97.35751388062306 97.56512463026438 97.68926089005944 97.56493049218518 97.17162540501101 96.6812058339005 96.37983171946179 96.44228145013146 96.77690684174264 97.081552425843 97.0267088701966 96.49380670159204 95.69260076258823 94.96577754121988 94.62520507392847 94.73078367571875 95.02595969353874 95.0847602304537 94.55588181274439 93.4420115327403 92.12989765929902 91.11349068156883 90.71904909917767 91.02079304753079 91.60740581783313 91.80347165053416 91.12767505701413 89.60941856327838 87.76236346892131 86.2316110587957 85.61263235365921 86.07020212717497 87.19361958607578 87.65019159186221 86.18780794051825 83.02193845464863 79.12724174132467 75.5394948540765 72.78238680559986 70.49666097080255 66.99987874734785 61.41992708187625 54.03354330464187 45.54883816397288 37.248341010008275 30.343066306882097 24.833058635630255 20.225899830124646 15.91616708559493 11.442127564949745 6.916657812588947 3.612296067199532 1.89852382563306 1.13912349794233 0.7696836514201526 0.5849632102729835 0.5028661017682685 0.47208079866433456 0.49260845222519023 0.57471240273543 0.7081304511139498 0.8518121809235092 0.954443102966457 1.005760236032514 1.026288706858533 1.0365539625604614 1.036556250856918 1.026295238729099 1.0057711527279876 0.9544577686840862 0.8620921642110561 0.738937072961659 0.6363076952536496 0.6260453177112931 0.6363089868924463 0.626046470464488 0.6055208232143894 0.5747320520042636 0.5542062567130464 0.5234173370687469 0.4926283359899622 0.4515761972104836 0.40026088916469704 0.32841932356057457 0.21552525551432078 0.12315732951072084 0.08210490942940495 0.061578698710890355 0.05131559407384552 0.041052484299037705 0.041052492041407145 0.030789374584806593 0.030789379341374597 0.030789383890678507 0.030789387767846454 0.03078939147895455 0.030789394830195597 0.03078939770103842 0.030789400448922324 0.03078940293034311 0.030789405056053726 0.030789407081243322 0.030789408919525803 0.041052547325722076 0.041052549326119216 0.04105255114189731 0.051315690862132245 0.061578831268973455 0.08210511104895489 0.10263139169202753 0.14368395222926397 0.2155259333044491 0.28736791743285667 0.3592099039336093 0.4105256114883071 0.4515781800339871 0.4823676081669865 0.5131570368501714 0.5336833244570358
70.66526313602962 72.40178822514821 73.96234891058147 75.31588311814257 76.53909591339388 77.75917445524442 78.9924702291906 80.12435998067322 81.05054397692341 81.79671351427778 82.26308135867575 82.14275980829476 81.29457212761707 79.56534510420171 77.07536146062932 74.18206383141384 70.92736718247826 67.38378167182717 63.78200077535872 60.29854320346177 56.97417021955871 53.80928464469121 50.9922105021759 48.692899591475914 47.16242353435275 46.421906211436536 46.11752322900984 46.03192721542632 45.853680553187345 45.17687343291653 43.6332558092852 41.24000876454376 38.1887704219683 34.79557443704416 31.286222965667353 27.763579242617435 24.221672690384164 20.576524157658568 16.90349635538123 13.438323513060002 10.564828068710328 8.624003376000905 7.587839246465366 7.23066807123586 7.223855687108304 7.37139522198787 7.5085930323523185 7.593944200247859 7.6272854010392725 7.5985260633851315 7.517714914275362 7.364378749504614 7.14865412668176 6.901733900383891 6.706266290573893 6.655606479583583 6.780759656290984 7.071516194547035 7.403724375156775 7.684098949385872 7.850572096689347 7.913385499527921 7.882915726093285 7.759182772191092 7.511030293201219 7.148858649789346 6.651889141180718 6.092667416707157 5.543745625297398 5.139818331465968 4.943110343623631 4.974353591113907 5.1921278511682125 5.513546389696086 5.866051086627642 6.197837128533779 6.457065218335124 6.633380843849758 6.716401818702463 6.706135513030762 6.592203783710043 6.384978610639357 6.105180456454333 5.7735467485730245 5.4418985770900425 5.162071209898164 4.996257963475906 4.96519177788276 5.110342603320047 5.442076278810214 5.970764224541969 6.686041592926347 7.598274357579488 8.707467387739994 9.961788106543054 11.350874485851099 12.822894416834158 14.357113460133455 15.932802962509292 17.51885973221551 19.12565364240031 20.753180266167245 22.432541751870236 24.22593170564008 26.143720078204137 28.26883372422425 30.622008674457007 33.23434096038574 36.05400091022301 39.039524843576466 42.08724662730661 45.06240685613455 47.861338795835046 50.33891612192968 52.42257130447216 54.06047451219217 55.20079121549028 55.87462213062343 56.11306394167191 56.0094155546186 55.64660594485602 55.169765658068904 54.682557071000986 54.28864512538124 54.08132621226078 54.060601470014625 54.278302002229694 54.69296330802281 55.34605058464946 56.26866278045931 57.64739529267593 59.60664442498942 62.06347909747626 64.74837413406108 67.32960536489296 69.50654766148875 71.26883496758295 72.80306183500666 74.22325820762354 75.643454580095 77.05328440691356 78.31798466765345 79.23022804729686 79.76928154602771 80.04917553369141 80.26687108027767 80.60896295387916 81.04435219857457 81.41754299018405 81.62487167130544 81.5730407115324
69.55373417054994 70.18528971130705 69.92050976026088 68.6950956307831 66.8495378127325 64.72558618647986 62.35863259310697 59.67909510751451 56.758437115691024 53.699908119898005 50.66742358845429 48.01988548376567 45.91913853278756 44.54826991896617 43.94653060143162 43.797155564329245 43.759975587908386 43.83081460163793 44.014607788484206 44.28561784141045 44.43538644292045 44.119480099953904 43.140612550762924 41.473137410059614 39.235751327220555 36.662749830199324 33.89891245124191 31.03896811259625 28.074828714232154 25.050028032241 22.070644446701696 19.36828527170132 17.25916961772469 15.872731013474311 15.181459147602173 14.978454787945896 14.994512376960516 15.081759623235955 15.158116603777675 15.180053064000925 15.127882421968675 15.021441622361387 14.86180306940289 14.679650141829203 14.581338190227136 14.629589071170944 14.941410232873992 15.495667878725065 16.19732052606199 16.90976342438189 17.54790422454399 18.02765883652146 18.348481989376975 18.510694119967972 18.492676789840683 18.294769725755465 17.937713383395955 17.453396790892366 16.92654673759716 16.46276646330826 16.146961720268962 15.968436124098488 15.874412718042104 15.812077824053551 15.707229499480725 15.51764352834686 15.222046423289223 14.799311056895323 14.281230984009621 13.678320876044056 13.05416759671215 12.461664642932554 11.985558068534504 11.710588189857887 11.689681123349528 11.965245125181253 12.558448722612 13.458748888419942 14.666133012135125 16.138278014667137 17.822220225583244 19.686218709034982 21.666712531785034 23.710775930972712 25.75484211958285 27.788343620897596 29.779493918547242 31.707097748934757 33.60294575689742 35.43524496076901 37.25696338699808 39.09986275950983 40.95334214832387 42.83860083906474 44.745030325173985 46.63028491717551 48.44140247229092 50.167784842187764 51.72472072497165 53.08042291879871 54.21372232267494 55.103424864715215 55.760130972277835 56.22619350254936 56.50162101108709 56.66054098657719 56.745323317624845 56.84068848911056 56.94664011304398 57.10554390616823 57.338577454988936 57.635154672140544 57.98468110197044 58.35538818828728 58.7260914800396 59.07561233290021 59.3827667151701 59.689920396112214 60.03943468468233 60.558401885641054 61.5010004749627 63.02609512999484 65.0065946676842 67.22009299112764 69.32768184935469 71.14931797741613 72.7909086093342 74.4113175516892 76.16940707107703 78.08635855104032 80.08803689987447 81.84612523711868 83.06407926410897 83.72071780854456 83.85840394516873 83.79486309031901 83.69954945295626 83.56187199711928 83.25474024534384 82.68283687569475 81.79320739266798 80.59644253918091 79.16667860274845 77.71573256957359 76.43424017011952 75.52342766952489 75.07861279888344 75.16334091712197 75.72465761543724 76.75197218213872 78.19233022389118
50.0 50.0 50.0 50.0 50.0 50.0 50.0 50.0 50.0 50.0 50.0 50.0 50.0 50.0 50.0 50.0 50.0 50.0 50.0 50.0 50.0 50.0 50.0 50.0 50.0 50.0 50.0 50.0 50.0 50.0 50.0 50.0 50.0 50.0 50.0 50.0 50.0 50.0 50.0 50.0 50.0 50.0 50.0 50.0 50.0 50.0 50.0 50.0 50.0 50.0 50.0 50.0 50.0 50.0 50.0 50.0 50.0 50.0 50.0 50.0 50.0 50.0 50.0 50.0 50.0 50.0 50.0 50.0 50.0 50.0 50.0 50.0 50.0 50.0 50.0 50.0 50.0 50.0 50.0 50.0 50.0 50.0 50.0 50.0 50.0 50.0 50.0 50.0 50.0 50.0 50.0 50.0 50.0 50.0 50.0 50.0 50.0 50.0 50.0 50.0 50.0 50.0 50.0 50.0 50.0 50.0 50.0 50.0 50.0 50.0 50.0 50.0 50.0 50.0 50.0 50.0 50.0 50.0 50.0 50.0 50.0 50.0 50.0 50.0 50.0 50.0 50.0 50.0 50.0 50.0 50.0 50.0 50.0 50.0 50.0 50.0 50.0 50.0 50.0 50.0 50.0 50.0 50.0 50.0 50.0 50.0 50.0 50.0 50.0 50.0 50.0
50.0 50.0 50.0 50.0 50.0 50.0 50.0 50.0 50.0 50.0 50.0 50.0 50.0 50.0 50.0 50.0 50.0 50.0 50.0 50.0 50.0 50.0 50.0 50.0 50.0 50.0 50.0 50.0 50.0 50.0 50.0 50.0 50.0 50.0 50.0 50.0 50.0 50.0 50.0 50.0 50.0 50.0 50.0 50.0 50.0 50.0 50.0 50.0 50.0 50.0 50.0 50.0 50.0 50.0 50.0 50.0 50.0 50.0 50.0 50.0 50.0 50.0 50.0 50.0 50.0 50.0 50.0 50.0 50.0 50.0 50.0 50.0 50.0 50.0 50.0 50.0 50.0 50.0 50.0 50.0 50.0 50.0 50.0 50.0 50.0 50.0 50.0 50.0 50.0 50.0 50.0 50.0 50.0 50.0 50.0 50.0 50.0 50.0 50.0 50.0 50.0 50.0 50.0 50.0 50.0 50.0 50.0 50.0 50.0 50.0 50.0 50.0 50.0 50.0 50.0 50.0 50.0 50.0 50.0 50.0 50.0 50.0 50.0 50.0 50.0 50.0 50.0 50.0 50.0 50.0 50.0 50.0 50.0 50.0 50.0 50.0 50.0 50.0 50.0 50.0 50.0 50.0 50.0 50.0 50.0 50.0 50.0 50.0 50.0 50.0 50.0
50.0 50.0 50.0 50.0 50.0 50.0 50.0 50.0 50.0 50.0 50.0 50.0 50.0 50.0 50.0 50.0 50.0 50.0 50.0 50.0 50.0 50.0 50.0 50.0 50.0 50.0 50.0 50.0 50.0 50.0 50.0 50.0 50.0 50.0 50.0 50.0 50.0 50.0 50.0 50.0 50.0 50.0 50.0 50.0 50.0 50.0 50.0 50.0 50.0 50.0 50.0 50.0 50.0 50.0 50.0 50.0 50.0 50.0 50.0 50.0 50.0 50.0 50.0 50.0 50.0 50.0 50.0 50.0 50.0 50.0 50.0 50.0 50.0 50.0 50.0 50.0 50.0 50.0 50.0 50.0 50.0 50.0 50.0 50.0 50.0 50.0 50.0 50.0 50.0 50.0 50.0 50.0 50.0 50.0 50.0 50.0 50.0 50.0 50.0 50.0 50.0 50.0 50.0 50.0 50.0 50.0 50.0 50.0 50.0 50.0 50.0 50.0 50.0 50.0 50.0 50.0 50.0 50.0 50.0 50.0 50.0 50.0 50.0 50.0 50.0 50.0 50.0 50.0 50.0 50.0 50.0 50.0 50.0 50.0 50.0 50.0 50.0 50.0 50.0 50.0 50.0 50.0 50.0 50.0 50.0 50.0 50.0 50.0 50.0 50.0 50.0
50.0 50.0 50.0 50.0 50.0 50.0 50.0 50.0 50.0 50.0 50.0 50.0 50.0 50.0 50.0 50.0 50.0 50.0 50.0 50.0 50.0 50.0 50.0 50.0 50.0 50.0 50.0 50.0 50.0 50.0 50.0 50.0 50.0 50.0 50.0 50.0 50.0 50.0 50.0 50.0 50.0 50.0 50.0 50.0 50.0 50.0 50.0 50.0 50.0 50.0 50.0 50.0 50.0 50.0 50.0 50.0 50.0 50.0 50.0 50.0 50.0 50.0 50.0 50.0 50.0 50.0 50.0 50.0 50.0 50.0 50.0 50.0 50.0 50.0 50.0 50.0 50.0 50.0 50.0 50.0 50.0 50.0 50.0 50.0 50.0 50.0 50.0 50.0 50.0 50.0 50.0 50.0 50.0 50.0 50.0 50.0 50.0 50.0 50.0 50.0 50.0 50.0 50.0 50.0 50.0 50.0 50.0 50.0 50.0 50.0 50.0 50.0 50.0 50.0 50.0 50.0 50.0 50.0 50.0 50.0 50.0 50.0 50.0 50.0 50.0 50.0 50.0 50.0 50.0 50.0 50.0 50.0 50.0 50.0 50.0 50.0 50.0 50.0 50.0 50.0 50.0 50.0 50.0 50.0 50.0 50.0 50.0 50.0 50.0 50.0 50.0
50.0 50.0 50.0 50.0 50.0 50.0 50.0 50.0 50.0 50.0 50.0 50.0 50.0 50.0 50.0 50.0 50.0 50.0 50.0 50.0 50.0 50.0 50.0 50.0 50.0 50.0 50.0 50.0 50.0 50.0 50.0 50.0 50.0 50.0 50.0 50.0 50.0 50.0 50.0 50.0 50.0 50.0 50.0 50.0 50.0 50.0 50.0 50.0 50.0 50.0 50.0 50.0 50.0 50.0 50.0 50.0 50.0 50.0 50.0 50.0 50.0 50.0 50.0 50.0 50.0 50.0 50.0 50.0 50.0 50.0 50.0 50.0 50.0 50.0 50.0 50.0 50.0 50.0 50.0 50.0 50.0 50.0 50.0 50.0 50.0 50.0 50.0 50.0 50.0 50.0 50.0 50.0 50.0 50.0 50.0 50.0 50.0 50.0 50.0 50.0 50.0 50.0 50.0 50.0 50.0 50.0 50.0 50.0 50.0 50.0 50.0 50.0 50.0 50.0 50.0 50.0 50.0 50.0 50.0 50.0 50.0 50.0 50.0 50.0 50.0 50.0 50.0 50.0 50.0 50.0 50.0 50.0 50.0 50.0 50.0 50.0 50.0 50.0 50.0 50.0 50.0 50.0 50.0 50.0 50.0 50.0 50.0 50.0 50.0 50.0 50.0