4 151 8
300.0440999999999 302.0443999999999 304.0446999999999 306.0449999999999 308.0452999999999 310.0455999999999 312.0458999999999 314.0461999999999 316.04649999999987 318.0467999999999 320.0470999999999 322.04739999999987 324.0476999999999 326.0479999999999 328.04829999999987 330.0485999999999 332.0488999999999 334.04919999999987 336.0494999999999 338.0497999999999 340.0500999999999 342.05039999999985 344.0506999999999 346.0509999999999 348.05129999999986 350.0515999999999 352.0518999999999 354.05219999999986 356.0524999999999 358.0527999999999 360.05309999999986 362.0533999999999 364.0536999999999 366.05399999999986 368.0542999999999 369.99 372.04 373.98 376.04 377.98 380.03 381.97 384.02 385.96 388.01 389.95 392.0 394.05 395.99 398.05 399.99 402.04 403.99 406.05 407.99 410.06 412.01 413.96 416.02 417.97 420.04 422.0 423.95 426.02 427.98 430.05 432.01 433.96 436.03 437.99 440.06 442.01 443.96 446.03 447.98 450.04 451.98 454.04 455.99 458.04 459.98 462.03 463.97 466.02 467.95 470.0 472.05 473.98 476.02 477.96 480.0 482.05 483.98 486.03 487.96 490.01 492.06 493.99 496.05 497.98 500.04 501.98 504.04 505.98 508.04 509.99 512.05 514.0 515.95 518.01 519.96 522.03 523.98 526.04 527.99 530.05 532.0 534.06 536.0 538.06 540.0 542.05 543.99 546.04 547.98 550.03 551.96 554.0 556.04 557.97 560.01 562.05 563.98 566.01 568.05 569.98 572.01 574.05 575.97 578.01 580.05 581.98 584.02 585.95 588.0 590.04 591.97 594.02 595.96 598.01 599.95
0.0 39.77 47.82 50.0 60.0 70.0 80.0 90.0
71.69571887237906 73.57599534423954 75.36437038778762 77.059139926765 78.65965831186735 80.16623779837676 81.58003765435421 82.90294809043735 84.1374735347074 85.28661899637405 86.35378244503603 87.34265533785087 88.25713269845934 89.10123351652605 89.87903170908201 90.59459746729591 91.2519484996252 91.85501046399374 92.40758574427717 92.91332965545237 93.37573314305375 93.79811106299918 94.02580067097283 94.24806102540417 94.59723291552021 95.12728653587122 95.71245755721984 96.19513221805997 96.51636211826549 96.71726658892179 96.94008798605192 97.2876194399158 97.6810951481947 97.96004314200079 98.05426487470315 97.97094351961833 97.87274870867574 97.92201238889061 98.07981396461916 98.15373209802647 97.99005883944278 97.55079183023395 97.0267088701966 96.687835945674 96.72451969030779 97.03047316745243 97.31446689956529 97.2368890639653 96.68356769077717 95.86263340349078 95.11895819859333 94.76299996975108 94.85436155895144 95.13953091519335 95.18635262382656 94.64850760943418 93.52400739401737 92.20324112288463 91.17893373350024 90.77823706627768 91.07434423775663 91.65633721530693 91.84795584084473 91.1675436973854 89.64501060843457 87.79379635280851 86.25961401711712 85.63785273933112 86.09306530444661 87.21461982269514 87.66922684717376 86.20476575122734 83.0367563096916 79.1399762082378 75.55050880214168 72.79194817193594 70.50505539387518 67.0071772011972 61.42590454251352 54.03835033254001 45.55246015019723 37.251052072437275 30.345040284607588 24.83453546199678 20.22697546120412 15.916941849626607 11.442630284446269 6.916933398666508 3.612425873927154 1.8985858207152586 1.1391570457707525 0.7697041108063796 0.5849773291810889 0.5028770706656861 0.4720901369511507 0.49261725846490484 0.5747216758407785 0.7081408259076418 0.8518234536744967 0.954454572018062 1.0057711527279876 1.0262986760043937 1.036563197444246 1.0365645051267718 1.0263027342800801 1.0057777235361758 0.9544634803386696 0.8620967790002787 0.73894066561756 0.6363104861475775 0.626047808509182 0.6363112725149471 0.6260485103205768 0.6055226280776937 0.5747335844416163 0.5542076085084696 0.5234184776776363 0.49262931804288335 0.4515770018617272 0.4002615416207873 0.3284198020726113 0.21552554256994794 0.12315747612422143 0.08210499889281758 0.061578758682749195 0.05131563981779752 0.041052517023795275 0.0410525219719394 0.030789394830195597 0.03078939770103842 0.030789400448922324 0.03078940293034311 0.030789405056053726 0.030789407081243322 0.030789408919525803 0.030789410494291555 0.03078941199458941 0.030789413356422983 0.030789414517279345 0.030789415634486728 0.041052555524477445 0.041052556676811014 0.0410525577797897 0.05131569840582122 0.061578839449897844 0.0821051208991107 0.10263140287207677 0.14368396637445044 0.2155259525852493 0.287367940636096 0.3592099299230049
71.41597255232612 73.21109454236826 74.81523945195794 76.2776052486415 77.66222395125345 79.01403846346341 80.27809317448273 81.36068464222662 82.23408837184334 82.98740233032153 83.7609325125364 84.57230837212533 85.29909290414109 85.83218799112508 86.20120593549419 86.30300296170813 85.81931541523973 84.60861513551654 82.51784133410261 79.67741008697328 76.45935618648355 72.90642198632663 69.09200469683377 65.25048516097984 61.55895145858083 58.05505678165561 54.73554616939811 51.788447344124684 49.38244677001823 47.767989655452226 46.96225129450133 46.60406529524357 46.47202605508311 46.250907585042235 45.531439379822274 43.941913084881215 41.50527303386167 38.41019661781597 34.97913296898232 31.434975752219223 27.884555955231548 24.316186340934454 20.650057079714845 16.95751541956028 13.47765075337635 10.592509100503575 8.644693766270827 7.604276097118945 7.244887623480392 7.236691488938221 7.383285349095748 7.519527178216087 7.603850626788847 7.636401227111412 7.606644635141683 7.52507917676091 7.370841030960581 7.154345081159592 6.906691130391006 6.71064167008362 6.659522240331465 6.784381547370142 7.074942760738126 7.4069635275255425 7.687151003524557 7.8533838500584405 7.915955301965838 7.885237932166916 7.761243875416359 7.512839294985537 7.150411188889529 6.6531979281148494 6.093754843287243 5.544637816705649 5.140567736691361 4.943759716238483 4.974945914608121 5.192693441826139 5.51408297461375 5.866572952666787 6.1983299727336565 6.457535185760259 6.633812380527628 6.716801244300395 6.706492151194777 6.5925246777012685 6.385259140043896 6.105423710173164 5.77375421916687 5.442076278810214 5.162223235801911 4.996390771768216 4.965311619755218 5.11045407399502 5.442183929172844 5.970870962420305 6.686149473611991 7.598385679622978 8.707582621020045 9.961907812224323 11.35099769020506 12.823018975648791 14.357241370767225 15.932929838069661 17.51898768127081 19.125778592296932 20.75330445709646 22.432661833522996 24.226049490279237 26.143834746548023 28.268946195237714 30.622118668742 33.23444924830998 36.054108375632495 39.03962893665061 42.08734928465968 45.06250505422276 47.86143420725202 50.339005819464035 52.422656757302654 54.060553279140116 55.20086473679386 55.87468864695646 56.11312508376717 56.00947010251964 55.64665554957594 55.16980963633812 54.682596938934864 54.28868082259022 54.081358460879926 54.06063054330246 54.27832873204254 54.692987425803366 55.346072606748656 56.26868328262339 57.64741410075152 59.60666197288755 62.06349582887439 64.74838977162244 67.32962004902248 69.50656154289729 71.26884772867206 72.80307360672063 74.22326911885098 75.64346462954495 77.0532936510014 78.3179931991457 79.23023584723785 79.7692886821322 80.04918199718321 80.2668768877107
70.77778072868615 72.47497745902527 74.11443737807295 75.64787197644416 76.96408962419488 77.77118747085335 77.82047053038569 76.91454677170813 75.00514275259506 72.4815131908354 69.72136078322845 66.76349644499966 63.53339582667304 60.10694815303777 56.59147708608664 53.155689475705806 50.16916534278456 47.79107162746528 46.201358946759626 45.43015659314946 45.14167096857996 44.98099073824844 44.94195447609556 45.02797775949329 45.2113111557915 45.27839322832244 44.87894340032118 43.8142476954031 42.06044449438471 39.73953887584689 37.089499574428956 34.256547591906376 31.335723314405836 28.318038871965364 25.246630546632698 22.226769972042792 19.49286609004867 17.359241765366924 15.95646508741392 15.253640578854114 15.043721740900699 15.05302138751001 15.135656279753336 15.206557899970955 15.224477474105555 15.16751916679439 15.05748051010677 14.893996850736421 14.708518574187972 14.607247230431076 14.653186730549374 14.963168178496126 15.515882235256568 16.2166789149234 16.927830497732955 17.56509393900568 18.043478202873523 18.36308898726615 18.523989585957892 18.504741995068215 18.30553327396154 17.947294676256487 17.461853989846315 16.93395215427422 16.469305324253376 16.152744900584796 15.97362173347944 15.879089116840476 15.816278050489526 15.711012523258033 15.521013541589628 15.225041424415474 14.801952455663637 14.283529356345651 13.680315227688038 13.055882512697774 12.463148521512922 11.986863683470789 11.711727878282636 11.690721081491152 11.966196586398732 12.559362769723233 13.45962445156343 14.667005209645914 16.139136262435965 17.823087772092475 19.687083639608577 21.667575816406316 23.71162797027839 25.755683127492603 27.78916200326406 29.780285503722006 31.707863044241446 33.60367872987698 35.43594590959341 37.25762942053678 39.1004936440092 40.953942154262215 42.839167758499244 44.74556800317729 46.630791050349245 48.441873021565904 50.16823179784997 51.725132617527045 53.080810591859134 54.214076506596 55.103754613960824 55.760429456897164 56.22646687002985 56.50186883149249 56.66076641747152 56.745527146881486 56.84087369393157 56.946809852707936 57.10569616958946 57.33871731271454 57.63528026822822 57.984796694236046 58.3554921701534 58.726187208093684 59.075698406981566 59.38284580639911 59.689991454393635 60.039500105042166 60.55846086382679 61.501055298430394 63.026145370893026 65.00664206266272 67.22013719134118 69.32772318935437 71.14935624085649 72.79094445583809 74.41135036460916 76.16943737875428 78.08638700274427 80.08806302944797 81.84614933220878 83.064101656959 83.72073802816983 83.85842223411696 83.79487982529963 83.69956443983531 83.56188550845289 83.25475248424885 82.68284786034683 81.79321720540469 80.59645131887473 79.16668639643324 77.71573952196901 76.43424634172695 75.52343313376241
50.0 50.0 50.0 50.0 50.0 50.0 50.0 50.0 50.0 50.0 50.0 50.0 50.0 50.0 50.0 50.0 50.0 50.0 50.0 50.0 50.0 50.0 50.0 50.0 50.0 50.0 50.0 50.0 50.0 50.0 50.0 50.0 50.0 50.0 50.0 50.0 50.0 50.0 50.0 50.0 50.0 50.0 50.0 50.0 50.0 50.0 50.0 50.0 50.0 50.0 50.0 50.0 50.0 50.0 50.0 50.0 50.0 50.0 50.0 50.0 50.0 50.0 50.0 50.0 50.0 50.0 50.0 50.0 50.0 50.0 50.0 50.0 50.0 50.0 50.0 50.0 50.0 50.0 50.0 50.0 50.0 50.0 50.0 50.0 50.0 50.0 50.0 50.0 50.0 50.0 50.0 50.0 50.0 50.0 50.0 50.0 50.0 50.0 50.0 50.0 50.0 50.0 50.0 50.0 50.0 50.0 50.0 50.0 50.0 50.0 50.0 50.0 50.0 50.0 50.0 50.0 50.0 50.0 50.0 50.0 50.0 50.0 50.0 50.0 50.0 50.0 50.0 50.0 50.0 50.0 50.0 50.0 50.0 50.0 50.0 50.0 50.0 50.0 50.0 50.0 50.0 50.0 50.0 50.0 50.0 50.0 50.0 50.0 50.0 50.0 50.0
50.0 50.0 50.0 50.0 50.0 50.0 50.0 50.0 50.0 50.0 50.0 50.0 50.0 50.0 50.0 50.0 50.0 50.0 50.0 50.0 50.0 50.0 50.0 50.0 50.0 50.0 50.0 50.0 50.0 50.0 50.0 50.0 50.0 50.0 50.0 50.0 50.0 50.0 50.0 50.0 50.0 50.0 50.0 50.0 50.0 50.0 50.0 50.0 50.0 50.0 50.0 50.0 50.0 50.0 50.0 50.0 50.0 50.0 50.0 50.0 50.0 50.0 50.0 50.0 50.0 50.0 50.0 50.0 50.0 50.0 50.0 50.0 50.0 50.0 50.0 50.0 50.0 50.0 50.0 50.0 50.0 50.0 50.0 50.0 50.0 50.0 50.0 50.0 50.0 50.0 50.0 50.0 50.0 50.0 50.0 50.0 50.0 50.0 50.0 50.0 50.0 50.0 50.0 50.0 50.0 50.0 50.0 50.0 50.0 50.0 50.0 50.0 50.0 50.0 50.0 50.0 50.0 50.0 50.0 50.0 50.0 50.0 50.0 50.0 50.0 50.0 50.0 50.0 50.0 50.0 50.0 50.0 50.0 50.0 50.0 50.0 50.0 50.0 50.0 50.0 50.0 50.0 50.0 50.0 50.0 50.0 50.0 50.0 50.0 50.0 50.0
50.0 50.0 50.0 50.0 50.0 50.0 50.0 50.0 50.0 50.0 50.0 50.0 50.0 50.0 50.0 50.0 50.0 50.0 50.0 50.0 50.0 50.0 50.0 50.0 50.0 50.0 50.0 50.0 50.0 50.0 50.0 50.0 50.0 50.0 50.0 50.0 50.0 50.0 50.0 50.0 50.0 50.0 50.0 50.0 50.0 50.0 50.0 50.0 50.0 50.0 50.0 50.0 50.0 50.0 50.0 50.0 50.0 50.0 50.0 50.0 50.0 50.0 50.0 50.0 50.0 50.0 50.0 50.0 50.0 50.0 50.0 50.0 50.0 50.0 50.0 50.0 50.0 50.0 50.0 50.0 50.0 50.0 50.0 50.0 50.0 50.0 50.0 50.0 50.0 50.0 50.0 50.0 50.0 50.0 50.0 50.0 50.0 50.0 50.0 50.0 50.0 50.0 50.0 50.0 50.0 50.0 50.0 50.0 50.0 50.0 50.0 50.0 50.0 50.0 50.0 50.0 50.0 50.0 50.0 50.0 50.0 50.0 50.0 50.0 50.0 50.0 50.0 50.0 50.0 50.0 50.0 50.0 50.0 50.0 50.0 50.0 50.0 50.0 50.0 50.0 50.0 50.0 50.0 50.0 50.0 50.0 50.0 50.0 50.0 50.0 50.0
50.0 50.0 50.0 50.0 50.0 50.0 50.0 50.0 50.0 50.0 50.0 50.0 50.0 50.0 50.0 50.0 50.0 50.0 50.0 50.0 50.0 50.0 50.0 50.0 50.0 50.0 50.0 50.0 50.0 50.0 50.0 50.0 50.0 50.0 50.0 50.0 50.0 50.0 50.0 50.0 50.0 50.0 50.0 50.0 50.0 50.0 50.0 50.0 50.0 50.0 50.0 50.0 50.0 50.0 50.0 50.0 50.0 50.0 50.0 50.0 50.0 50.0 50.0 50.0 50.0 50.0 50.0 50.0 50.0 50.0 50.0 50.0 50.0 50.0 50.0 50.0 50.0 50.0 50.0 50.0 50.0 50.0 50.0 50.0 50.0 50.0 50.0 50.0 50.0 50.0 50.0 50.0 50.0 50.0 50.0 50.0 50.0 50.0 50.0 50.0 50.0 50.0 50.0 50.0 50.0 50.0 50.0 50.0 50.0 50.0 50.0 50.0 50.0 50.0 50.0 50.0 50.0 50.0 50.0 50.0 50.0 50.0 50.0 50.0 50.0 50.0 50.0 50.0 50.0 50.0 50.0 50.0 50.0 50.0 50.0 50.0 50.0 50.0 50.0 50.0 50.0 50.0 50.0 50.0 50.0 50.0 50.0 50.0 50.0 50.0 50.0
50.0 50.0 50.0 50.0 50.0 50.0 50.0 50.0 50.0 50.0 50.0 50.0 50.0 50.0 50.0 50.0 50.0 50.0 50.0 50.0 50.0 50.0 50.0 50.0 50.0 50.0 50.0 50.0 50.0 50.0 50.0 50.0 50.0 50.0 50.0 50.0 50.0 50.0 50.0 50.0 50.0 50.0 50.0 50.0 50.0 50.0 50.0 50.0 50.0 50.0 50.0 50.0 50.0 50.0 50.0 50.0 50.0 50.0 50.0 50.0 50.0 50.0 50.0 50.0 50.0 50.0 50.0 50.0 50.0 50.0 50.0 50.0 50.0 50.0 50.0 50.0 50.0 50.0 50.0 50.0 50.0 50.0 50.0 50.0 50.0 50.0 50.0 50.0 50.0 50.0 50.0 50.0 50.0 50.0 50.0 50.0 50.0 50.0 50.0 50.0 50.0 50.0 50.0 50.0 50.0 50.0 50.0 50.0 50.0 50.0 50.0 50.0 50.0 50.0 50.0 50.0 50.0 50.0 50.0 50.0 50.0 50.0 50.0 50.0 50.0 50.0 50.0 50.0 50.0 50.0 50.0 50.0 50.0 50.0 50.0 50.0 50.0 50.0 50.0 50.0 50.0 50.0 50.0 50.0 50.0 50.0 50.0 50.0 50.0 50.0 50.0