4 151 8
300.0440999999999 302.0443999999999 304.0446999999999 306.0449999999999 308.0452999999999 310.0455999999999 312.0458999999999 314.0461999999999 316.04649999999987 318.0467999999999 320.0470999999999 322.04739999999987 324.0476999999999 326.0479999999999 328.04829999999987 330.0485999999999 332.0488999999999 334.04919999999987 336.0494999999999 338.0497999999999 340.0500999999999 342.05039999999985 344.0506999999999 346.0509999999999 348.05129999999986 350.0515999999999 352.0518999999999 354.05219999999986 356.0524999999999 358.0527999999999 360.05309999999986 362.0533999999999 364.0536999999999 366.05399999999986 368.0542999999999 369.99 372.04 373.98 376.04 377.98 380.03 381.97 384.02 385.96 388.01 389.95 392.0 394.05 395.99 398.05 399.99 402.04 403.99 406.05 407.99 410.06 412.01 413.96 416.02 417.97 420.04 422.0 423.95 426.02 427.98 430.05 432.01 433.96 436.03 437.99 440.06 442.01 443.96 446.03 447.98 450.04 451.98 454.04 455.99 458.04 459.98 462.03 463.97 466.02 467.95 470.0 472.05 473.98 476.02 477.96 480.0 482.05 483.98 486.03 487.96 490.01 492.06 493.99 496.05 497.98 500.04 501.98 504.04 505.98 508.04 509.99 512.05 514.0 515.95 518.01 519.96 522.03 523.98 526.04 527.99 530.05 532.0 534.06 536.0 538.06 540.0 542.05 543.99 546.04 547.98 550.03 551.96 554.0 556.04 557.97 560.01 562.05 563.98 566.01 568.05 569.98 572.01 574.05 575.97 578.01 580.05 581.98 584.02 585.95 588.0 590.04 591.97 594.02 595.96 598.01 599.95
0.0 39.77 47.82 50.0 60.0 70.0 80.0 90.0
71.69571887237906 73.57599534423954 75.36437038778762 77.059139926765 78.65965831186735 80.16623779837676 81.58003765435421 82.90294809043735 84.1374735347074 85.28661899637405 86.35378244503603 87.34265533785087 88.25713269845934 89.10123351652605 89.87903170908201 90.59459746729591 91.2519484996252 91.85501046399374 92.40758574427717 92.91332965545237 93.37573314305375 93.79811106299918 94.1835951759797 94.53513105688582 94.85547819647397 95.14721265370444 95.41273169848115 95.65425996277307 95.8738566912248 95.91246303919078 95.96242230351424 96.15683764484828 96.5485607116939 97.00818826755918 97.37495190328293 97.58523114355684 97.68984697728496 97.82030693356356 98.0899934990213 98.40841225396322 98.62212122479914 98.652484344891 98.5169150026444 98.36261468406546 98.36945976320729 98.48189286510102 98.52105585555444 98.32116323194136 97.85003257772271 97.29555766961171 96.93104038577998 96.94416692388518 97.23058571203175 97.49573766769626 97.39951216814805 96.8312850153252 95.9940661098484 95.23738891303181 94.86955844050047 94.95112417786282 95.22713746183808 95.26598486576431 94.71948639415385 93.58801172670061 92.26051149003078 91.2300531325948 90.82442888661612 91.11588500607796 91.69444920056527 91.88261794283704 91.19856728432156 89.67265563743477 87.81806465521441 86.2813509574837 85.65742869486336 86.11080195360677 87.23089446999461 87.68397077859571 86.21791680023364 83.04830407163814 79.14983670612101 75.5590899199327 72.7993627930356 70.5116087435454 67.01275989937234 61.430569898043125 54.042054778380304 45.55529281406622 37.25314182487377 30.346585253270376 24.83567613302001 20.227824031991656 15.917541009822264 11.443019056984493 6.917146789240773 3.6125265620759692 1.898634107688286 1.1391830677644676 0.7697199882600876 0.5849882860755863 0.5028855763639938 0.4720973909620211 0.4926240938348892 0.5747288345257349 0.7081488866532551 0.8518321536071694 0.9544634803386696 1.0057795755003252 1.026306480024389 1.0365703080791182 1.036570961629957 1.0263085040563662 1.0057828526461727 0.954467871376704 0.8621003766624243 0.7389434780112928 0.6363126591375184 0.6260497583461642 0.6363130480778884 0.6260501035607186 0.605524010071377 0.5747347801865279 0.5542086425589965 0.5234193679417122 0.49263006946199356 0.45157763039661813 0.4002620409820039 0.3284201757755152 0.21552576381136918 0.12315759080415369 0.08210506786379286 0.06157880586068622 0.051315675093422886 0.0410525427749911 0.04105254522603441 0.030789410494291555 0.03078941199458941 0.030789413356422983 0.030789414517279345 0.030789415634486728 0.030789416643358082 0.030789417507608257 0.030789418334842278 0.03078941904349273 0.030789419724948922 0.030789420337166515 0.030789420861623028 0.04105256182127155 0.041052562397190344 0.04105256294801371 0.051315704274714984
71.52213347988318 73.3978575386498 75.18190267535343 76.8725689395434 78.48585117901716 79.9467076587613 81.30486586233349 82.57947278375799 83.72019298802101 84.66519111656497 85.47798139623032 86.23511727512724 86.98864595903818 87.67925747358672 88.20699050236551 88.545137156561 88.79191428477345 89.0969812157334 89.47658858388125 89.79923203931448 89.94986000342188 89.9599176176364 89.7219847613007 88.90703555798845 87.3723774857856 84.96426493456724 81.82076112490411 78.32509461578694 74.51983599853467 70.47836125297098 66.43738390373198 62.57386097409508 58.922443585005375 55.47654195959069 52.423625322831796 49.929331946656916 48.24834038876946 47.388669964692454 46.98842964969113 46.818048992666924 46.5635014880196 45.80922223381126 44.186792133628465 41.713012382422 38.58570916299707 35.122530175353965 31.55261583746401 27.978776726899593 24.390777163215017 20.707275789061793 17.000169627329708 13.50825652647897 10.614354752497084 8.660796513675137 7.616993811516027 7.255956675253642 7.246613373135403 7.3924781301706926 7.527982686348217 7.611607449863364 7.6434329912358026 7.613008301247411 7.530722382220523 7.375885358878581 7.15878887255454 6.910563361463034 6.714056329416053 6.662559777113439 6.787202587980928 7.077612742724305 7.409484058052193 7.689521592930246 7.8555547129451195 7.917950078435731 7.887040418592995 7.762842824869232 7.514241225189349 7.15161372227552 6.654212912973735 6.094602290049595 5.545328654535963 5.141151608566755 4.944263289861997 4.975408329111404 5.193126070708784 5.514501774429363 5.866975118936437 6.198715413724197 6.457897448008905 6.634150130359119 6.717109752609716 6.706773504842396 6.592772839591478 6.385476084342662 6.105612065300582 5.773915149423802 5.442214687823713 5.162341157506471 4.996493837299597 4.965404622326171 5.110540512576343 5.4422675523165855 5.970953811958066 6.686232755728648 7.59847217181746 8.70767155421649 9.962000790844003 11.351092748478594 12.82311648244562 14.357339858829901 15.933029080337501 17.519086171352058 19.12587612699061 20.753399933299676 22.43275544846307 24.226141694150165 26.14392402731765 28.269034239371074 30.622204116700317 33.23453382715292 36.054190662483094 39.03971015939261 42.08742781199318 45.0625816994524 47.86150721142572 50.339075884638746 52.42272215914353 54.06061479365788 55.20092140162172 55.87474067551136 56.11317222068959 56.0095130136031 55.6466938024474 55.16984424295118 54.68262791375062 54.28870844194132 54.08138356740076 54.06065320654417 54.278349158535875 54.69300621688108 55.346089795306284 56.26869897763373 57.64742878071671 59.60667561918899 62.06350866617591 64.74840201051457 67.32963147960972 69.50657220407298 71.26885765947483 72.80308277210797 74.22327760764671
71.47502243901691 73.34951097377878 75.13238097462929 76.82193361086121 78.34952823366412 79.70290665174 80.80881891164994 81.84152100003791 82.87840985850382 83.87212352826356 84.77229158399764 85.45991805336048 85.62035841066806 84.99505659058424 83.38672082737942 80.76140666198397 77.55119603400169 74.16300876436564 70.63505796182787 66.8852382814501 62.99048990988928 59.05908810990843 55.26150652291642 51.97421752275451 49.35217937318886 47.571100242381455 46.65224417331802 46.2432045740112 45.97641691282742 45.84373136774813 45.84703144253585 45.95670055593036 45.95488693860916 45.486503029396765 44.351623243753004 42.526242265077165 40.1391562090943 37.42627335870523 34.53907650257866 31.569043872018543 28.50943071177685 25.40065776787528 22.350635090909236 19.59043044771033 17.438563533359133 16.021878730431627 15.310724751341922 15.09455386006597 15.09919710056626 15.177595278473937 15.244807824212508 15.259050035133054 15.198800173228163 15.085528560362249 14.918906203810865 14.73099088322391 14.627274533747999 14.67143112058649 14.979993862773487 15.531710262298539 16.23161158511965 16.941992203235046 17.578266349778627 18.055826484494883 18.374494886184998 18.53437504647705 18.51415799327736 18.313882781422684 17.954757412068435 17.46844384324512 16.939714642935474 16.47438418385986 16.157209905109234 15.97764699683142 15.882718917594469 15.819536475239637 15.71394427011485 15.523623816226305 15.227364094909973 14.804010934714341 14.285309022169816 13.681869054369661 13.05721239085579 12.46430695433447 11.987862368161096 11.712617395088698 11.69152250571698 11.966940700165756 12.560067339325665 13.46030972658022 14.667678877485033 16.139813338432553 17.823758685189826 19.687752524059665 21.66824427107834 23.712288877936853 25.75633817503531 27.789796796685813 29.78089981134731 31.708456947103627 33.60424710487353 35.43649040886741 37.25814639325231 39.10098067647622 40.954408331747665 42.839605287982195 44.745985632132324 46.63118155721144 48.44224137568592 50.168575942789104 51.72545480054784 53.08110900712392 54.214352979175644 55.10400812044623 55.760662153725605 56.226680866863965 56.5020617844538 56.66094288843157 56.74568548959744 56.8410183491143 56.94693982329507 57.10581497915177 57.338824296324894 57.63537829804895 57.98488513981316 58.355573393206726 58.7262604741391 59.07576562814152 59.38290676411692 59.69004703562501 60.039550540252364 60.55850726007306 61.501097575759374 63.026184905584905 65.00667888550716 67.22017138956707 69.32775537378865 71.14938606801614 72.79097184916019 74.41137593039981 76.1694610343219 78.08640878336149 80.08808342394433 81.84616807000064 83.06411883805563 83.72075385325961 83.85843647080817 83.79489267807088 83.6995761027693 83.56189602829785 83.25476200596079
50.0 50.0 50.0 50.0 50.0 50.0 50.0 50.0 50.0 50.0 50.0 50.0 50.0 50.0 50.0 50.0 50.0 50.0 50.0 50.0 50.0 50.0 50.0 50.0 50.0 50.0 50.0 50.0 50.0 50.0 50.0 50.0 50.0 50.0 50.0 50.0 50.0 50.0 50.0 50.0 50.0 50.0 50.0 50.0 50.0 50.0 50.0 50.0 50.0 50.0 50.0 50.0 50.0 50.0 50.0 50.0 50.0 50.0 50.0 50.0 50.0 50.0 50.0 50.0 50.0 50.0 50.0 50.0 50.0 50.0 50.0 50.0 50.0 50.0 50.0 50.0 50.0 50.0 50.0 50.0 50.0 50.0 50.0 50.0 50.0 50.0 50.0 50.0 50.0 50.0 50.0 50.0 50.0 50.0 50.0 50.0 50.0 50.0 50.0 50.0 50.0 50.0 50.0 50.0 50.0 50.0 50.0 50.0 50.0 50.0 50.0 50.0 50.0 50.0 50.0 50.0 50.0 50.0 50.0 50.0 50.0 50.0 50.0 50.0 50.0 50.0 50.0 50.0 50.0 50.0 50.0 50.0 50.0 50.0 50.0 50.0 50.0 50.0 50.0 50.0 50.0 50.0 50.0 50.0 50.0 50.0 50.0 50.0 50.0 50.0 50.0
50.0 50.0 50.0 50.0 50.0 50.0 50.0 50.0 50.0 50.0 50.0 50.0 50.0 50.0 50.0 50.0 50.0 50.0 50.0 50.0 50.0 50.0 50.0 50.0 50.0 50.0 50.0 50.0 50.0 50.0 50.0 50.0 50.0 50.0 50.0 50.0 50.0 50.0 50.0 50.0 50.0 50.0 50.0 50.0 50.0 50.0 50.0 50.0 50.0 50.0 50.0 50.0 50.0 50.0 50.0 50.0 50.0 50.0 50.0 50.0 50.0 50.0 50.0 50.0 50.0 50.0 50.0 50.0 50.0 50.0 50.0 50.0 50.0 50.0 50.0 50.0 50.0 50.0 50.0 50.0 50.0 50.0 50.0 50.0 50.0 50.0 50.0 50.0 50.0 50.0 50.0 50.0 50.0 50.0 50.0 50.0 50.0 50.0 50.0 50.0 50.0 50.0 50.0 50.0 50.0 50.0 50.0 50.0 50.0 50.0 50.0 50.0 50.0 50.0 50.0 50.0 50.0 50.0 50.0 50.0 50.0 50.0 50.0 50.0 50.0 50.0 50.0 50.0 50.0 50.0 50.0 50.0 50.0 50.0 50.0 50.0 50.0 50.0 50.0 50.0 50.0 50.0 50.0 50.0 50.0 50.0 50.0 50.0 50.0 50.0 50.0
50.0 50.0 50.0 50.0 50.0 50.0 50.0 50.0 50.0 50.0 50.0 50.0 50.0 50.0 50.0 50.0 50.0 50.0 50.0 50.0 50.0 50.0 50.0 50.0 50.0 50.0 50.0 50.0 50.0 50.0 50.0 50.0 50.0 50.0 50.0 50.0 50.0 50.0 50.0 50.0 50.0 50.0 50.0 50.0 50.0 50.0 50.0 50.0 50.0 50.0 50.0 50.0 50.0 50.0 50.0 50.0 50.0 50.0 50.0 50.0 50.0 50.0 50.0 50.0 50.0 50.0 50.0 50.0 50.0 50.0 50.0 50.0 50.0 50.0 50.0 50.0 50.0 50.0 50.0 50.0 50.0 50.0 50.0 50.0 50.0 50.0 50.0 50.0 50.0 50.0 50.0 50.0 50.0 50.0 50.0 50.0 50.0 50.0 50.0 50.0 50.0 50.0 50.0 50.0 50.0 50.0 50.0 50.0 50.0 50.0 50.0 50.0 50.0 50.0 50.0 50.0 50.0 50.0 50.0 50.0 50.0 50.0 50.0 50.0 50.0 50.0 50.0 50.0 50.0 50.0 50.0 50.0 50.0 50.0 50.0 50.0 50.0 50.0 50.0 50.0 50.0 50.0 50.0 50.0 50.0 50.0 50.0 50.0 50.0 50.0 50.0
50.0 50.0 50.0 50.0 50.0 50.0 50.0 50.0 50.0 50.0 50.0 50.0 50.0 50.0 50.0 50.0 50.0 50.0 50.0 50.0 50.0 50.0 50.0 50.0 50.0 50.0 50.0 50.0 50.0 50.0 50.0 50.0 50.0 50.0 50.0 50.0 50.0 50.0 50.0 50.0 50.0 50.0 50.0 50.0 50.0 50.0 50.0 50.0 50.0 50.0 50.0 50.0 50.0 50.0 50.0 50.0 50.0 50.0 50.0 50.0 50.0 50.0 50.0 50.0 50.0 50.0 50.0 50.0 50.0 50.0 50.0 50.0 50.0 50.0 50.0 50.0 50.0 50.0 50.0 50.0 50.0 50.0 50.0 50.0 50.0 50.0 50.0 50.0 50.0 50.0 50.0 50.0 50.0 50.0 50.0 50.0 50.0 50.0 50.0 50.0 50.0 50.0 50.0 50.0 50.0 50.0 50.0 50.0 50.0 50.0 50.0 50.0 50.0 50.0 50.0 50.0 50.0 50.0 50.0 50.0 50.0 50.0 50.0 50.0 50.0 50.0 50.0 50.0 50.0 50.0 50.0 50.0 50.0 50.0 50.0 50.0 50.0 50.0 50.0 50.0 50.0 50.0 50.0 50.0 50.0 50.0 50.0 50.0 50.0 50.0 50.0
50.0 50.0 50.0 50.0 50.0 50.0 50.0 50.0 50.0 50.0 50.0 50.0 50.0 50.0 50.0 50.0 50.0 50.0 50.0 50.0 50.0 50.0 50.0 50.0 50.0 50.0 50.0 50.0 50.0 50.0 50.0 50.0 50.0 50.0 50.0 50.0 50.0 50.0 50.0 50.0 50.0 50.0 50.0 50.0 50.0 50.0 50.0 50.0 50.0 50.0 50.0 50.0 50.0 50.0 50.0 50.0 50.0 50.0 50.0 50.0 50.0 50.0 50.0 50.0 50.0 50.0 50.0 50.0 50.0 50.0 50.0 50.0 50.0 50.0 50.0 50.0 50.0 50.0 50.0 50.0 50.0 50.0 50.0 50.0 50.0 50.0 50.0 50.0 50.0 50.0 50.0 50.0 50.0 50.0 50.0 50.0 50.0 50.0 50.0 50.0 50.0 50.0 50.0 50.0 50.0 50.0 50.0 50.0 50.0 50.0 50.0 50.0 50.0 50.0 50.0 50.0 50.0 50.0 50.0 50.0 50.0 50.0 50.0 50.0 50.0 50.0 50.0 50.0 50.0 50.0 50.0 50.0 50.0 50.0 50.0 50.0 50.0 50.0 50.0 50.0 50.0 50.0 50.0 50.0 50.0 50.0 50.0 50.0 50.0 50.0 50.0