4 151 8
300.0440999999999 302.0443999999999 304.0446999999999 306.0449999999999 308.0452999999999 310.0455999999999 312.0458999999999 314.0461999999999 316.04649999999987 318.0467999999999 320.0470999999999 322.04739999999987 324.0476999999999 326.0479999999999 328.04829999999987 330.0485999999999 332.0488999999999 334.04919999999987 336.0494999999999 338.0497999999999 340.0500999999999 342.05039999999985 344.0506999999999 346.0509999999999 348.05129999999986 350.0515999999999 352.0518999999999 354.05219999999986 356.0524999999999 358.0527999999999 360.05309999999986 362.0533999999999 364.0536999999999 366.05399999999986 368.0542999999999 369.99 372.04 373.98 376.04 377.98 380.03 381.97 384.02 385.96 388.01 389.95 392.0 394.05 395.99 398.05 399.99 402.04 403.99 406.05 407.99 410.06 412.01 413.96 416.02 417.97 420.04 422.0 423.95 426.02 427.98 430.05 432.01 433.96 436.03 437.99 440.06 442.01 443.96 446.03 447.98 450.04 451.98 454.04 455.99 458.04 459.98 462.03 463.97 466.02 467.95 470.0 472.05 473.98 476.02 477.96 480.0 482.05 483.98 486.03 487.96 490.01 492.06 493.99 496.05 497.98 500.04 501.98 504.04 505.98 508.04 509.99 512.05 514.0 515.95 518.01 519.96 522.03 523.98 526.04 527.99 530.05 532.0 534.06 536.0 538.06 540.0 542.05 543.99 546.04 547.98 550.03 551.96 554.0 556.04 557.97 560.01 562.05 563.98 566.01 568.05 569.98 572.01 574.05 575.97 578.01 580.05 581.98 584.02 585.95 588.0 590.04 591.97 594.02 595.96 598.01 599.95
0.0 39.77 47.82 50.0 60.0 70.0 80.0 90.0
71.69571887237906 73.57599534423954 75.36437038778762 77.059139926765 78.65965831186735 80.16623779837676 81.58003765435421 82.90294809043735 84.1374735347074 85.28661899637405 86.35378244503603 87.34265533785087 88.25713269845934 89.10123351652605 89.87903170908201 90.59459746729591 91.2519484996252 91.85501046399374 92.40758574427717 92.91332965545237 93.37573314305375 93.79811106299918 94.1835951759797 94.53513105688582 94.85547819647397 95.14721265370444 95.41273169848115 95.65425996277307 95.8738566912248 96.07342374913698 96.25471410551005 96.41934056156039 96.4069939071313 96.41074744211178 96.563831937408 96.91530964829214 97.34436592910232 97.67791929610567 97.86604374217423 97.9398007670396 98.05122616705792 98.29545436328918 98.59857013318947 98.79152143414133 98.80879158391957 98.6556543781998 98.49037986514793 98.48482725729622 98.58674724316202 98.61589502910886 98.40527674145724 97.92722808631181 97.36373620336815 96.9937631856413 96.99991391709 97.28218739025105 97.54169625960145 97.44124626060493 96.86864682345893 96.02766753588848 95.2681527035574 94.89681635605845 94.9758730506993 95.24951944173903 95.2862870197205 94.73811229285424 93.6043498520863 92.275094081251 91.24305562651908 90.83616561700305 91.12674931030982 91.70414142876338 91.89141103541306 91.20643699144638 89.67967498719521 87.82439870363683 86.28685938103573 85.6624678829394 86.11530085545832 87.23509612170959 87.68771614855491 86.22130565085897 83.05120426896492 79.15238513156245 75.5612482601958 72.80128012975575 70.51328491877157 67.01420636986988 61.43176500377257 54.04298882100838 45.556019154742074 37.25367896302876 30.34698179628913 24.835969612468585 20.22803608545039 15.917695164147238 11.443119081472643 6.9172016907500105 3.612552478234011 1.898646191648833 1.1391897750286393 0.7697240070032954 0.5849911114289309 0.5028877302100179 0.4720992577688369 0.4926258237728209 0.5747306978383386 0.7081509256073717 0.8518343784202428 0.9544657292213664 1.0057817251458987 1.0263085040563662 1.0365721236455454 1.0365726345058828 1.0263099722171718 1.0057841784042596 0.9544689887062778 0.8621013065750459 0.7389441848646445 0.6363132200125337 0.6260502477009152 0.6363135066350843 0.6260505036314589 0.6055243668345296 0.5747350810389926 0.5542089100322132 0.5234195920533898 0.4926302636632728 0.4515777908428688 0.40026217011349946 0.32842027145517144 0.21552582051240177 0.1231576202242149 0.0821050855499822 0.06157881783905161 0.0513156841571526 0.041052549326119216 0.04105255114189731 0.030789414517279345 0.030789415634486728 0.030789416643358082 0.030789417507608257 0.030789418334842278 0.03078941904349273 0.030789419724948922 0.030789420337166515 0.030789420861623028 0.030789421365953664 0.030789421797892756 0.030789422211010282 0.04105256341977199
71.52213347988318 73.3978575386498 75.18190267535343 76.8725689395434 78.46921224512295 79.97214409136032 81.3825209395659 82.71976494393425 83.90706841879786 84.99894479984997 86.01684248207043 86.90947866356692 87.61406062576805 88.19756778754278 88.73933143006595 89.29251522151195 89.79564896799263 90.14620965006982 90.31711142584889 90.4085067587758 90.57204282953248 90.82300901957005 91.0269231429739 91.06672063227158 90.97401757275277 90.63995431311702 89.73238874230974 88.10814376245007 85.61314128937657 82.38733463654683 78.81676772643166 74.94382403823741 70.8417522457267 66.74777153913881 62.83871165870208 59.14626611915066 55.6687935053575 52.586733481305146 50.07300927658551 48.37179083835763 47.50053789567325 47.08685236358917 46.90851708073018 46.64348219419196 45.88180340697646 44.249019497815134 41.76719425424041 38.630962400988764 35.1599253852786 31.582989283866095 28.002712500491995 24.410019450605184 20.721786129874914 17.011170213240057 13.516024344891209 10.619987944094488 8.664879133306188 7.620257568355225 7.258756345433425 7.249149952250823 7.3948660646915485 7.530145625859684 7.613591404308232 7.645229487152238 7.614630711038476 7.532203244053412 7.377173003926279 7.159920382558922 6.911548284249281 6.71492394917328 6.663354194863721 6.787920004540851 7.0782900645666444 7.4101234372795135 7.690123509324576 7.856121310081278 7.918455580751258 7.887504409640102 7.763248398469358 7.514603163751627 7.1519191993080655 6.65447446108842 6.094815124609758 5.545507200155417 5.141298465212689 4.944393508275951 4.975526602631607 5.1932381643408405 5.514609056726706 5.867076521536346 6.198814247007114 6.4579905618497895 6.634236819714696 6.717189127685138 6.706843813666343 6.5928366876724205 6.385531900379824 6.105660525645202 5.773956571319243 5.442249325096535 5.162371552257645 4.996519924222085 4.9654286040415165 5.110562400890268 5.442289072584129 5.970974780034164 6.686254432980626 7.598494049894805 8.707694296891125 9.962024263058149 11.35111700908885 12.823141771575441 14.357365005898103 15.933054793946852 17.519111232857018 19.12590133748697 20.75342422787071 22.43277964576421 24.22616486822229 26.143947071765332 28.269056335995227 30.62222618450499 33.23455506533254 36.05421190492189 39.03973059524134 42.08744812430669 45.062600993829726 47.861526079063935 50.339093770192505 52.42273907162541 54.06063054330246 55.20093592401194 55.87475402294924 56.11318430798473 56.00952390862457 55.64670363115162 55.16985304690566 54.68263579377191 54.28871553538051 54.08138996085455 54.060658977809 54.27835443015664 54.69301101367763 55.34609410971305 56.26870302989859 57.64743252969444 59.606679138992426 62.06351197401713 64.74840508233888 67.32963443042021 69.50657491051274
71.47502243901691 73.34951097377878 75.13238097462929 76.82193361086121 78.41752522063193 79.91946709802774 81.32891494260744 82.57608806680709 83.65119011716693 84.48036000259225 85.24817346300523 86.03562815841347 86.79337067225329 87.46942559191865 87.94162090518526 87.8879889710657 87.04665716314899 85.21996697682594 82.37761212681369 78.96313405638023 75.39082822468248 71.69795594465285 67.79966048907352 63.77261006182319 59.72484926429315 55.8269017324684 52.45671123841814 49.76777604467231 47.93440312204877 46.97529086029445 46.53348880986965 46.238004322652216 46.08010461419119 46.06122337550676 46.151217298465326 46.129450969310305 45.64413452930708 44.48961659213445 42.64861636267316 40.241858122573085 37.51462358605028 34.61142260289015 31.63004579547618 28.558400491282946 25.440903147518494 22.382111037508828 19.61587685233951 17.45901544374064 16.03893733969241 15.325463290929495 15.107467213183567 15.11110910681459 15.18823077116055 15.254672538614383 15.26782463380786 15.206866396321594 15.092639739449307 14.925298710272198 14.736674753420527 14.632394613595967 14.676170318488236 14.984297913666971 15.535758580057205 16.235426627910407 16.94560271473628 17.58172298812015 18.058978580063567 18.37739913789004 18.5370166441815 18.51655047383982 18.316066457673983 17.9566552543871 17.470115559259654 16.941176404857703 16.475673757184666 16.158375275244772 15.978667050945624 15.883653290818183 15.820362974823016 15.714701163888469 15.524286898814639 15.227962616241156 14.804527917612647 14.285768973149706 13.682259876028388 13.057556282228179 12.464603251113122 11.988121126183747 11.712845259101337 11.69172457761177 11.967131502930027 12.560248437914044 13.46048561430557 14.667852203239717 16.139982536228437 17.823931300387546 19.687924616525756 21.668416252293895 23.712458989191546 25.756502102657322 27.789960417014857 29.78105529878516 31.708610091357997 33.6043910310019 35.43663053478864 37.25827723192122 39.101107444694094 40.95452625067832 42.839717176355386 44.746091061491235 46.631281221706004 48.44233691113026 50.16866381370483 51.72553827796644 53.08118494102046 54.21442444103911 55.104072626900304 55.760722300484524 56.22673465178664 56.502111587949464 56.66098717772524 56.745726383214986 56.8410546727698 56.94697337534164 57.1058448719402 57.33885196929605 57.63540297570154 57.98490799822065 58.35559412703481 58.72627942025207 59.07578283886535 59.38292238671383 59.69006129446871 60.039563473325636 60.558519039969035 61.5011084385089 63.026194963247214 65.00668825327226 67.22018017264945 69.32776356965516 71.1493936635949 72.79097891876353 74.41138245657667 76.16946697197783 78.0864144068576 80.08808863230223 81.84617290305702 83.06412326518073 83.7207578251792 83.85844014601551 83.7948959408678
50.0 50.0 50.0 50.0 50.0 50.0 50.0 50.0 50.0 50.0 50.0 50.0 50.0 50.0 50.0 50.0 50.0 50.0 50.0 50.0 50.0 50.0 50.0 50.0 50.0 50.0 50.0 50.0 50.0 50.0 50.0 50.0 50.0 50.0 50.0 50.0 50.0 50.0 50.0 50.0 50.0 50.0 50.0 50.0 50.0 50.0 50.0 50.0 50.0 50.0 50.0 50.0 50.0 50.0 50.0 50.0 50.0 50.0 50.0 50.0 50.0 50.0 50.0 50.0 50.0 50.0 50.0 50.0 50.0 50.0 50.0 50.0 50.0 50.0 50.0 50.0 50.0 50.0 50.0 50.0 50.0 50.0 50.0 50.0 50.0 50.0 50.0 50.0 50.0 50.0 50.0 50.0 50.0 50.0 50.0 50.0 50.0 50.0 50.0 50.0 50.0 50.0 50.0 50.0 50.0 50.0 50.0 50.0 50.0 50.0 50.0 50.0 50.0 50.0 50.0 50.0 50.0 50.0 50.0 50.0 50.0 50.0 50.0 50.0 50.0 50.0 50.0 50.0 50.0 50.0 50.0 50.0 50.0 50.0 50.0 50.0 50.0 50.0 50.0 50.0 50.0 50.0 50.0 50.0 50.0 50.0 50.0 50.0 50.0 50.0 50.0
50.0 50.0 50.0 50.0 50.0 50.0 50.0 50.0 50.0 50.0 50.0 50.0 50.0 50.0 50.0 50.0 50.0 50.0 50.0 50.0 50.0 50.0 50.0 50.0 50.0 50.0 50.0 50.0 50.0 50.0 50.0 50.0 50.0 50.0 50.0 50.0 50.0 50.0 50.0 50.0 50.0 50.0 50.0 50.0 50.0 50.0 50.0 50.0 50.0 50.0 50.0 50.0 50.0 50.0 50.0 50.0 50.0 50.0 50.0 50.0 50.0 50.0 50.0 50.0 50.0 50.0 50.0 50.0 50.0 50.0 50.0 50.0 50.0 50.0 50.0 50.0 50.0 50.0 50.0 50.0 50.0 50.0 50.0 50.0 50.0 50.0 50.0 50.0 50.0 50.0 50.0 50.0 50.0 50.0 50.0 50.0 50.0 50.0 50.0 50.0 50.0 50.0 50.0 50.0 50.0 50.0 50.0 50.0 50.0 50.0 50.0 50.0 50.0 50.0 50.0 50.0 50.0 50.0 50.0 50.0 50.0 50.0 50.0 50.0 50.0 50.0 50.0 50.0 50.0 50.0 50.0 50.0 50.0 50.0 50.0 50.0 50.0 50.0 50.0 50.0 50.0 50.0 50.0 50.0 50.0 50.0 50.0 50.0 50.0 50.0 50.0
50.0 50.0 50.0 50.0 50.0 50.0 50.0 50.0 50.0 50.0 50.0 50.0 50.0 50.0 50.0 50.0 50.0 50.0 50.0 50.0 50.0 50.0 50.0 50.0 50.0 50.0 50.0 50.0 50.0 50.0 50.0 50.0 50.0 50.0 50.0 50.0 50.0 50.0 50.0 50.0 50.0 50.0 50.0 50.0 50.0 50.0 50.0 50.0 50.0 50.0 50.0 50.0 50.0 50.0 50.0 50.0 50.0 50.0 50.0 50.0 50.0 50.0 50.0 50.0 50.0 50.0 50.0 50.0 50.0 50.0 50.0 50.0 50.0 50.0 50.0 50.0 50.0 50.0 50.0 50.0 50.0 50.0 50.0 50.0 50.0 50.0 50.0 50.0 50.0 50.0 50.0 50.0 50.0 50.0 50.0 50.0 50.0 50.0 50.0 50.0 50.0 50.0 50.0 50.0 50.0 50.0 50.0 50.0 50.0 50.0 50.0 50.0 50.0 50.0 50.0 50.0 50.0 50.0 50.0 50.0 50.0 50.0 50.0 50.0 50.0 50.0 50.0 50.0 50.0 50.0 50.0 50.0 50.0 50.0 50.0 50.0 50.0 50.0 50.0 50.0 50.0 50.0 50.0 50.0 50.0 50.0 50.0 50.0 50.0 50.0 50.0
50.0 50.0 50.0 50.0 50.0 50.0 50.0 50.0 50.0 50.0 50.0 50.0 50.0 50.0 50.0 50.0 50.0 50.0 50.0 50.0 50.0 50.0 50.0 50.0 50.0 50.0 50.0 50.0 50.0 50.0 50.0 50.0 50.0 50.0 50.0 50.0 50.0 50.0 50.0 50.0 50.0 50.0 50.0 50.0 50.0 50.0 50.0 50.0 50.0 50.0 50.0 50.0 50.0 50.0 50.0 50.0 50.0 50.0 50.0 50.0 50.0 50.0 50.0 50.0 50.0 50.0 50.0 50.0 50.0 50.0 50.0 50.0 50.0 50.0 50.0 50.0 50.0 50.0 50.0 50.0 50.0 50.0 50.0 50.0 50.0 50.0 50.0 50.0 50.0 50.0 50.0 50.0 50.0 50.0 50.0 50.0 50.0 50.0 50.0 50.0 50.0 50.0 50.0 50.0 50.0 50.0 50.0 50.0 50.0 50.0 50.0 50.0 50.0 50.0 50.0 50.0 50.0 50.0 50.0 50.0 50.0 50.0 50.0 50.0 50.0 50.0 50.0 50.0 50.0 50.0 50.0 50.0 50.0 50.0 50.0 50.0 50.0 50.0 50.0 50.0 50.0 50.0 50.0 50.0 50.0 50.0 50.0 50.0 50.0 50.0 50.0
50.0 50.0 50.0 50.0 50.0 50.0 50.0 50.0 50.0 50.0 50.0 50.0 50.0 50.0 50.0 50.0 50.0 50.0 50.0 50.0 50.0 50.0 50.0 50.0 50.0 50.0 50.0 50.0 50.0 50.0 50.0 50.0 50.0 50.0 50.0 50.0 50.0 50.0 50.0 50.0 50.0 50.0 50.0 50.0 50.0 50.0 50.0 50.0 50.0 50.0 50.0 50.0 50.0 50.0 50.0 50.0 50.0 50.0 50.0 50.0 50.0 50.0 50.0 50.0 50.0 50.0 50.0 50.0 50.0 50.0 50.0 50.0 50.0 50.0 50.0 50.0 50.0 50.0 50.0 50.0 50.0 50.0 50.0 50.0 50.0 50.0 50.0 50.0 50.0 50.0 50.0 50.0 50.0 50.0 50.0 50.0 50.0 50.0 50.0 50.0 50.0 50.0 50.0 50.0 50.0 50.0 50.0 50.0 50.0 50.0 50.0 50.0 50.0 50.0 50.0 50.0 50.0 50.0 50.0 50.0 50.0 50.0 50.0 50.0 50.0 50.0 50.0 50.0 50.0 50.0 50.0 50.0 50.0 50.0 50.0 50.0 50.0 50.0 50.0 50.0 50.0 50.0 50.0 50.0 50.0 50.0 50.0 50.0 50.0 50.0 50.0