4 151 8
300.0440999999999 302.0443999999999 304.0446999999999 306.0449999999999 308.0452999999999 310.0455999999999 312.0458999999999 314.0461999999999 316.04649999999987 318.0467999999999 320.0470999999999 322.04739999999987 324.0476999999999 326.0479999999999 328.04829999999987 330.0485999999999 332.0488999999999 334.04919999999987 336.0494999999999 338.0497999999999 340.0500999999999 342.05039999999985 344.0506999999999 346.0509999999999 348.05129999999986 350.0515999999999 352.0518999999999 354.05219999999986 356.0524999999999 358.0527999999999 360.05309999999986 362.0533999999999 364.0536999999999 366.05399999999986 368.0542999999999 369.99 372.04 373.98 376.04 377.98 380.03 381.97 384.02 385.96 388.01 389.95 392.0 394.05 395.99 398.05 399.99 402.04 403.99 406.05 407.99 410.06 412.01 413.96 416.02 417.97 420.04 422.0 423.95 426.02 427.98 430.05 432.01 433.96 436.03 437.99 440.06 442.01 443.96 446.03 447.98 450.04 451.98 454.04 455.99 458.04 459.98 462.03 463.97 466.02 467.95 470.0 472.05 473.98 476.02 477.96 480.0 482.05 483.98 486.03 487.96 490.01 492.06 493.99 496.05 497.98 500.04 501.98 504.04 505.98 508.04 509.99 512.05 514.0 515.95 518.01 519.96 522.03 523.98 526.04 527.99 530.05 532.0 534.06 536.0 538.06 540.0 542.05 543.99 546.04 547.98 550.03 551.96 554.0 556.04 557.97 560.01 562.05 563.98 566.01 568.05 569.98 572.01 574.05 575.97 578.01 580.05 581.98 584.02 585.95 588.0 590.04 591.97 594.02 595.96 598.01 599.95
0.0 39.77 47.82 50.0 60.0 70.0 80.0 90.0
71.69571887237906 73.57599534423954 75.36437038778762 77.059139926765 78.65965831186735 80.16623779837676 81.58003765435421 82.90294809043735 84.1374735347074 85.28661899637405 86.35378244503603 87.34265533785087 88.25713269845934 89.10123351652605 89.87903170908201 90.59459746729591 91.2519484996252 91.85501046399374 92.40758574427717 92.91332965545237 93.37573314305375 93.79811106299918 94.1835951759797 94.53513105688582 94.85547819647397 95.14721265370444 95.41273169848115 95.65425996277307 95.8738566912248 96.07342374913698 96.25471410551005 96.41934056156039 96.56878454091712 96.7044047969927 96.66522193314236 96.64125085477475 96.77533832033096 97.10836874627414 97.51993957250146 97.8379287046649 98.01044794864782 98.0710355177109 98.1698806978278 98.40346294597745 98.69640437396991 98.88052221868057 98.88916774043248 98.73032329532853 98.55605079876872 98.54424881580282 98.6407450482668 98.6645239581318 98.44942482503416 97.96697901819682 97.39951216814805 97.02599285904319 97.0292359451137 97.30798976982145 97.5657648236701 97.4630586799227 96.88825475147065 96.0453406084767 95.28353703855385 94.91106416645343 94.9888378998527 95.26124392201574 95.29692165763086 94.74738954246072 93.6128718902616 92.28273206742062 91.24986583718707 90.8422989718361 91.13214747839871 91.70920619074673 91.8960147809291 91.21054797016332 89.68333345109433 87.82763088285554 86.28974796157638 85.6650491029328 86.11764937608811 87.23724343465271 87.6896750869029 86.2230441949161 83.05272065323437 79.15368954620891 75.56240967208778 72.80226339783414 70.51414255611783 67.01494815821967 61.43237906291643 54.04349130008525 45.55639235499745 37.25395441870287 30.347185542707663 24.836120114272287 20.228150412181687 15.917774217141343 11.443170492133302 6.917229909034127 3.612565773063792 1.8986525506081282 1.1391932169931815 0.7697261176683949 0.5849925585396456 0.5028888617680879 0.47210021608149244 0.49262673085730213 0.5747316288136579 0.7081519926481104 0.8518355427256081 0.9544669087724208 1.0057828526461727 1.0263095391147354 1.0365730719393436 1.0365734899880634 1.0263107405443848 1.0057848576708868 0.9544695721168326 0.8621017819524649 0.7389445546633754 0.6363135066350843 0.6260505036314589 0.6363137414193363 0.6260507132746168 0.6055245498500106 0.5747352383331339 0.554209046621182 0.5234197121133253 0.49263036321661474 0.45157787325086074 0.4002622380944605 0.32842032059790643 0.21552584956870327 0.12315763567810321 0.08210509465144415 0.06157882398917882 0.05131568892737164 0.0410525526897058 0.04105255417931564 0.030789416643358082 0.030789417507608257 0.030789418334842278 0.03078941904349273 0.030789419724948922 0.030789420337166515 0.030789420861623028 0.030789421365953664 0.030789421797892756 0.030789422211010282 0.03078942256482899
71.52213347988318 73.3978575386498 75.18190267535343 76.8725689395434 78.46921224512295 79.97214409136032 81.3825209395659 82.70222842391222 83.93376490890883 85.09816886785362 86.11730810824402 87.04804607215041 87.91276613823605 88.65933515815819 89.22414191779315 89.67578602405091 90.09483911395218 90.53481277389812 90.93284327519729 91.18484067550877 91.26335708076653 91.26943560677712 91.35564807881524 91.53665210676836 91.67628722759315 91.65634549615521 91.50846841152325 91.12298207238348 90.16606091971293 88.49423992966038 85.95323817027416 82.68397405116737 79.07393971834142 75.16539580771239 71.03150327000613 66.90735529443184 62.976348994998816 59.26408780106454 55.76919965425047 52.67287753702461 50.146893464541236 48.436606774886805 47.55801962492491 47.1385921334492 46.95506196620397 46.68550307258984 45.91912602728805 44.282509989472544 41.79504357967861 38.65427068162858 35.1791831339268 31.598563314236795 28.015275506590744 24.419928043337308 20.72940027780788 17.016822787613393 13.52011009330691 10.622804708060405 8.667017205603106 7.62196337836658 7.260225646146744 7.250484096426106 7.396060221327997 7.531276202113383 7.614630711038476 7.646170555861649 7.615480558828392 7.532940836643033 7.377844645255604 7.160513038393112 6.912064149259878 6.715377348003774 6.663748918764791 6.788294897088225 7.078644685806854 7.410457436290388 7.69043722633172 7.856410436934556 7.9187206627911735 7.887742079468949 7.763460116350349 7.51478813752197 7.152078972756349 6.654608640186502 6.094926406340848 5.545598588946821 5.141377489385994 4.944460288204752 4.975587118851163 5.193295648921747 5.514664179611681 5.867131072242344 6.198865028420919 6.458038312573828 6.634281361277373 6.717229832722844 6.706881720041795 6.592869430068504 6.3855605887480325 6.105685433298779 5.773977820497004 5.4422675523165855 5.162387149922078 4.9965336252111765 4.965440887176757 5.110573900272297 5.4423001198679515 5.970985774542165 6.686265263684256 7.598505499294093 8.707706198753092 9.96203657436055 11.351129733904997 12.823154704041805 14.35737814053667 15.933067943478306 17.519124348202546 19.125914254359966 20.75343691321396 22.432792015582944 24.22617699201351 26.143958848111573 28.26906789243975 30.622237483363794 33.23456619446196 36.05422280205386 39.03974127967857 42.087458497075936 45.0626113301126 47.8615357511755 50.33910295652478 52.422747975160256 54.060638632593744 55.20094336597426 55.87476103414519 56.11319052820859 56.00952950252373 55.646708803974896 55.16985756717493 54.6826398396603 54.288719284139155 54.081393250979225 54.06066194774998 54.278357137751925 54.69301348300386 55.34609643518048 56.26870510720885 57.647434455906016 59.60668095156076 62.063513677432766 64.7484066951622
71.47502243901691 73.34951097377878 75.13238097462929 76.82193361086121 78.41752522063193 79.91946709802774 81.32891494260744 82.64775314649188 83.87847842853844 84.95036091457351 85.85468958330902 86.5169595577201 87.12715464912712 87.76789033527028 88.38837016654789 88.93543994231808 89.28494343139036 89.11074580921772 88.14903755824378 86.2018396704489 83.24067623844091 79.71507259042902 76.04308963890082 72.2613236548674 68.28332689183472 64.18551519627997 60.07571862937549 56.124407875923296 52.71023191808605 49.98586198725255 48.12482179777981 47.1444275709782 46.6853233795044 46.374707200657674 46.20353107912556 46.17134874494092 46.25230356277821 46.221342644906855 45.7264598587971 44.56249649466753 42.711545641997795 40.29578032964218 37.56002108114154 34.6494541754016 31.661430647326167 28.58412861057914 25.461598087517615 22.3990512524895 19.628956230736136 17.469549471535068 16.047722165612473 15.333020499292287 15.114244956687255 15.117243056284524 15.193811633505469 15.259741453332449 15.272439932561177 15.21089974866862 15.096363871594466 14.928639768462695 14.739657717126255 14.635087580933208 14.678540293282932 14.986547656532684 15.537879316197914 16.23742508354985 16.94749396640198 17.58344468204802 18.06062272699808 18.378920310226377 18.53840021236251 18.51780073108669 18.317151465163157 17.95764698914917 17.470990809353918 16.94194000025664 16.476345878907484 16.158969947859035 15.979201960514011 15.884131904199934 15.820794424849298 15.715087985049982 15.524633710457897 15.228269668932004 14.80479822499047 14.28600439961542 13.682470178791975 13.05773264009237 12.464754855300429 11.988253824145405 11.712962338266026 11.691833284533814 11.967229539075761 12.560341309055815 13.460575986578966 14.667941087960044 16.14007375771127 17.824019820435296 19.688013068739206 21.668504647219113 23.712546255219614 25.756588366516898 27.790044382005135 29.781136961606478 31.708688529933415 33.60446664493634 35.43670246748278 37.258345836536414 39.1011707824732 40.95458796089624 42.839775730592955 44.7461463597563 46.6313334962513 48.442385766465705 50.16870970981922 51.72558096699258 53.08122467922819 54.214461055304895 55.104106308767356 55.76075304790139 56.226762790008095 56.5021370389048 56.66101034084562 56.745747321011805 56.841073706918216 56.94699058716381 57.10586050073184 57.33886610088888 57.635416195884474 57.98491971611904 58.35560477629044 58.726289394387045 59.075791678592346 59.38293039247431 59.690068784411594 60.03957012879403 60.558525088194855 61.50111415554773 63.02620012721552 65.00669306302221 67.22018481435498 69.32776778731646 71.14939757234305 72.79098254983366 74.41138581616458 76.16947017237737 78.08641728962726 80.0880913083382 81.84617539190195 83.06412554498607 83.72075991058644
50.0 50.0 50.0 50.0 50.0 50.0 50.0 50.0 50.0 50.0 50.0 50.0 50.0 50.0 50.0 50.0 50.0 50.0 50.0 50.0 50.0 50.0 50.0 50.0 50.0 50.0 50.0 50.0 50.0 50.0 50.0 50.0 50.0 50.0 50.0 50.0 50.0 50.0 50.0 50.0 50.0 50.0 50.0 50.0 50.0 50.0 50.0 50.0 50.0 50.0 50.0 50.0 50.0 50.0 50.0 50.0 50.0 50.0 50.0 50.0 50.0 50.0 50.0 50.0 50.0 50.0 50.0 50.0 50.0 50.0 50.0 50.0 50.0 50.0 50.0 50.0 50.0 50.0 50.0 50.0 50.0 50.0 50.0 50.0 50.0 50.0 50.0 50.0 50.0 50.0 50.0 50.0 50.0 50.0 50.0 50.0 50.0 50.0 50.0 50.0 50.0 50.0 50.0 50.0 50.0 50.0 50.0 50.0 50.0 50.0 50.0 50.0 50.0 50.0 50.0 50.0 50.0 50.0 50.0 50.0 50.0 50.0 50.0 50.0 50.0 50.0 50.0 50.0 50.0 50.0 50.0 50.0 50.0 50.0 50.0 50.0 50.0 50.0 50.0 50.0 50.0 50.0 50.0 50.0 50.0 50.0 50.0 50.0 50.0 50.0 50.0
50.0 50.0 50.0 50.0 50.0 50.0 50.0 50.0 50.0 50.0 50.0 50.0 50.0 50.0 50.0 50.0 50.0 50.0 50.0 50.0 50.0 50.0 50.0 50.0 50.0 50.0 50.0 50.0 50.0 50.0 50.0 50.0 50.0 50.0 50.0 50.0 50.0 50.0 50.0 50.0 50.0 50.0 50.0 50.0 50.0 50.0 50.0 50.0 50.0 50.0 50.0 50.0 50.0 50.0 50.0 50.0 50.0 50.0 50.0 50.0 50.0 50.0 50.0 50.0 50.0 50.0 50.0 50.0 50.0 50.0 50.0 50.0 50.0 50.0 50.0 50.0 50.0 50.0 50.0 50.0 50.0 50.0 50.0 50.0 50.0 50.0 50.0 50.0 50.0 50.0 50.0 50.0 50.0 50.0 50.0 50.0 50.0 50.0 50.0 50.0 50.0 50.0 50.0 50.0 50.0 50.0 50.0 50.0 50.0 50.0 50.0 50.0 50.0 50.0 50.0 50.0 50.0 50.0 50.0 50.0 50.0 50.0 50.0 50.0 50.0 50.0 50.0 50.0 50.0 50.0 50.0 50.0 50.0 50.0 50.0 50.0 50.0 50.0 50.0 50.0 50.0 50.0 50.0 50.0 50.0 50.0 50.0 50.0 50.0 50.0 50.0
50.0 50.0 50.0 50.0 50.0 50.0 50.0 50.0 50.0 50.0 50.0 50.0 50.0 50.0 50.0 50.0 50.0 50.0 50.0 50.0 50.0 50.0 50.0 50.0 50.0 50.0 50.0 50.0 50.0 50.0 50.0 50.0 50.0 50.0 50.0 50.0 50.0 50.0 50.0 50.0 50.0 50.0 50.0 50.0 50.0 50.0 50.0 50.0 50.0 50.0 50.0 50.0 50.0 50.0 50.0 50.0 50.0 50.0 50.0 50.0 50.0 50.0 50.0 50.0 50.0 50.0 50.0 50.0 50.0 50.0 50.0 50.0 50.0 50.0 50.0 50.0 50.0 50.0 50.0 50.0 50.0 50.0 50.0 50.0 50.0 50.0 50.0 50.0 50.0 50.0 50.0 50.0 50.0 50.0 50.0 50.0 50.0 50.0 50.0 50.0 50.0 50.0 50.0 50.0 50.0 50.0 50.0 50.0 50.0 50.0 50.0 50.0 50.0 50.0 50.0 50.0 50.0 50.0 50.0 50.0 50.0 50.0 50.0 50.0 50.0 50.0 50.0 50.0 50.0 50.0 50.0 50.0 50.0 50.0 50.0 50.0 50.0 50.0 50.0 50.0 50.0 50.0 50.0 50.0 50.0 50.0 50.0 50.0 50.0 50.0 50.0
50.0 50.0 50.0 50.0 50.0 50.0 50.0 50.0 50.0 50.0 50.0 50.0 50.0 50.0 50.0 50.0 50.0 50.0 50.0 50.0 50.0 50.0 50.0 50.0 50.0 50.0 50.0 50.0 50.0 50.0 50.0 50.0 50.0 50.0 50.0 50.0 50.0 50.0 50.0 50.0 50.0 50.0 50.0 50.0 50.0 50.0 50.0 50.0 50.0 50.0 50.0 50.0 50.0 50.0 50.0 50.0 50.0 50.0 50.0 50.0 50.0 50.0 50.0 50.0 50.0 50.0 50.0 50.0 50.0 50.0 50.0 50.0 50.0 50.0 50.0 50.0 50.0 50.0 50.0 50.0 50.0 50.0 50.0 50.0 50.0 50.0 50.0 50.0 50.0 50.0 50.0 50.0 50.0 50.0 50.0 50.0 50.0 50.0 50.0 50.0 50.0 50.0 50.0 50.0 50.0 50.0 50.0 50.0 50.0 50.0 50.0 50.0 50.0 50.0 50.0 50.0 50.0 50.0 50.0 50.0 50.0 50.0 50.0 50.0 50.0 50.0 50.0 50.0 50.0 50.0 50.0 50.0 50.0 50.0 50.0 50.0 50.0 50.0 50.0 50.0 50.0 50.0 50.0 50.0 50.0 50.0 50.0 50.0 50.0 50.0 50.0
50.0 50.0 50.0 50.0 50.0 50.0 50.0 50.0 50.0 50.0 50.0 50.0 50.0 50.0 50.0 50.0 50.0 50.0 50.0 50.0 50.0 50.0 50.0 50.0 50.0 50.0 50.0 50.0 50.0 50.0 50.0 50.0 50.0 50.0 50.0 50.0 50.0 50.0 50.0 50.0 50.0 50.0 50.0 50.0 50.0 50.0 50.0 50.0 50.0 50.0 50.0 50.0 50.0 50.0 50.0 50.0 50.0 50.0 50.0 50.0 50.0 50.0 50.0 50.0 50.0 50.0 50.0 50.0 50.0 50.0 50.0 50.0 50.0 50.0 50.0 50.0 50.0 50.0 50.0 50.0 50.0 50.0 50.0 50.0 50.0 50.0 50.0 50.0 50.0 50.0 50.0 50.0 50.0 50.0 50.0 50.0 50.0 50.0 50.0 50.0 50.0 50.0 50.0 50.0 50.0 50.0 50.0 50.0 50.0 50.0 50.0 50.0 50.0 50.0 50.0 50.0 50.0 50.0 50.0 50.0 50.0 50.0 50.0 50.0 50.0 50.0 50.0 50.0 50.0 50.0 50.0 50.0 50.0 50.0 50.0 50.0 50.0 50.0 50.0 50.0 50.0 50.0 50.0 50.0 50.0 50.0 50.0 50.0 50.0 50.0 50.0