4 151 8
300.0440999999999 302.0443999999999 304.0446999999999 306.0449999999999 308.0452999999999 310.0455999999999 312.0458999999999 314.0461999999999 316.04649999999987 318.0467999999999 320.0470999999999 322.04739999999987 324.0476999999999 326.0479999999999 328.04829999999987 330.0485999999999 332.0488999999999 334.04919999999987 336.0494999999999 338.0497999999999 340.0500999999999 342.05039999999985 344.0506999999999 346.0509999999999 348.05129999999986 350.0515999999999 352.0518999999999 354.05219999999986 356.0524999999999 358.0527999999999 360.05309999999986 362.0533999999999 364.0536999999999 366.05399999999986 368.0542999999999 369.99 372.04 373.98 376.04 377.98 380.03 381.97 384.02 385.96 388.01 389.95 392.0 394.05 395.99 398.05 399.99 402.04 403.99 406.05 407.99 410.06 412.01 413.96 416.02 417.97 420.04 422.0 423.95 426.02 427.98 430.05 432.01 433.96 436.03 437.99 440.06 442.01 443.96 446.03 447.98 450.04 451.98 454.04 455.99 458.04 459.98 462.03 463.97 466.02 467.95 470.0 472.05 473.98 476.02 477.96 480.0 482.05 483.98 486.03 487.96 490.01 492.06 493.99 496.05 497.98 500.04 501.98 504.04 505.98 508.04 509.99 512.05 514.0 515.95 518.01 519.96 522.03 523.98 526.04 527.99 530.05 532.0 534.06 536.0 538.06 540.0 542.05 543.99 546.04 547.98 550.03 551.96 554.0 556.04 557.97 560.01 562.05 563.98 566.01 568.05 569.98 572.01 574.05 575.97 578.01 580.05 581.98 584.02 585.95 588.0 590.04 591.97 594.02 595.96 598.01 599.95
0.0 39.77 47.82 50.0 60.0 70.0 80.0 90.0
71.69571887237906 73.57599534423954 75.36437038778762 77.059139926765 78.65965831186735 80.16623779837676 81.58003765435421 82.90294809043735 84.1374735347074 85.28661899637405 86.35378244503603 87.34265533785087 88.25713269845934 89.10123351652605 89.87903170908201 90.59459746729591 91.2519484996252 91.85501046399374 92.40758574427717 92.91332965545237 93.37573314305375 93.79811106299918 94.1835951759797 94.53513105688582 94.85547819647397 95.14721265370444 95.41273169848115 95.65425996277307 95.8738566912248 96.07342374913698 96.25471410551005 96.41934056156039 96.56878454091712 96.7044047969927 96.82744592631735 96.9356102996638 97.03952971011766 97.12870983733956 97.21455354043725 97.28781956784148 97.35799645408639 97.41818069421042 97.47581208819456 97.52522531486972 97.57253227447336 97.61308529960714 97.65190279403683 97.68696513369119 97.7170146520184 97.74590529610686 97.77053608831841 97.79410522056654 97.81439940481441 97.8338021147945 97.68640322018972 97.56912526520385 97.61344070362973 97.87176723082851 98.21162414739511 98.46783248074665 98.58013347239275 98.58850145311713 98.63707450616846 98.82894038339585 99.08132751458558 99.23088981388825 99.20522382679742 99.01492029708 98.8141569366575 98.77689208950815 98.85231137185714 98.85538181541007 98.62217986516195 98.12207863080229 97.53947258904779 97.15170077415978 97.14326290406292 97.41181212419066 97.65959464268312 97.5481500685768 96.96445054273791 96.11387154557785 95.34520435721647 94.96644263029678 95.03907648209605 95.30666599450826 95.3381482892429 94.7845650891452 93.6459832374582 92.31232139099325 91.27624112689254 90.86613596106247 91.15383575063917 91.72888280836537 91.91389709857621 91.22655855196957 89.69763297943578 87.8402511441088 86.30100508372102 85.67512652910519 86.1268521805436 87.24565044713351 87.69735170456518 86.22985120866471 83.0586802852869 79.15881205749515 75.56682371756584 72.80612559795212 70.51751824247576 67.01786249264002 61.43478986452399 54.04540582360825 45.557857988738384 37.25503626986489 30.34798587846177 24.836711344268455 20.228584696129822 15.918084839260668 11.443371751723316 6.91734048852335 3.612617822798724 1.8986773988304937 1.1392066541490484 0.769734364620165 0.5849982074861173 0.5028932702144155 0.4721039457736457 0.4926302636632728 0.5747353701636513 0.7081561471238835 0.8518400790868509 0.9544714908406365 1.0057872318310883 1.0263135693747776 1.0365767669573687 1.0365768199744823 1.0263137331529804 1.005787502976484 0.9544718500356598 0.8621036377656284 0.738945999440594 0.6363146284905706 0.626051506141793 0.6363146602321831 0.6260515344072948 0.6055252666309414 0.5747358560836299 0.554209584587166 0.5234201705641769 0.4926307553761645 0.45157819761749185
71.52213347988318 73.3978575386498 75.18190267535343 76.8725689395434 78.46921224512295 79.97214409136032 81.3825209395659 82.70222842391222 83.93376490890883 85.08012812821657 86.14470782447316 87.1311865173005 88.04344979994077 88.88550693152084 89.66142196554709 90.37525523868449 91.03101473195468 91.63261659871306 92.18385401673052 92.68837345095362 93.14965739484794 93.57101267860018 93.95556348046945 94.30624824369625 94.62581977792281 94.91684790510934 95.18172409103299 95.4226675815167 95.64173263548497 95.86113899373247 95.9911266975619 96.09411537791689 96.19198711797205 96.22479844318386 96.1219275796248 95.95248823177864 95.80903159522717 95.73271523975048 95.66309616208451 95.47795090174867 95.15553234205862 94.79191285449023 94.5490132192036 94.43190612291627 94.30227609827953 94.03174745359316 93.65601322884571 93.0593951178673 91.899487514961 90.03478025308995 87.30683221626808 83.86289733284187 80.09389326884252 76.04324202986689 71.78188733243907 67.54974787832421 63.52174236794119 59.729980858480005 56.16475665853196 53.01199800795994 50.43837217793816 48.692179624713035 47.784349861325005 47.342410238869554 47.13819011595247 46.85092581789481 46.06588648238236 44.41015739456952 41.90449964243492 38.74552568820816 35.25463603565533 31.659687960110386 28.064435570785463 24.45858924752399 20.75918785603386 17.038869965400558 13.535998675996263 10.634138665296641 8.675352349157347 7.628617832443031 7.26593530248544 7.255657512090178 7.4008469370261345 7.535670531799979 7.61865800792606 7.649816371294868 7.618775110279648 7.535896497955671 7.380454226295891 7.162808968872111 6.914062044738704 6.717139460800423 6.665334804807108 6.789751355916303 7.080022140238196 7.411758225921039 7.691663425457515 7.857539352188563 7.919753717213467 7.88866997409231 7.7642897442589875 7.515512334151476 7.152705087241434 6.655133998725259 6.095363761294224 5.545957477983121 5.141677827532389 4.944722594542731 4.9758253125092144 5.193521494060492 5.5148805925436255 5.867338918926192 6.199064457420264 6.45822585336948 6.634456324868931 6.717389738044205 6.70702571200417 6.5929980844297775 6.385672896373526 6.1057830393615316 5.774061011789271 5.442338776867 5.162448041963695 4.996587158761459 4.965488835666649 5.110618700808669 5.442343115196827 5.971028594659049 6.686308789492209 7.5985500770222325 8.707752570733282 9.96208439868084 11.351179156795808 12.823205059851674 14.357429319534523 15.933119128368114 17.519175432031297 19.12596455725292 20.753486442969603 22.432840305786705 24.226224358799545 26.144004941339773 28.269113160405404 30.62228170071031 33.23460978516118 36.054265480718804 39.03978324129486 42.08749935101213 45.06265079937993 47.86157385146269 50.33913911490677
71.47502243901691 73.34951097377878 75.13238097462929 76.82193361086121 78.41752522063193 79.91946709802774 81.32891494260744 82.64775314649188 83.87847842853844 85.02408654782548 86.08796501419509 87.07379392162383 87.9854563039456 88.8269587794212 89.60236272459848 90.31572580163201 90.97105335151933 91.57225894807783 92.1231332705434 92.62732038196619 93.08830048192192 93.50937822241552 93.89367572383553 94.24412949389409 94.56349052898037 94.85432695833398 95.11902867249327 95.3598134554822 95.5787342131018 95.69463671827498 95.69839752785218 95.50783813108447 95.33239034312744 95.2572850025226 95.22154355777214 95.16032290104089 94.9477689324318 94.2268878896398 92.7344791255366 90.26034321849858 86.79070235135019 82.79161763130506 78.70119952840426 74.54690962189503 70.23924441308256 65.84897229366995 61.485591403218045 57.317082139970786 53.72357681656023 50.856034283821856 48.88269286391634 47.81662147436085 47.28750485050265 46.91631096768582 46.69162990505229 46.61465026076884 46.65286187155634 46.58470270732726 46.05078621797527 44.84940041000239 42.95980641172476 40.508398597116646 37.738770501692095 34.79927167703352 31.7849125248926 28.685411979413367 25.542974978718284 22.463618070623657 19.680362045421706 17.510791585895408 16.082141589136864 15.362680880964433 15.140766818025035 15.141176411841572 15.215644723055503 15.279512137731459 15.290387820785607 15.2271289547977 15.11088217206991 14.941673411217405 14.75124942022428 14.645530110056688 14.688040215828856 14.995291968850987 15.54609713468241 16.24516734544852 16.954825662729068 17.590343807942762 18.0670108607838 18.384813285085176 18.543758638611042 18.522659795878297 18.321510710266434 17.96149988208994 17.474390541192207 16.94491389222821 16.478972944224893 16.16129188709701 15.98128656305942 15.886000474500813 15.822485084992453 15.716602440752908 15.525992783544028 15.229471888616684 14.805860576101173 14.286928932877126 13.683269452476914 13.058425359991302 12.465351573935793 11.988775167244516 11.713421992097851 11.692247474833362 11.967614547073351 12.560706060128624 13.460930977661015 14.668290261933807 16.140420273572182 17.82436764135146 19.688359336536326 21.6688510419765 23.712887904846134 25.7569254505373 27.790372174650262 29.781456040814707 31.708994723032077 33.60476122988111 35.43698242497195 37.258613029724245 39.10142532069193 40.95482822689175 42.84000386934571 44.7463611706556 46.631536529372916 48.44257599699973 50.168888543604986 51.72574713512614 53.08137945820786 54.21460364426534 55.10423781917364 55.76087308191788 56.22687272402878 56.502236655260205 56.66110107353903 56.74582925971318 56.84114826008473 56.947057997340536 57.10592188060087 57.33892175923606 57.63546667737195 57.98496587514964 58.35564669289453
50.0 50.0 50.0 50.0 50.0 50.0 50.0 50.0 50.0 50.0 50.0 50.0 50.0 50.0 50.0 50.0 50.0 50.0 50.0 50.0 50.0 50.0 50.0 50.0 50.0 50.0 50.0 50.0 50.0 50.0 50.0 50.0 50.0 50.0 50.0 50.0 50.0 50.0 50.0 50.0 50.0 50.0 50.0 50.0 50.0 50.0 50.0 50.0 50.0 50.0 50.0 50.0 50.0 50.0 50.0 50.0 50.0 50.0 50.0 50.0 50.0 50.0 50.0 50.0 50.0 50.0 50.0 50.0 50.0 50.0 50.0 50.0 50.0 50.0 50.0 50.0 50.0 50.0 50.0 50.0 50.0 50.0 50.0 50.0 50.0 50.0 50.0 50.0 50.0 50.0 50.0 50.0 50.0 50.0 50.0 50.0 50.0 50.0 50.0 50.0 50.0 50.0 50.0 50.0 50.0 50.0 50.0 50.0 50.0 50.0 50.0 50.0 50.0 50.0 50.0 50.0 50.0 50.0 50.0 50.0 50.0 50.0 50.0 50.0 50.0 50.0 50.0 50.0 50.0 50.0 50.0 50.0 50.0 50.0 50.0 50.0 50.0 50.0 50.0 50.0 50.0 50.0 50.0 50.0 50.0 50.0 50.0 50.0 50.0 50.0 50.0
50.0 50.0 50.0 50.0 50.0 50.0 50.0 50.0 50.0 50.0 50.0 50.0 50.0 50.0 50.0 50.0 50.0 50.0 50.0 50.0 50.0 50.0 50.0 50.0 50.0 50.0 50.0 50.0 50.0 50.0 50.0 50.0 50.0 50.0 50.0 50.0 50.0 50.0 50.0 50.0 50.0 50.0 50.0 50.0 50.0 50.0 50.0 50.0 50.0 50.0 50.0 50.0 50.0 50.0 50.0 50.0 50.0 50.0 50.0 50.0 50.0 50.0 50.0 50.0 50.0 50.0 50.0 50.0 50.0 50.0 50.0 50.0 50.0 50.0 50.0 50.0 50.0 50.0 50.0 50.0 50.0 50.0 50.0 50.0 50.0 50.0 50.0 50.0 50.0 50.0 50.0 50.0 50.0 50.0 50.0 50.0 50.0 50.0 50.0 50.0 50.0 50.0 50.0 50.0 50.0 50.0 50.0 50.0 50.0 50.0 50.0 50.0 50.0 50.0 50.0 50.0 50.0 50.0 50.0 50.0 50.0 50.0 50.0 50.0 50.0 50.0 50.0 50.0 50.0 50.0 50.0 50.0 50.0 50.0 50.0 50.0 50.0 50.0 50.0 50.0 50.0 50.0 50.0 50.0 50.0 50.0 50.0 50.0 50.0 50.0 50.0
50.0 50.0 50.0 50.0 50.0 50.0 50.0 50.0 50.0 50.0 50.0 50.0 50.0 50.0 50.0 50.0 50.0 50.0 50.0 50.0 50.0 50.0 50.0 50.0 50.0 50.0 50.0 50.0 50.0 50.0 50.0 50.0 50.0 50.0 50.0 50.0 50.0 50.0 50.0 50.0 50.0 50.0 50.0 50.0 50.0 50.0 50.0 50.0 50.0 50.0 50.0 50.0 50.0 50.0 50.0 50.0 50.0 50.0 50.0 50.0 50.0 50.0 50.0 50.0 50.0 50.0 50.0 50.0 50.0 50.0 50.0 50.0 50.0 50.0 50.0 50.0 50.0 50.0 50.0 50.0 50.0 50.0 50.0 50.0 50.0 50.0 50.0 50.0 50.0 50.0 50.0 50.0 50.0 50.0 50.0 50.0 50.0 50.0 50.0 50.0 50.0 50.0 50.0 50.0 50.0 50.0 50.0 50.0 50.0 50.0 50.0 50.0 50.0 50.0 50.0 50.0 50.0 50.0 50.0 50.0 50.0 50.0 50.0 50.0 50.0 50.0 50.0 50.0 50.0 50.0 50.0 50.0 50.0 50.0 50.0 50.0 50.0 50.0 50.0 50.0 50.0 50.0 50.0 50.0 50.0 50.0 50.0 50.0 50.0 50.0 50.0
50.0 50.0 50.0 50.0 50.0 50.0 50.0 50.0 50.0 50.0 50.0 50.0 50.0 50.0 50.0 50.0 50.0 50.0 50.0 50.0 50.0 50.0 50.0 50.0 50.0 50.0 50.0 50.0 50.0 50.0 50.0 50.0 50.0 50.0 50.0 50.0 50.0 50.0 50.0 50.0 50.0 50.0 50.0 50.0 50.0 50.0 50.0 50.0 50.0 50.0 50.0 50.0 50.0 50.0 50.0 50.0 50.0 50.0 50.0 50.0 50.0 50.0 50.0 50.0 50.0 50.0 50.0 50.0 50.0 50.0 50.0 50.0 50.0 50.0 50.0 50.0 50.0 50.0 50.0 50.0 50.0 50.0 50.0 50.0 50.0 50.0 50.0 50.0 50.0 50.0 50.0 50.0 50.0 50.0 50.0 50.0 50.0 50.0 50.0 50.0 50.0 50.0 50.0 50.0 50.0 50.0 50.0 50.0 50.0 50.0 50.0 50.0 50.0 50.0 50.0 50.0 50.0 50.0 50.0 50.0 50.0 50.0 50.0 50.0 50.0 50.0 50.0 50.0 50.0 50.0 50.0 50.0 50.0 50.0 50.0 50.0 50.0 50.0 50.0 50.0 50.0 50.0 50.0 50.0 50.0 50.0 50.0 50.0 50.0 50.0 50.0
50.0 50.0 50.0 50.0 50.0 50.0 50.0 50.0 50.0 50.0 50.0 50.0 50.0 50.0 50.0 50.0 50.0 50.0 50.0 50.0 50.0 50.0 50.0 50.0 50.0 50.0 50.0 50.0 50.0 50.0 50.0 50.0 50.0 50.0 50.0 50.0 50.0 50.0 50.0 50.0 50.0 50.0 50.0 50.0 50.0 50.0 50.0 50.0 50.0 50.0 50.0 50.0 50.0 50.0 50.0 50.0 50.0 50.0 50.0 50.0 50.0 50.0 50.0 50.0 50.0 50.0 50.0 50.0 50.0 50.0 50.0 50.0 50.0 50.0 50.0 50.0 50.0 50.0 50.0 50.0 50.0 50.0 50.0 50.0 50.0 50.0 50.0 50.0 50.0 50.0 50.0 50.0 50.0 50.0 50.0 50.0 50.0 50.0 50.0 50.0 50.0 50.0 50.0 50.0 50.0 50.0 50.0 50.0 50.0 50.0 50.0 50.0 50.0 50.0 50.0 50.0 50.0 50.0 50.0 50.0 50.0 50.0 50.0 50.0 50.0 50.0 50.0 50.0 50.0 50.0 50.0 50.0 50.0 50.0 50.0 50.0 50.0 50.0 50.0 50.0 50.0 50.0 50.0 50.0 50.0 50.0 50.0 50.0 50.0 50.0 50.0