4 151 8
300.0440999999999 302.0443999999999 304.0446999999999 306.0449999999999 308.0452999999999 310.0455999999999 312.0458999999999 314.0461999999999 316.04649999999987 318.0467999999999 320.0470999999999 322.04739999999987 324.0476999999999 326.0479999999999 328.04829999999987 330.0485999999999 332.0488999999999 334.04919999999987 336.0494999999999 338.0497999999999 340.0500999999999 342.05039999999985 344.0506999999999 346.0509999999999 348.05129999999986 350.0515999999999 352.0518999999999 354.05219999999986 356.0524999999999 358.0527999999999 360.05309999999986 362.0533999999999 364.0536999999999 366.05399999999986 368.0542999999999 369.99 372.04 373.98 376.04 377.98 380.03 381.97 384.02 385.96 388.01 389.95 392.0 394.05 395.99 398.05 399.99 402.04 403.99 406.05 407.99 410.06 412.01 413.96 416.02 417.97 420.04 422.0 423.95 426.02 427.98 430.05 432.01 433.96 436.03 437.99 440.06 442.01 443.96 446.03 447.98 450.04 451.98 454.04 455.99 458.04 459.98 462.03 463.97 466.02 467.95 470.0 472.05 473.98 476.02 477.96 480.0 482.05 483.98 486.03 487.96 490.01 492.06 493.99 496.05 497.98 500.04 501.98 504.04 505.98 508.04 509.99 512.05 514.0 515.95 518.01 519.96 522.03 523.98 526.04 527.99 530.05 532.0 534.06 536.0 538.06 540.0 542.05 543.99 546.04 547.98 550.03 551.96 554.0 556.04 557.97 560.01 562.05 563.98 566.01 568.05 569.98 572.01 574.05 575.97 578.01 580.05 581.98 584.02 585.95 588.0 590.04 591.97 594.02 595.96 598.01 599.95
0.0 39.77 47.82 50.0 60.0 70.0 80.0 90.0
71.69571887237906 73.57599534423954 75.36437038778762 77.059139926765 78.65965831186735 80.16623779837676 81.58003765435421 82.90294809043735 84.1374735347074 85.28661899637405 86.35378244503603 87.34265533785087 88.25713269845934 89.10123351652605 89.87903170908201 90.59459746729591 91.2519484996252 91.85501046399374 92.40758574427717 92.91332965545237 93.37573314305375 93.79811106299918 94.1835951759797 94.53513105688582 94.85547819647397 95.14721265370444 95.41273169848115 95.65425996277307 95.8738566912248 96.07342374913698 96.25471410551005 96.41934056156039 96.56878454091712 96.7044047969927 96.82744592631735 96.9356102996638 97.03952971011766 97.12870983733956 97.21455354043725 97.28781956784148 97.35799645408639 97.41818069421042 97.47581208819456 97.52522531486972 97.57253227447336 97.61308529960714 97.65190279403683 97.68696513369119 97.7170146520184 97.74590529610686 97.77053608831841 97.79410522056654 97.81439940481441 97.8338021147945 97.85034096421353 97.86631092140497 97.87992006716338 97.89226822941059 97.90407208847844 97.91418161090486 97.92388960488357 97.93220188030669 97.7756153401757 97.64947503012783 97.6863937110676 97.93844696537161 98.27174483101223 98.52251290231625 98.62949592909315 98.63326137811917 98.67789629211438 98.86564184465921 99.11467514538747 99.26100477615617 99.23250993148339 99.03973551670786 98.83636931360876 98.79710598669627 98.87046279103203 98.87191520205528 98.63713605850322 98.13548511534923 97.55155662681088 97.16255444387832 97.15310841766585 97.42071500870755 97.66772414087455 97.55544345359618 96.97105705323204 96.11975565848168 95.35052353383837 94.97122455202981 95.04342185168537 95.31059908718832 95.34168200600412 94.78777081628878 93.64884450084114 92.31488013100348 91.27852767446959 90.86818043707443 91.15570794418353 91.7305756612727 91.91544550802642 91.22793946605816 89.69885897607901 87.84134220149113 86.30197210933196 85.67599894159913 86.12763980364673 87.24637810871866 87.69800858542557 86.2304405108159 83.05919006597426 79.15925475191953 75.56720325435036 72.80645879183488 70.51781098280466 67.01811347541727 61.43499848055225 54.045571235258095 45.55798441876005 37.25512950137671 30.34805474161023 24.83676216507732 20.228622227283115 15.918111471480788 11.443389120382934 6.917349952271789 3.6126223267429505 1.8986795248973694 1.139207816610126 0.7697350732585778 0.5849986960650208 0.5028936489936409 0.4721042700993957 0.4926305679086649 0.5747356905656691 0.7081565071977286 0.8518404683113951 0.9544718846690886 1.0057876103496972 1.0263139169202753 1.03657708393969 1.0365771077975885 1.0263139908316308 1.0057877310141061 0.9544720467103139 0.8621037982467026 0.7389461231494261 0.6363147256942125 0.6260515921515227
71.52213347988318 73.3978575386498 75.18190267535343 76.8725689395434 78.46921224512295 79.97214409136032 81.3825209395659 82.70222842391222 83.93376490890883 85.08012812821657 86.14470782447316 87.1311865173005 88.04344979994077 88.88550693152084 89.66142196554709 90.37525523868449 91.03101473195468 91.63261659871306 92.18385401673052 92.68837345095362 93.14965739484794 93.57101267860018 93.95556348046945 94.30624824369625 94.62581977792281 94.91684790510934 95.18172409103299 95.4226675815167 95.64173263548497 95.84081651355571 96.02166794054551 96.1858958128528 96.3349779673723 96.47026986778381 96.59301309727478 96.70091558950061 96.80458339648449 96.91409331170792 96.94833767329051 96.95966497975834 96.97811964046188 96.9350343625048 96.76556952082053 96.53612336475952 96.33527548450859 96.21012895476885 96.09346571252543 95.86967106680257 95.50642871409744 95.11080242604518 94.83488786632647 94.69225765690273 94.5360367722401 94.2443663638628 93.84633136253713 93.23024504138309 92.05269444845715 90.16959668859462 87.42607678244568 83.96586830407095 80.18354772106719 76.11972517805064 71.84744215004339 67.60537619668769 63.56921638494162 59.770674711064835 56.199138164741775 53.04143623490465 50.463628402239884 48.71428624238208 47.804125817894786 47.359991482063656 47.15405533496081 46.865144312416724 46.07855676881006 44.42128751320364 41.913919330573414 38.753454648678506 35.261109548187925 31.6649829865672 28.06869158221194 24.461931040761172 20.76175968468256 17.040773527206557 13.537370555580184 10.635110564970914 8.676074513338865 7.629188201506705 7.2664303548222176 7.256101705080286 7.40125982000515 7.536049981484425 7.619006347641095 7.650132062085851 7.619057500841982 7.536151370971461 7.3806797290104456 7.163007509712793 6.9142352478813915 6.717290595547723 6.665471703015393 6.789876660509263 7.080141412443332 7.411870419141059 7.691768555918901 7.857636950114404 7.919842460150695 7.888750302823937 7.764360748061254 7.515575016355004 7.1527586632614675 6.655179480478119 6.095401172179122 5.545988493663998 5.141703651773422 4.944745223838095 4.97584596872025 5.193540943866853 5.514899319595319 5.8673568765341715 6.199081660771964 6.458242015215508 6.634471379230452 6.7174034831481855 6.707038155900463 6.593009115039176 6.385682588497612 6.105791392802396 5.7740682104607135 5.442344870991366 5.162453309791875 4.996591758755635 4.965492982744468 5.110622550126819 5.442346853975181 5.971032282329234 6.686312516958691 7.598553940632192 8.707756549497736 9.962088509177923 11.35118342870582 12.823209402235248 14.357433709996878 15.93312355246843 17.51917983060586 19.1259688935958 20.75349071935006 22.432844481672472 24.22622841457348 26.144008935106974 28.269117044141424
71.47502243901691 73.34951097377878 75.13238097462929 76.82193361086121 78.41752522063193 79.91946709802774 81.32891494260744 82.64775314649188 83.87847842853844 85.02408654782548 86.08796501419509 87.07379392162383 87.9854563039456 88.8269587794212 89.60236272459848 90.31572580163201 90.97105335151933 91.57225894807783 92.1231332705434 92.62732038196619 93.08830048192192 93.50937822241552 93.89367572383553 94.24412949389409 94.56349052898037 94.85432695833398 95.11902867249327 95.3598134554822 95.5787342131018 95.77768695626004 95.95841925790286 96.12253895466186 96.27152290999275 96.4067256947426 96.52938807427819 96.63721949202018 96.74081901387254 96.74576214821785 96.65268944654082 96.36810695131335 96.11149777962852 95.96037969828058 95.8591564384378 95.73913965435628 95.46928222162452 94.69679212759391 93.15167340099688 90.63065695281568 87.11075250326688 83.07013699735388 78.93915735448086 74.75243763748699 70.41335657444091 65.99786601425474 61.610536108863165 57.42231191378738 53.81314015018786 50.932185180694994 48.94945734678878 47.87533306328398 47.34043691774793 46.9634986870438 46.73427104191595 46.65303818502547 46.68772865377998 46.61644072226437 46.07897641208483 44.874305844191184 42.981317861437404 40.52678971632867 37.75438901044244 34.81219485638254 31.795610317852574 28.694117535727734 25.550000498770302 22.46924792534037 19.684785982576486 17.514375028675516 16.08509461764134 15.36525026199607 15.143062936770079 15.143245160796141 15.217529769391541 15.281219146223146 15.291937508502317 15.228520627610802 15.112140050414975 14.9427905556937 14.752254471906117 14.646426712714748 14.688859641207031 14.99604703885859 15.54680793217984 16.245837747126156 16.95545409481741 17.590938734369413 18.067562881007497 18.38532288073421 18.544223175558017 18.523076553267945 18.321887012742266 17.96183136086047 17.47468492008707 16.94517039067225 16.479198180553237 16.16149262533024 15.981465637606549 15.88616223843224 15.822629780339913 15.716733523136803 15.526109078133317 15.22957596812534 14.805951448503137 14.287008832304819 13.683338177134564 13.058485121273925 12.465403321518673 11.988820065365335 11.71346176772952 11.692283260186729 11.967647759033555 12.560737493559717 13.460961522096222 14.668320276148068 16.140450219739776 17.824397462934105 19.688389219373235 21.66888068755424 23.712917468317777 25.75695429216466 27.79040053230238 29.78148345843397 31.70902120575574 33.60478654098822 35.437006769453724 37.25863604041231 39.10144711885544 40.9548490510596 42.840023443889564 44.74637963363781 46.63155407871515 48.44259240134212 50.16890388511296 51.72576149765569 53.08139278545642 54.214615936095626 55.10424917373262 55.760883461835576 56.226882137112774 56.50224528656134 56.66110885789215
50.0 50.0 50.0 50.0 50.0 50.0 50.0 50.0 50.0 50.0 50.0 50.0 50.0 50.0 50.0 50.0 50.0 50.0 50.0 50.0 50.0 50.0 50.0 50.0 50.0 50.0 50.0 50.0 50.0 50.0 50.0 50.0 50.0 50.0 50.0 50.0 50.0 50.0 50.0 50.0 50.0 50.0 50.0 50.0 50.0 50.0 50.0 50.0 50.0 50.0 50.0 50.0 50.0 50.0 50.0 50.0 50.0 50.0 50.0 50.0 50.0 50.0 50.0 50.0 50.0 50.0 50.0 50.0 50.0 50.0 50.0 50.0 50.0 50.0 50.0 50.0 50.0 50.0 50.0 50.0 50.0 50.0 50.0 50.0 50.0 50.0 50.0 50.0 50.0 50.0 50.0 50.0 50.0 50.0 50.0 50.0 50.0 50.0 50.0 50.0 50.0 50.0 50.0 50.0 50.0 50.0 50.0 50.0 50.0 50.0 50.0 50.0 50.0 50.0 50.0 50.0 50.0 50.0 50.0 50.0 50.0 50.0 50.0 50.0 50.0 50.0 50.0 50.0 50.0 50.0 50.0 50.0 50.0 50.0 50.0 50.0 50.0 50.0 50.0 50.0 50.0 50.0 50.0 50.0 50.0 50.0 50.0 50.0 50.0 50.0 50.0
50.0 50.0 50.0 50.0 50.0 50.0 50.0 50.0 50.0 50.0 50.0 50.0 50.0 50.0 50.0 50.0 50.0 50.0 50.0 50.0 50.0 50.0 50.0 50.0 50.0 50.0 50.0 50.0 50.0 50.0 50.0 50.0 50.0 50.0 50.0 50.0 50.0 50.0 50.0 50.0 50.0 50.0 50.0 50.0 50.0 50.0 50.0 50.0 50.0 50.0 50.0 50.0 50.0 50.0 50.0 50.0 50.0 50.0 50.0 50.0 50.0 50.0 50.0 50.0 50.0 50.0 50.0 50.0 50.0 50.0 50.0 50.0 50.0 50.0 50.0 50.0 50.0 50.0 50.0 50.0 50.0 50.0 50.0 50.0 50.0 50.0 50.0 50.0 50.0 50.0 50.0 50.0 50.0 50.0 50.0 50.0 50.0 50.0 50.0 50.0 50.0 50.0 50.0 50.0 50.0 50.0 50.0 50.0 50.0 50.0 50.0 50.0 50.0 50.0 50.0 50.0 50.0 50.0 50.0 50.0 50.0 50.0 50.0 50.0 50.0 50.0 50.0 50.0 50.0 50.0 50.0 50.0 50.0 50.0 50.0 50.0 50.0 50.0 50.0 50.0 50.0 50.0 50.0 50.0 50.0 50.0 50.0 50.0 50.0 50.0 50.0
50.0 50.0 50.0 50.0 50.0 50.0 50.0 50.0 50.0 50.0 50.0 50.0 50.0 50.0 50.0 50.0 50.0 50.0 50.0 50.0 50.0 50.0 50.0 50.0 50.0 50.0 50.0 50.0 50.0 50.0 50.0 50.0 50.0 50.0 50.0 50.0 50.0 50.0 50.0 50.0 50.0 50.0 50.0 50.0 50.0 50.0 50.0 50.0 50.0 50.0 50.0 50.0 50.0 50.0 50.0 50.0 50.0 50.0 50.0 50.0 50.0 50.0 50.0 50.0 50.0 50.0 50.0 50.0 50.0 50.0 50.0 50.0 50.0 50.0 50.0 50.0 50.0 50.0 50.0 50.0 50.0 50.0 50.0 50.0 50.0 50.0 50.0 50.0 50.0 50.0 50.0 50.0 50.0 50.0 50.0 50.0 50.0 50.0 50.0 50.0 50.0 50.0 50.0 50.0 50.0 50.0 50.0 50.0 50.0 50.0 50.0 50.0 50.0 50.0 50.0 50.0 50.0 50.0 50.0 50.0 50.0 50.0 50.0 50.0 50.0 50.0 50.0 50.0 50.0 50.0 50.0 50.0 50.0 50.0 50.0 50.0 50.0 50.0 50.0 50.0 50.0 50.0 50.0 50.0 50.0 50.0 50.0 50.0 50.0 50.0 50.0
50.0 50.0 50.0 50.0 50.0 50.0 50.0 50.0 50.0 50.0 50.0 50.0 50.0 50.0 50.0 50.0 50.0 50.0 50.0 50.0 50.0 50.0 50.0 50.0 50.0 50.0 50.0 50.0 50.0 50.0 50.0 50.0 50.0 50.0 50.0 50.0 50.0 50.0 50.0 50.0 50.0 50.0 50.0 50.0 50.0 50.0 50.0 50.0 50.0 50.0 50.0 50.0 50.0 50.0 50.0 50.0 50.0 50.0 50.0 50.0 50.0 50.0 50.0 50.0 50.0 50.0 50.0 50.0 50.0 50.0 50.0 50.0 50.0 50.0 50.0 50.0 50.0 50.0 50.0 50.0 50.0 50.0 50.0 50.0 50.0 50.0 50.0 50.0 50.0 50.0 50.0 50.0 50.0 50.0 50.0 50.0 50.0 50.0 50.0 50.0 50.0 50.0 50.0 50.0 50.0 50.0 50.0 50.0 50.0 50.0 50.0 50.0 50.0 50.0 50.0 50.0 50.0 50.0 50.0 50.0 50.0 50.0 50.0 50.0 50.0 50.0 50.0 50.0 50.0 50.0 50.0 50.0 50.0 50.0 50.0 50.0 50.0 50.0 50.0 50.0 50.0 50.0 50.0 50.0 50.0 50.0 50.0 50.0 50.0 50.0 50.0
50.0 50.0 50.0 50.0 50.0 50.0 50.0 50.0 50.0 50.0 50.0 50.0 50.0 50.0 50.0 50.0 50.0 50.0 50.0 50.0 50.0 50.0 50.0 50.0 50.0 50.0 50.0 50.0 50.0 50.0 50.0 50.0 50.0 50.0 50.0 50.0 50.0 50.0 50.0 50.0 50.0 50.0 50.0 50.0 50.0 50.0 50.0 50.0 50.0 50.0 50.0 50.0 50.0 50.0 50.0 50.0 50.0 50.0 50.0 50.0 50.0 50.0 50.0 50.0 50.0 50.0 50.0 50.0 50.0 50.0 50.0 50.0 50.0 50.0 50.0 50.0 50.0 50.0 50.0 50.0 50.0 50.0 50.0 50.0 50.0 50.0 50.0 50.0 50.0 50.0 50.0 50.0 50.0 50.0 50.0 50.0 50.0 50.0 50.0 50.0 50.0 50.0 50.0 50.0 50.0 50.0 50.0 50.0 50.0 50.0 50.0 50.0 50.0 50.0 50.0 50.0 50.0 50.0 50.0 50.0 50.0 50.0 50.0 50.0 50.0 50.0 50.0 50.0 50.0 50.0 50.0 50.0 50.0 50.0 50.0 50.0 50.0 50.0 50.0 50.0 50.0 50.0 50.0 50.0 50.0 50.0 50.0 50.0 50.0 50.0 50.0