4 151 8
300.0440999999999 302.0443999999999 304.0446999999999 306.0449999999999 308.0452999999999 310.0455999999999 312.0458999999999 314.0461999999999 316.04649999999987 318.0467999999999 320.0470999999999 322.04739999999987 324.0476999999999 326.0479999999999 328.04829999999987 330.0485999999999 332.0488999999999 334.04919999999987 336.0494999999999 338.0497999999999 340.0500999999999 342.05039999999985 344.0506999999999 346.0509999999999 348.05129999999986 350.0515999999999 352.0518999999999 354.05219999999986 356.0524999999999 358.0527999999999 360.05309999999986 362.0533999999999 364.0536999999999 366.05399999999986 368.0542999999999 369.99 372.04 373.98 376.04 377.98 380.03 381.97 384.02 385.96 388.01 389.95 392.0 394.05 395.99 398.05 399.99 402.04 403.99 406.05 407.99 410.06 412.01 413.96 416.02 417.97 420.04 422.0 423.95 426.02 427.98 430.05 432.01 433.96 436.03 437.99 440.06 442.01 443.96 446.03 447.98 450.04 451.98 454.04 455.99 458.04 459.98 462.03 463.97 466.02 467.95 470.0 472.05 473.98 476.02 477.96 480.0 482.05 483.98 486.03 487.96 490.01 492.06 493.99 496.05 497.98 500.04 501.98 504.04 505.98 508.04 509.99 512.05 514.0 515.95 518.01 519.96 522.03 523.98 526.04 527.99 530.05 532.0 534.06 536.0 538.06 540.0 542.05 543.99 546.04 547.98 550.03 551.96 554.0 556.04 557.97 560.01 562.05 563.98 566.01 568.05 569.98 572.01 574.05 575.97 578.01 580.05 581.98 584.02 585.95 588.0 590.04 591.97 594.02 595.96 598.01 599.95
0.0 39.77 47.82 50.0 60.0 70.0 80.0 90.0
71.69571887237906 73.57599534423954 75.36437038778762 77.059139926765 78.65965831186735 80.16623779837676 81.58003765435421 82.90294809043735 84.1374735347074 85.28661899637405 86.35378244503603 87.34265533785087 88.25713269845934 89.10123351652605 89.87903170908201 90.59459746729591 91.2519484996252 91.85501046399374 92.40758574427717 92.91332965545237 93.37573314305375 93.79811106299918 94.1835951759797 94.53513105688582 94.85547819647397 95.14721265370444 95.41273169848115 95.65425996277307 95.8738566912248 96.07342374913698 96.25471410551005 96.41934056156039 96.56878454091712 96.7044047969927 96.82744592631735 96.9356102996638 97.03952971011766 97.12870983733956 97.21455354043725 97.28781956784148 97.35799645408639 97.41818069421042 97.47581208819456 97.52522531486972 97.57253227447336 97.61308529960714 97.65190279403683 97.68696513369119 97.7170146520184 97.74590529610686 97.77053608831841 97.79410522056654 97.81439940481441 97.8338021147945 97.85034096421353 97.86631092140497 97.87992006716338 97.89226822941059 97.90407208847844 97.91418161090486 97.92388960488357 97.93220188030669 97.9397028003648 97.94690542356064 97.9530722323284 97.95896193122108 97.9640045027314 97.968554583207 97.97292345775323 97.81251445589642 97.68270436652327 97.71651856875614 97.9655194915279 98.29650876117181 98.54503416213076 98.64981529813817 98.65166679620377 98.69449162651067 98.88072438550957 99.12845883257437 99.2733722669538 99.24378087948786 99.04982374941916 98.84555602064172 98.80533726051408 98.8779720961653 98.8786930857756 98.64326977445472 98.14099043285617 97.55652330659052 97.16701720141879 97.15718422671992 97.42438220905402 97.6710424801089 97.5584530838617 96.97375990072679 96.1222002843702 95.35270164504205 94.973183618118 95.04520205870185 95.31221117739614 95.34314700080817 94.7890860553966 93.65001098298805 92.3159309484932 91.27945992990561 90.86902854751162 91.15647132238661 91.73127318457988 91.9160760312533 91.22850770226424 89.69936325452642 87.84179016121013 86.3023691441581 85.67635648068952 86.1279676037607 87.24667605367814 87.6982817224258 86.23068112823255 83.05940144453929 79.15943541831408 75.56736047345365 72.80659463543557 70.5179309240687 67.01821569972539 61.43508398986719 54.04563866182647 45.55803625835975 37.25516774453667 30.34808300065687 24.836783028797342 20.228637725235426 15.918122413979777 11.44339629852877 6.917353870586798 3.6126241646635426 1.8986804063330138 1.1392082941876507 0.7697353629319837 0.5849988970552478 0.5028938051748486 0.47210440178332663 0.49263069335747645 0.5747358221451977 0.7081566536738252 0.8518406293282735 0.9544720467103139 1.0057877646211528 1.0263140599297587 1.0365772144373462 1.0365772263492425
71.52213347988318 73.3978575386498 75.18190267535343 76.8725689395434 78.46921224512295 79.97214409136032 81.3825209395659 82.70222842391222 83.93376490890883 85.08012812821657 86.14470782447316 87.1311865173005 88.04344979994077 88.88550693152084 89.66142196554709 90.37525523868449 91.03101473195468 91.63261659871306 92.18385401673052 92.68837345095362 93.14965739484794 93.57101267860018 93.95556348046945 94.30624824369625 94.62581977792281 94.91684790510934 95.18172409103299 95.4226675815167 95.64173263548497 95.84081651355571 96.02166794054551 96.1858958128528 96.3349779673723 96.47026986778381 96.59301309727478 96.70091558950061 96.80458339648449 96.89354760610864 96.97918346955943 97.05227210963395 97.1222790877932 97.18231761342955 97.23980947372462 97.28910306404656 97.35693507454249 97.34577807860451 97.32252014285544 97.30580473188347 97.23238625064698 97.03369473596305 96.77894619353935 96.5540388014404 96.40854964768063 96.27246208271623 96.03000757752338 95.6523475549485 95.24120433263673 94.95296489046977 94.79873657980458 94.63247466238288 94.3311486235443 93.92484255198848 93.30016024299896 92.11569186959038 90.22560389446815 87.47509214517602 84.00859370201442 80.22012098664425 76.15137682301044 71.87455634485472 67.62838176622185 63.58882007307277 59.78719675327228 56.21330003329242 53.053560976054584 50.474024775852016 48.72337655119328 47.81216536356083 47.36721653004668 47.1606129587171 46.87098350618996 46.0837904267899 44.42581228584595 41.91781517276357 38.756683389980324 35.26378766279829 31.667153689665753 28.070437024021945 24.46330333435155 20.762816736108306 17.041556224213537 13.537938481181099 10.63551090160512 8.676369289926635 7.629423565468978 7.266632890028878 7.256286250431618 7.401428888473132 7.536205435097108 7.619149055135148 7.6502614569601235 7.619174573243219 7.536255939745684 7.38077166213767 7.163089046010729 6.914305865074285 6.717353290808444 6.665527522622591 6.789928291028198 7.080189980924782 7.4119165858434055 7.691811798309602 7.857677021278528 7.91987889562485 7.888783223789463 7.764390299066528 7.515600681921212 7.152780940654948 6.65519805109059 6.095416684455994 5.546001151359532 5.141714349192442 4.944754449832695 4.9758544319616185 5.1935488656972675 5.514906995598809 5.867364196574104 6.199088714593943 6.4582486447343355 6.634477557018047 6.717409125994246 6.707043294429243 6.593013647234827 6.385686594073268 6.105794851412155 5.774071148016291 5.442347397524515 5.16245547399022 4.996593639116558 4.965494688757778 5.110624137307735 5.442348372007684 5.971033802857907 6.686314047717722 7.598555512327868 8.707758195458252 9.962090200447257 11.351185169792677 12.823211189057506 14.357435517495304 15.933125374714106
71.47502243901691 73.34951097377878 75.13238097462929 76.82193361086121 78.41752522063193 79.91946709802774 81.32891494260744 82.64775314649188 83.87847842853844 85.02408654782548 86.08796501419509 87.07379392162383 87.9854563039456 88.8269587794212 89.60236272459848 90.31572580163201 90.97105335151933 91.57225894807783 92.1231332705434 92.62732038196619 93.08830048192192 93.50937822241552 93.89367572383553 94.24412949389409 94.56349052898037 94.85432695833398 95.11902867249327 95.3598134554822 95.5787342131018 95.77768695626004 95.95841925790286 96.12253895466186 96.27152290999275 96.4067256947426 96.52938807427819 96.63721949202018 96.74081901387254 96.82972462350378 96.9153040793159 96.98834457650453 97.05830544164326 97.11830442039675 97.17575841127646 97.22501953231604 97.18783473428326 97.04891783982977 96.72874830844341 96.43625459130259 96.25474179633707 96.1247700970016 95.97995778445643 95.68607899454973 94.89209176303369 93.32519000061522 90.78223151376336 87.24384406790901 83.1840305191092 79.03744292215016 74.83649476360142 70.48518649007688 66.05863828285656 61.66207905574678 57.46537403931242 53.849967850592016 50.963820781670954 48.97690082241536 47.89969406494001 47.36202980582953 46.98302676577813 46.751907885921476 46.66891384128723 46.70212637211173 46.629326619987594 46.09058805646598 44.884563661121966 42.99017275065123 40.534352200808385 37.76073842337176 34.81750566346592 31.80003207220827 28.697692698354487 25.552902498602162 22.47153665320031 19.686615656846033 17.515834237578137 16.086316295786375 15.366303583147953 15.144004602864628 15.144094684009866 15.218304545315323 15.281921025423035 15.29257904245184 15.229093873620306 15.112653497489587 14.943251547649819 14.752665657421186 14.646799217135623 14.689195181784765 14.996356377264506 15.547099131044796 16.24611253037378 16.9557146277934 17.59118281955432 18.067787929054283 18.38553216030875 18.54441257336386 18.523249436828262 18.322040448325186 17.96196794341131 17.4748047932451 16.945275937935406 16.479290825036877 16.161575043215873 15.981539160821326 15.886228533824958 15.822690000959646 15.716787195525667 15.526157434474895 15.229618464733319 14.805989128388633 14.287041439766607 13.683366645597939 13.058509486030403 12.465424523484677 11.98883835219516 11.71347807130429 11.69229784733085 11.967661376801706 12.560750387416205 13.460974056472567 14.668332598033079 16.14046258558086 17.824409715860686 19.688401569397133 21.668892961835724 23.712929532257867 25.756966249473574 27.790412182565394 29.78149466606117 31.709032100144757 33.60479697746154 35.437016653889536 37.258645528357064 39.10145607070942 40.95485752221868 42.840031541611026 44.746387230255685 46.63156123123686 48.44259915146992 50.16891020101988 51.72576741344771
50.0 50.0 50.0 50.0 50.0 50.0 50.0 50.0 50.0 50.0 50.0 50.0 50.0 50.0 50.0 50.0 50.0 50.0 50.0 50.0 50.0 50.0 50.0 50.0 50.0 50.0 50.0 50.0 50.0 50.0 50.0 50.0 50.0 50.0 50.0 50.0 50.0 50.0 50.0 50.0 50.0 50.0 50.0 50.0 50.0 50.0 50.0 50.0 50.0 50.0 50.0 50.0 50.0 50.0 50.0 50.0 50.0 50.0 50.0 50.0 50.0 50.0 50.0 50.0 50.0 50.0 50.0 50.0 50.0 50.0 50.0 50.0 50.0 50.0 50.0 50.0 50.0 50.0 50.0 50.0 50.0 50.0 50.0 50.0 50.0 50.0 50.0 50.0 50.0 50.0 50.0 50.0 50.0 50.0 50.0 50.0 50.0 50.0 50.0 50.0 50.0 50.0 50.0 50.0 50.0 50.0 50.0 50.0 50.0 50.0 50.0 50.0 50.0 50.0 50.0 50.0 50.0 50.0 50.0 50.0 50.0 50.0 50.0 50.0 50.0 50.0 50.0 50.0 50.0 50.0 50.0 50.0 50.0 50.0 50.0 50.0 50.0 50.0 50.0 50.0 50.0 50.0 50.0 50.0 50.0 50.0 50.0 50.0 50.0 50.0 50.0
50.0 50.0 50.0 50.0 50.0 50.0 50.0 50.0 50.0 50.0 50.0 50.0 50.0 50.0 50.0 50.0 50.0 50.0 50.0 50.0 50.0 50.0 50.0 50.0 50.0 50.0 50.0 50.0 50.0 50.0 50.0 50.0 50.0 50.0 50.0 50.0 50.0 50.0 50.0 50.0 50.0 50.0 50.0 50.0 50.0 50.0 50.0 50.0 50.0 50.0 50.0 50.0 50.0 50.0 50.0 50.0 50.0 50.0 50.0 50.0 50.0 50.0 50.0 50.0 50.0 50.0 50.0 50.0 50.0 50.0 50.0 50.0 50.0 50.0 50.0 50.0 50.0 50.0 50.0 50.0 50.0 50.0 50.0 50.0 50.0 50.0 50.0 50.0 50.0 50.0 50.0 50.0 50.0 50.0 50.0 50.0 50.0 50.0 50.0 50.0 50.0 50.0 50.0 50.0 50.0 50.0 50.0 50.0 50.0 50.0 50.0 50.0 50.0 50.0 50.0 50.0 50.0 50.0 50.0 50.0 50.0 50.0 50.0 50.0 50.0 50.0 50.0 50.0 50.0 50.0 50.0 50.0 50.0 50.0 50.0 50.0 50.0 50.0 50.0 50.0 50.0 50.0 50.0 50.0 50.0 50.0 50.0 50.0 50.0 50.0 50.0
50.0 50.0 50.0 50.0 50.0 50.0 50.0 50.0 50.0 50.0 50.0 50.0 50.0 50.0 50.0 50.0 50.0 50.0 50.0 50.0 50.0 50.0 50.0 50.0 50.0 50.0 50.0 50.0 50.0 50.0 50.0 50.0 50.0 50.0 50.0 50.0 50.0 50.0 50.0 50.0 50.0 50.0 50.0 50.0 50.0 50.0 50.0 50.0 50.0 50.0 50.0 50.0 50.0 50.0 50.0 50.0 50.0 50.0 50.0 50.0 50.0 50.0 50.0 50.0 50.0 50.0 50.0 50.0 50.0 50.0 50.0 50.0 50.0 50.0 50.0 50.0 50.0 50.0 50.0 50.0 50.0 50.0 50.0 50.0 50.0 50.0 50.0 50.0 50.0 50.0 50.0 50.0 50.0 50.0 50.0 50.0 50.0 50.0 50.0 50.0 50.0 50.0 50.0 50.0 50.0 50.0 50.0 50.0 50.0 50.0 50.0 50.0 50.0 50.0 50.0 50.0 50.0 50.0 50.0 50.0 50.0 50.0 50.0 50.0 50.0 50.0 50.0 50.0 50.0 50.0 50.0 50.0 50.0 50.0 50.0 50.0 50.0 50.0 50.0 50.0 50.0 50.0 50.0 50.0 50.0 50.0 50.0 50.0 50.0 50.0 50.0
50.0 50.0 50.0 50.0 50.0 50.0 50.0 50.0 50.0 50.0 50.0 50.0 50.0 50.0 50.0 50.0 50.0 50.0 50.0 50.0 50.0 50.0 50.0 50.0 50.0 50.0 50.0 50.0 50.0 50.0 50.0 50.0 50.0 50.0 50.0 50.0 50.0 50.0 50.0 50.0 50.0 50.0 50.0 50.0 50.0 50.0 50.0 50.0 50.0 50.0 50.0 50.0 50.0 50.0 50.0 50.0 50.0 50.0 50.0 50.0 50.0 50.0 50.0 50.0 50.0 50.0 50.0 50.0 50.0 50.0 50.0 50.0 50.0 50.0 50.0 50.0 50.0 50.0 50.0 50.0 50.0 50.0 50.0 50.0 50.0 50.0 50.0 50.0 50.0 50.0 50.0 50.0 50.0 50.0 50.0 50.0 50.0 50.0 50.0 50.0 50.0 50.0 50.0 50.0 50.0 50.0 50.0 50.0 50.0 50.0 50.0 50.0 50.0 50.0 50.0 50.0 50.0 50.0 50.0 50.0 50.0 50.0 50.0 50.0 50.0 50.0 50.0 50.0 50.0 50.0 50.0 50.0 50.0 50.0 50.0 50.0 50.0 50.0 50.0 50.0 50.0 50.0 50.0 50.0 50.0 50.0 50.0 50.0 50.0 50.0 50.0
50.0 50.0 50.0 50.0 50.0 50.0 50.0 50.0 50.0 50.0 50.0 50.0 50.0 50.0 50.0 50.0 50.0 50.0 50.0 50.0 50.0 50.0 50.0 50.0 50.0 50.0 50.0 50.0 50.0 50.0 50.0 50.0 50.0 50.0 50.0 50.0 50.0 50.0 50.0 50.0 50.0 50.0 50.0 50.0 50.0 50.0 50.0 50.0 50.0 50.0 50.0 50.0 50.0 50.0 50.0 50.0 50.0 50.0 50.0 50.0 50.0 50.0 50.0 50.0 50.0 50.0 50.0 50.0 50.0 50.0 50.0 50.0 50.0 50.0 50.0 50.0 50.0 50.0 50.0 50.0 50.0 50.0 50.0 50.0 50.0 50.0 50.0 50.0 50.0 50.0 50.0 50.0 50.0 50.0 50.0 50.0 50.0 50.0 50.0 50.0 50.0 50.0 50.0 50.0 50.0 50.0 50.0 50.0 50.0 50.0 50.0 50.0 50.0 50.0 50.0 50.0 50.0 50.0 50.0 50.0 50.0 50.0 50.0 50.0 50.0 50.0 50.0 50.0 50.0 50.0 50.0 50.0 50.0 50.0 50.0 50.0 50.0 50.0 50.0 50.0 50.0 50.0 50.0 50.0 50.0 50.0 50.0 50.0 50.0 50.0 50.0