4 151 8
300.0440999999999 302.0443999999999 304.0446999999999 306.0449999999999 308.0452999999999 310.0455999999999 312.0458999999999 314.0461999999999 316.04649999999987 318.0467999999999 320.0470999999999 322.04739999999987 324.0476999999999 326.0479999999999 328.04829999999987 330.0485999999999 332.0488999999999 334.04919999999987 336.0494999999999 338.0497999999999 340.0500999999999 342.05039999999985 344.0506999999999 346.0509999999999 348.05129999999986 350.0515999999999 352.0518999999999 354.05219999999986 356.0524999999999 358.0527999999999 360.05309999999986 362.0533999999999 364.0536999999999 366.05399999999986 368.0542999999999 369.99 372.04 373.98 376.04 377.98 380.03 381.97 384.02 385.96 388.01 389.95 392.0 394.05 395.99 398.05 399.99 402.04 403.99 406.05 407.99 410.06 412.01 413.96 416.02 417.97 420.04 422.0 423.95 426.02 427.98 430.05 432.01 433.96 436.03 437.99 440.06 442.01 443.96 446.03 447.98 450.04 451.98 454.04 455.99 458.04 459.98 462.03 463.97 466.02 467.95 470.0 472.05 473.98 476.02 477.96 480.0 482.05 483.98 486.03 487.96 490.01 492.06 493.99 496.05 497.98 500.04 501.98 504.04 505.98 508.04 509.99 512.05 514.0 515.95 518.01 519.96 522.03 523.98 526.04 527.99 530.05 532.0 534.06 536.0 538.06 540.0 542.05 543.99 546.04 547.98 550.03 551.96 554.0 556.04 557.97 560.01 562.05 563.98 566.01 568.05 569.98 572.01 574.05 575.97 578.01 580.05 581.98 584.02 585.95 588.0 590.04 591.97 594.02 595.96 598.01 599.95
0.0 39.77 47.82 50.0 60.0 70.0 80.0 90.0
71.69571887237906 73.57599534423954 75.36437038778762 77.059139926765 78.65965831186735 80.16623779837676 81.58003765435421 82.90294809043735 84.1374735347074 85.28661899637405 86.35378244503603 87.34265533785087 88.25713269845934 89.10123351652605 89.87903170908201 90.59459746729591 91.2519484996252 91.85501046399374 92.40758574427717 92.91332965545237 93.37573314305375 93.79811106299918 94.1835951759797 94.53513105688582 94.85547819647397 95.14721265370444 95.41273169848115 95.65425996277307 95.8738566912248 96.07342374913698 96.25471410551005 96.41934056156039 96.56878454091712 96.7044047969927 96.82744592631735 96.9356102996638 97.03952971011766 97.12870983733956 97.21455354043725 97.28781956784148 97.35799645408639 97.41818069421042 97.47581208819456 97.52522531486972 97.57253227447336 97.61308529960714 97.65190279403683 97.68696513369119 97.7170146520184 97.74590529610686 97.77053608831841 97.79410522056654 97.81439940481441 97.8338021147945 97.85034096421353 97.86631092140497 97.87992006716338 97.89226822941059 97.90407208847844 97.91418161090486 97.92388960488357 97.93220188030669 97.9397028003648 97.94690542356064 97.9530722323284 97.95896193122108 97.9640045027314 97.80441878495242 97.67541405667733 97.70992109061856 97.95971655199709 98.29108020670766 98.5400973184577 98.64536902191084 98.64764248591473 98.69085953167182 98.87741431747654 99.12547193929018 99.27066497565582 99.24133803000275 99.04761103169714 98.84356296466002 98.80353326351096 98.87634263485081 98.87717329715964 98.64193749749258 98.13979678041224 97.55544345359618 97.16604594983608 97.15628089033164 97.4235841036194 97.67032030059084 97.55779809114794 96.97317225959324 96.12165701487994 95.35222809161314 94.97275693268864 95.04481432943003 95.31186041295244 95.34282767793329 94.78879965913973 93.64975418540092 92.31570258426726 91.27925454056938 90.8688440931583 91.1563034739624 91.7311245942691 91.91593753245829 91.22838300936795 89.69925240209399 87.84169168901785 86.30228210609985 85.67627810092094 86.12789652250859 87.24661073818179 87.69822249453468 86.2306284205392 83.05935564418866 79.15939580362503 75.56732643471427 72.80656487197201 70.51790490467201 67.01819325759716 61.43506542155076 54.045623870559545 45.558025030240636 37.2551591990942 30.348076867756202 24.836778496357784 20.228634289582246 15.91812003209284 11.443394755777524 6.917353002593404 3.612623764199217 1.8986802167040915 1.1392081882887877 0.7697352998647353 0.5849988537720366 0.5028937704488959 0.4721043730621298 0.4926306662937293 0.5747357934753542 0.7081566217013723 0.8518405935366321 0.9544720114734168 1.0057877310141061 1.0263140287207677 1.0365771859871067 1.036577200529056 1.0263140737003429 1.0057878037844135
71.52213347988318 73.3978575386498 75.18190267535343 76.8725689395434 78.46921224512295 79.97214409136032 81.3825209395659 82.70222842391222 83.93376490890883 85.08012812821657 86.14470782447316 87.1311865173005 88.04344979994077 88.88550693152084 89.66142196554709 90.37525523868449 91.03101473195468 91.63261659871306 92.18385401673052 92.68837345095362 93.14965739484794 93.57101267860018 93.95556348046945 94.30624824369625 94.62581977792281 94.91684790510934 95.18172409103299 95.4226675815167 95.64173263548497 95.84081651355571 96.02166794054551 96.1858958128528 96.3349779673723 96.47026986778381 96.59301309727478 96.70091558950061 96.80458339648449 96.89354760610864 96.97918346955943 97.05227210963395 97.1222790877932 97.18231761342955 97.26042860211176 97.258158692843 97.2434173423165 97.23221316622096 97.16759731550292 96.97518403200871 96.7259675722582 96.5064500703404 96.36531676221747 96.2333987154367 95.99473464758329 95.62057417308476 95.21242264395033 94.9277869739674 94.7753506157923 94.61129573319297 94.31205819430477 93.90755966715781 93.28509614100388 92.10186369345848 90.21328917023182 87.46432596209533 83.99921878244893 80.21226618357844 76.1444443902447 71.86860748687218 67.62333448727259 63.58452677797414 59.783655287976366 56.21019557958714 53.050903133992165 50.471749845526205 48.72138897214937 47.810405809241345 47.365630895331485 47.15919193674437 46.86970528421687 46.082656091089284 44.42481983802082 41.91696996984668 38.75597576686375 35.26320653257707 31.666666958114444 28.070057904426154 24.463005796272068 20.76258691252436 17.04138588206523 13.537812609764076 10.635423774965382 8.676305136867212 7.629372342671901 7.266588855721113 7.256245238897126 7.40139213050017 7.53617157723398 7.6191179734282235 7.650233302753324 7.619149055135148 7.5362331696612594 7.380751423332207 7.163071326498305 6.9142903070868345 6.717339655303839 6.665515249239528 6.789917292406682 7.080179312521353 7.4119064550918505 7.691802292600568 7.857668212684337 7.919870908232528 7.888776006850871 7.764383891129598 7.515595055515586 7.152776109954477 6.655193983163334 6.095413323340738 5.545998375908825 5.141712033146553 4.944752428408406 4.975852595992687 5.193547126553837 5.514905328757462 5.867362590787732 6.199087186782119 6.458247163366902 6.634476216287832 6.71740790014101 6.707042155297931 6.593012660698056 6.385685733181475 6.1057940852536365 5.774070507952613 5.442346853975181 5.162454994097152 4.99659322972727 4.965494321368103 5.110623784407599 5.442348040914058 5.971033474826075 6.686313714180869 7.598555169261886 8.707757829585871 9.96208983266996 11.351184790508075 12.823210799118892 14.357435123436401 15.93312497783459 17.519181245174774 19.12597027738941
71.47502243901691 73.34951097377878 75.13238097462929 76.82193361086121 78.41752522063193 79.91946709802774 81.32891494260744 82.64775314649188 83.87847842853844 85.02408654782548 86.08796501419509 87.07379392162383 87.9854563039456 88.8269587794212 89.60236272459848 90.31572580163201 90.97105335151933 91.57225894807783 92.1231332705434 92.62732038196619 93.08830048192192 93.50937822241552 93.89367572383553 94.24412949389409 94.56349052898037 94.85432695833398 95.11902867249327 95.3598134554822 95.5787342131018 95.77768695626004 95.95841925790286 96.12253895466186 96.27152290999275 96.4067256947426 96.52938807427819 96.63721949202018 96.74081901387254 96.82972462350378 96.9153040793159 96.98834457650453 97.05830544164326 97.11830442039675 97.0914958850148 96.96156565324516 96.6501281198931 96.36332065913321 96.19060429581872 96.06680746885343 95.92741654450661 95.63891805607621 94.84953890906438 93.28732251395748 90.74888615252921 87.21486378625687 83.15889248261692 79.01648519702013 74.81803329843335 70.46941177025754 66.0452695517619 61.65073276458691 57.45609576740529 53.84188402876946 50.95686482491515 48.970872886141755 47.89434870967 47.357392323208636 46.978749670763264 46.74803835997835 46.66543082098918 46.69897320760862 46.626564554679895 46.0880426428933 44.88231506406162 42.988235127326426 40.532698677701084 37.759348775571986 34.81634013486364 31.799073888218004 28.696910081506278 25.552273523222965 22.471034651626645 19.686218709034982 17.51551443185359 16.08605120104848 15.36606739947151 15.143800067790993 15.143910492006597 15.218136093927603 15.281768272046321 15.292436856948731 15.228969116118034 15.112541754555938 14.943151220916725 14.752576259287313 14.64671643543565 14.689122230325328 14.996289003227796 15.547035707901971 16.24605274203655 16.95565783978387 17.59112966945948 18.06773838539384 18.385486679558277 18.544370846291944 18.523211836624423 18.32200671154739 17.961938847833473 17.474778462275466 16.94525277680312 16.479270459569317 16.161556925805897 15.981523043046689 15.886214000539846 15.822676942522904 15.716775429464159 15.526146948732826 15.229609155772177 14.80598096411726 14.287034289934109 13.683360482030123 13.058504147688826 12.465419924047039 11.988834337539672 11.713474530989 11.692294647370543 11.967658427281961 12.56074750628115 13.460971336207937 14.668329921223814 16.140459844267657 17.824407048729004 19.68839891508846 21.668890242811035 23.712926903647222 25.75696367702076 27.79040959921601 29.78149222595382 31.70902975403994 33.60479465697443 35.43701449802417 37.258643481471694 39.10145412019132 40.954855673154285 42.84002974160878 44.74638557832271 46.6315596731059 48.44259767838805 50.16890882406745 51.725766125006366 53.08139707146118 54.214619858607456
50.0 50.0 50.0 50.0 50.0 50.0 50.0 50.0 50.0 50.0 50.0 50.0 50.0 50.0 50.0 50.0 50.0 50.0 50.0 50.0 50.0 50.0 50.0 50.0 50.0 50.0 50.0 50.0 50.0 50.0 50.0 50.0 50.0 50.0 50.0 50.0 50.0 50.0 50.0 50.0 50.0 50.0 50.0 50.0 50.0 50.0 50.0 50.0 50.0 50.0 50.0 50.0 50.0 50.0 50.0 50.0 50.0 50.0 50.0 50.0 50.0 50.0 50.0 50.0 50.0 50.0 50.0 50.0 50.0 50.0 50.0 50.0 50.0 50.0 50.0 50.0 50.0 50.0 50.0 50.0 50.0 50.0 50.0 50.0 50.0 50.0 50.0 50.0 50.0 50.0 50.0 50.0 50.0 50.0 50.0 50.0 50.0 50.0 50.0 50.0 50.0 50.0 50.0 50.0 50.0 50.0 50.0 50.0 50.0 50.0 50.0 50.0 50.0 50.0 50.0 50.0 50.0 50.0 50.0 50.0 50.0 50.0 50.0 50.0 50.0 50.0 50.0 50.0 50.0 50.0 50.0 50.0 50.0 50.0 50.0 50.0 50.0 50.0 50.0 50.0 50.0 50.0 50.0 50.0 50.0 50.0 50.0 50.0 50.0 50.0 50.0
50.0 50.0 50.0 50.0 50.0 50.0 50.0 50.0 50.0 50.0 50.0 50.0 50.0 50.0 50.0 50.0 50.0 50.0 50.0 50.0 50.0 50.0 50.0 50.0 50.0 50.0 50.0 50.0 50.0 50.0 50.0 50.0 50.0 50.0 50.0 50.0 50.0 50.0 50.0 50.0 50.0 50.0 50.0 50.0 50.0 50.0 50.0 50.0 50.0 50.0 50.0 50.0 50.0 50.0 50.0 50.0 50.0 50.0 50.0 50.0 50.0 50.0 50.0 50.0 50.0 50.0 50.0 50.0 50.0 50.0 50.0 50.0 50.0 50.0 50.0 50.0 50.0 50.0 50.0 50.0 50.0 50.0 50.0 50.0 50.0 50.0 50.0 50.0 50.0 50.0 50.0 50.0 50.0 50.0 50.0 50.0 50.0 50.0 50.0 50.0 50.0 50.0 50.0 50.0 50.0 50.0 50.0 50.0 50.0 50.0 50.0 50.0 50.0 50.0 50.0 50.0 50.0 50.0 50.0 50.0 50.0 50.0 50.0 50.0 50.0 50.0 50.0 50.0 50.0 50.0 50.0 50.0 50.0 50.0 50.0 50.0 50.0 50.0 50.0 50.0 50.0 50.0 50.0 50.0 50.0 50.0 50.0 50.0 50.0 50.0 50.0
50.0 50.0 50.0 50.0 50.0 50.0 50.0 50.0 50.0 50.0 50.0 50.0 50.0 50.0 50.0 50.0 50.0 50.0 50.0 50.0 50.0 50.0 50.0 50.0 50.0 50.0 50.0 50.0 50.0 50.0 50.0 50.0 50.0 50.0 50.0 50.0 50.0 50.0 50.0 50.0 50.0 50.0 50.0 50.0 50.0 50.0 50.0 50.0 50.0 50.0 50.0 50.0 50.0 50.0 50.0 50.0 50.0 50.0 50.0 50.0 50.0 50.0 50.0 50.0 50.0 50.0 50.0 50.0 50.0 50.0 50.0 50.0 50.0 50.0 50.0 50.0 50.0 50.0 50.0 50.0 50.0 50.0 50.0 50.0 50.0 50.0 50.0 50.0 50.0 50.0 50.0 50.0 50.0 50.0 50.0 50.0 50.0 50.0 50.0 50.0 50.0 50.0 50.0 50.0 50.0 50.0 50.0 50.0 50.0 50.0 50.0 50.0 50.0 50.0 50.0 50.0 50.0 50.0 50.0 50.0 50.0 50.0 50.0 50.0 50.0 50.0 50.0 50.0 50.0 50.0 50.0 50.0 50.0 50.0 50.0 50.0 50.0 50.0 50.0 50.0 50.0 50.0 50.0 50.0 50.0 50.0 50.0 50.0 50.0 50.0 50.0
50.0 50.0 50.0 50.0 50.0 50.0 50.0 50.0 50.0 50.0 50.0 50.0 50.0 50.0 50.0 50.0 50.0 50.0 50.0 50.0 50.0 50.0 50.0 50.0 50.0 50.0 50.0 50.0 50.0 50.0 50.0 50.0 50.0 50.0 50.0 50.0 50.0 50.0 50.0 50.0 50.0 50.0 50.0 50.0 50.0 50.0 50.0 50.0 50.0 50.0 50.0 50.0 50.0 50.0 50.0 50.0 50.0 50.0 50.0 50.0 50.0 50.0 50.0 50.0 50.0 50.0 50.0 50.0 50.0 50.0 50.0 50.0 50.0 50.0 50.0 50.0 50.0 50.0 50.0 50.0 50.0 50.0 50.0 50.0 50.0 50.0 50.0 50.0 50.0 50.0 50.0 50.0 50.0 50.0 50.0 50.0 50.0 50.0 50.0 50.0 50.0 50.0 50.0 50.0 50.0 50.0 50.0 50.0 50.0 50.0 50.0 50.0 50.0 50.0 50.0 50.0 50.0 50.0 50.0 50.0 50.0 50.0 50.0 50.0 50.0 50.0 50.0 50.0 50.0 50.0 50.0 50.0 50.0 50.0 50.0 50.0 50.0 50.0 50.0 50.0 50.0 50.0 50.0 50.0 50.0 50.0 50.0 50.0 50.0 50.0 50.0
50.0 50.0 50.0 50.0 50.0 50.0 50.0 50.0 50.0 50.0 50.0 50.0 50.0 50.0 50.0 50.0 50.0 50.0 50.0 50.0 50.0 50.0 50.0 50.0 50.0 50.0 50.0 50.0 50.0 50.0 50.0 50.0 50.0 50.0 50.0 50.0 50.0 50.0 50.0 50.0 50.0 50.0 50.0 50.0 50.0 50.0 50.0 50.0 50.0 50.0 50.0 50.0 50.0 50.0 50.0 50.0 50.0 50.0 50.0 50.0 50.0 50.0 50.0 50.0 50.0 50.0 50.0 50.0 50.0 50.0 50.0 50.0 50.0 50.0 50.0 50.0 50.0 50.0 50.0 50.0 50.0 50.0 50.0 50.0 50.0 50.0 50.0 50.0 50.0 50.0 50.0 50.0 50.0 50.0 50.0 50.0 50.0 50.0 50.0 50.0 50.0 50.0 50.0 50.0 50.0 50.0 50.0 50.0 50.0 50.0 50.0 50.0 50.0 50.0 50.0 50.0 50.0 50.0 50.0 50.0 50.0 50.0 50.0 50.0 50.0 50.0 50.0 50.0 50.0 50.0 50.0 50.0 50.0 50.0 50.0 50.0 50.0 50.0 50.0 50.0 50.0 50.0 50.0 50.0 50.0 50.0 50.0 50.0 50.0 50.0 50.0