4 151 8
300.0440999999999 302.0443999999999 304.0446999999999 306.0449999999999 308.0452999999999 310.0455999999999 312.0458999999999 314.0461999999999 316.04649999999987 318.0467999999999 320.0470999999999 322.04739999999987 324.0476999999999 326.0479999999999 328.04829999999987 330.0485999999999 332.0488999999999 334.04919999999987 336.0494999999999 338.0497999999999 340.0500999999999 342.05039999999985 344.0506999999999 346.0509999999999 348.05129999999986 350.0515999999999 352.0518999999999 354.05219999999986 356.0524999999999 358.0527999999999 360.05309999999986 362.0533999999999 364.0536999999999 366.05399999999986 368.0542999999999 369.99 372.04 373.98 376.04 377.98 380.03 381.97 384.02 385.96 388.01 389.95 392.0 394.05 395.99 398.05 399.99 402.04 403.99 406.05 407.99 410.06 412.01 413.96 416.02 417.97 420.04 422.0 423.95 426.02 427.98 430.05 432.01 433.96 436.03 437.99 440.06 442.01 443.96 446.03 447.98 450.04 451.98 454.04 455.99 458.04 459.98 462.03 463.97 466.02 467.95 470.0 472.05 473.98 476.02 477.96 480.0 482.05 483.98 486.03 487.96 490.01 492.06 493.99 496.05 497.98 500.04 501.98 504.04 505.98 508.04 509.99 512.05 514.0 515.95 518.01 519.96 522.03 523.98 526.04 527.99 530.05 532.0 534.06 536.0 538.06 540.0 542.05 543.99 546.04 547.98 550.03 551.96 554.0 556.04 557.97 560.01 562.05 563.98 566.01 568.05 569.98 572.01 574.05 575.97 578.01 580.05 581.98 584.02 585.95 588.0 590.04 591.97 594.02 595.96 598.01 599.95
0.0 39.77 47.82 50.0 60.0 70.0 80.0 90.0
71.69571887237906 73.57599534423954 75.36437038778762 77.059139926765 78.65965831186735 80.16623779837676 81.58003765435421 82.90294809043735 84.1374735347074 85.28661899637405 86.35378244503603 87.34265533785087 88.25713269845934 89.10123351652605 89.87903170908201 90.59459746729591 91.2519484996252 91.85501046399374 92.40758574427717 92.91332965545237 93.37573314305375 93.79811106299918 94.1835951759797 94.53513105688582 94.85547819647397 95.14721265370444 95.41273169848115 95.65425996277307 95.8738566912248 96.07342374913698 96.25471410551005 96.41934056156039 96.56878454091712 96.7044047969927 96.82744592631735 96.9356102996638 97.03952971011766 97.12870983733956 97.21455354043725 97.28781956784148 97.35799645408639 97.41818069421042 97.47581208819456 97.52522531486972 97.57253227447336 97.61308529960714 97.65190279403683 97.68696513369119 97.7170146520184 97.74590529610686 97.77053608831841 97.79410522056654 97.81439940481441 97.8338021147945 97.85034096421353 97.86631092140497 97.87992006716338 97.89226822941059 97.90407208847844 97.91418161090486 97.92388960488357 97.93220188030669 97.9397028003648 97.94690542356064 97.9530722323284 97.95896193122108 97.9640045027314 97.968554583207 97.97292345775323 97.97666384034096 97.9802359731433 97.98327932923364 97.98604012820395 97.98869088404913 97.82677589564292 97.69553686848069 97.72815420917875 97.97619110521146 98.30607509476769 98.55380110021163 98.6576598071629 98.65884700397027 98.70091222771588 98.88660483958718 99.13373057089385 99.27820467652342 99.24814123845726 99.0537702728919 98.84910800473395 98.80856368565681 98.88088410811892 98.88132143492622 98.64565066822156 98.143131158693 97.5584530838617 97.16875423220249 97.15875187829732 97.42580957016298 97.67233504361671 97.55962539358814 96.97481247068117 96.12313399457152 95.35355116291574 94.97393990537768 95.04589622167822 95.31283386204558 95.34371755211009 94.78959346245922 93.6504663022255 92.31633585318484 91.27982309640434 90.86935494915069 91.15676833880926 91.73154660607504 91.91632111176992 91.22873022281087 89.69955872357923 87.84196527352164 86.30252292398328 85.67649613975212 86.12809309354232 87.24679225652987 87.698386123456 86.23077508718167 83.05948233658155 79.15950598293443 75.56742071155115 72.80664771723453 70.51797729275798 67.01825566259363 61.43511702908301 54.04566527706227 45.558056347940834 37.25518256830442 30.348094058345936 24.836791132061855 20.228643680445245 15.918126705270682 11.44339906225549 6.917355379214685 3.6126248861540153 1.8986807463025093 1.1392084783891645 0.7697354760873183 0.5849989747740295 0.5028938655070531 0.47210445321155314 0.4926307418552586 0.5747358735606648 0.7081567108532364 0.8518406909602686
71.52213347988318 73.3978575386498 75.18190267535343 76.8725689395434 78.46921224512295 79.97214409136032 81.3825209395659 82.70222842391222 83.93376490890883 85.08012812821657 86.14470782447316 87.1311865173005 88.04344979994077 88.88550693152084 89.66142196554709 90.37525523868449 91.03101473195468 91.63261659871306 92.18385401673052 92.68837345095362 93.14965739484794 93.57101267860018 93.95556348046945 94.30624824369625 94.62581977792281 94.91684790510934 95.18172409103299 95.4226675815167 95.64173263548497 95.84081651355571 96.02166794054551 96.1858958128528 96.3349779673723 96.47026986778381 96.59301309727478 96.70091558950061 96.80458339648449 96.89354760610864 96.97918346955943 97.05227210963395 97.1222790877932 97.18231761342955 97.23980947372462 97.28910306404656 97.33629548686503 97.37675032743638 97.41547383926695 97.45045128807864 97.48042805230679 97.52992500949024 97.50279769835268 97.46424291654773 97.43274177292159 97.34859450496499 97.13736944957802 96.8737496771738 96.63876548316998 96.48529929280208 96.34161061043167 96.09266058133628 95.70862367481037 95.29207669588597 94.99897519579699 94.8402113209739 94.67006181968651 94.36493417721937 93.95534381966785 93.3276452759887 92.14016093484949 90.24733437245384 87.49408937361494 84.0251227432324 80.23443876994871 76.16363236442957 71.88503593082919 67.63726605486865 63.59639194174048 59.79370951276445 56.21877077876876 53.058280821027 50.47803840671055 48.72692280619418 47.81527579902179 47.370033466748154 47.16312100144704 46.87326508264958 46.08581515687526 44.42758237996974 41.919321476321045 38.75794896470741 35.264826201201004 31.66799545176743 28.071114543417803 24.4638369465076 20.763227447872776 17.041860871907957 13.53815691866242 10.635666722091642 8.676484111659256 7.62951524432581 7.266711763318491 7.256356736422114 7.401494829406353 7.536265447154615 7.61920470161778 7.650311436918774 7.619220167815132 7.53629628140999 7.380807546888668 7.163120463863872 6.914333374486086 6.717377419548009 6.665549241005401 6.789948529626017 7.080208859196062 7.411934664662973 7.691828559980053 7.857692685531087 7.919893007839892 7.888796083113965 7.764401611903346 7.515610691863953 7.15278945573283 6.655205302748665 6.095422620818351 5.546006095198049 5.1417184478811935 4.9447580549520245 4.975857703808155 5.193551962603189 5.514909961464412 5.867367086007654 6.199091448186205 6.458251214460463 6.634479974369745 6.71741131762039 6.70704526894926 6.593015424614015 6.385688136298339 6.105796183044533 5.7740723011772985 5.442348372007684 5.162456308720899 4.996594373643321 4.965495348437993 5.110624750429664 5.442348964864526 5.971034390685463 6.68631464587073 7.598556125865747 8.707758825478107
71.47502243901691 73.34951097377878 75.13238097462929 76.82193361086121 78.41752522063193 79.91946709802774 81.32891494260744 82.64775314649188 83.87847842853844 85.02408654782548 86.08796501419509 87.07379392162383 87.9854563039456 88.8269587794212 89.60236272459848 90.31572580163201 90.97105335151933 91.57225894807783 92.1231332705434 92.62732038196619 93.08830048192192 93.50937822241552 93.89367572383553 94.24412949389409 94.56349052898037 94.85432695833398 95.11902867249327 95.3598134554822 95.5787342131018 95.77768695626004 95.95841925790286 96.12253895466186 96.27152290999275 96.4067256947426 96.52938807427819 96.63721949202018 96.74081901387254 96.82972462350378 96.9153040793159 96.98834457650453 97.05830544164326 97.11830442039675 97.17575841127646 97.22501953231604 97.27218086987386 97.31260906317459 97.35130706814651 97.38626147760046 97.41621849638065 97.36052420109448 97.20545862133008 96.86960642109744 96.56205728971662 96.36978160915363 96.22747367886797 96.0739785887216 95.77004403694006 94.96763417492828 93.39222162469233 90.84146070306217 87.29517312727323 83.22846263488047 79.07574121947374 74.86923596208487 70.51318256438046 66.08229778135706 61.68210327434374 57.48230260296253 53.864272236205295 50.97609521528803 48.987537283039025 47.90911852954105 47.37048303765315 46.990588052974054 46.75872449339811 46.67504470070705 46.70768744978208 46.634406061842185 46.095073647526505 44.888556761269015 42.993591275025544 40.537302430438906 37.76319496009063 34.81957626665399 31.80172322578425 28.699089638960555 25.554025186861484 22.472432005090027 19.687323089212825 17.516406205950968 16.086790046859036 15.366712043350152 15.144370124671097 15.144425018507434 15.218605580420121 15.282194216553316 15.292825791427214 15.22931699452523 15.112853496014443 14.943431113013764 14.75282578540461 14.646941492965817 14.689326051006525 14.99647579574494 15.547212679339427 16.246218667926993 16.955816093974878 17.591276985357304 18.067875773266326 18.3856128006506 18.544486354578062 18.523315972358287 18.32210014728929 17.962021482275 17.474851387207455 16.945317270104038 16.479326736009394 16.161607261261043 15.981567637887744 15.886254429601536 15.822713054863833 15.716808128535094 15.526175917697136 15.229635059278644 14.806003548029006 14.2870541755782 13.683377553216902 13.05851900672257 12.465432720058072 11.988845501122695 11.713484370703672 11.692303605302667 11.967666654142947 12.560755385317375 13.460978961140372 14.668337383732533 16.140467337252353 17.824414521058518 19.68840632439819 21.66889768767407 23.71293426805433 25.756970861404465 27.79041667606849 29.78149904410479 31.70903631278064 33.60480100903134 35.437020514185924 37.25864919634142 39.1014595686985 40.9548608290783 42.84003464115397
50.0 50.0 50.0 50.0 50.0 50.0 50.0 50.0 50.0 50.0 50.0 50.0 50.0 50.0 50.0 50.0 50.0 50.0 50.0 50.0 50.0 50.0 50.0 50.0 50.0 50.0 50.0 50.0 50.0 50.0 50.0 50.0 50.0 50.0 50.0 50.0 50.0 50.0 50.0 50.0 50.0 50.0 50.0 50.0 50.0 50.0 50.0 50.0 50.0 50.0 50.0 50.0 50.0 50.0 50.0 50.0 50.0 50.0 50.0 50.0 50.0 50.0 50.0 50.0 50.0 50.0 50.0 50.0 50.0 50.0 50.0 50.0 50.0 50.0 50.0 50.0 50.0 50.0 50.0 50.0 50.0 50.0 50.0 50.0 50.0 50.0 50.0 50.0 50.0 50.0 50.0 50.0 50.0 50.0 50.0 50.0 50.0 50.0 50.0 50.0 50.0 50.0 50.0 50.0 50.0 50.0 50.0 50.0 50.0 50.0 50.0 50.0 50.0 50.0 50.0 50.0 50.0 50.0 50.0 50.0 50.0 50.0 50.0 50.0 50.0 50.0 50.0 50.0 50.0 50.0 50.0 50.0 50.0 50.0 50.0 50.0 50.0 50.0 50.0 50.0 50.0 50.0 50.0 50.0 50.0 50.0 50.0 50.0 50.0 50.0 50.0
50.0 50.0 50.0 50.0 50.0 50.0 50.0 50.0 50.0 50.0 50.0 50.0 50.0 50.0 50.0 50.0 50.0 50.0 50.0 50.0 50.0 50.0 50.0 50.0 50.0 50.0 50.0 50.0 50.0 50.0 50.0 50.0 50.0 50.0 50.0 50.0 50.0 50.0 50.0 50.0 50.0 50.0 50.0 50.0 50.0 50.0 50.0 50.0 50.0 50.0 50.0 50.0 50.0 50.0 50.0 50.0 50.0 50.0 50.0 50.0 50.0 50.0 50.0 50.0 50.0 50.0 50.0 50.0 50.0 50.0 50.0 50.0 50.0 50.0 50.0 50.0 50.0 50.0 50.0 50.0 50.0 50.0 50.0 50.0 50.0 50.0 50.0 50.0 50.0 50.0 50.0 50.0 50.0 50.0 50.0 50.0 50.0 50.0 50.0 50.0 50.0 50.0 50.0 50.0 50.0 50.0 50.0 50.0 50.0 50.0 50.0 50.0 50.0 50.0 50.0 50.0 50.0 50.0 50.0 50.0 50.0 50.0 50.0 50.0 50.0 50.0 50.0 50.0 50.0 50.0 50.0 50.0 50.0 50.0 50.0 50.0 50.0 50.0 50.0 50.0 50.0 50.0 50.0 50.0 50.0 50.0 50.0 50.0 50.0 50.0 50.0
50.0 50.0 50.0 50.0 50.0 50.0 50.0 50.0 50.0 50.0 50.0 50.0 50.0 50.0 50.0 50.0 50.0 50.0 50.0 50.0 50.0 50.0 50.0 50.0 50.0 50.0 50.0 50.0 50.0 50.0 50.0 50.0 50.0 50.0 50.0 50.0 50.0 50.0 50.0 50.0 50.0 50.0 50.0 50.0 50.0 50.0 50.0 50.0 50.0 50.0 50.0 50.0 50.0 50.0 50.0 50.0 50.0 50.0 50.0 50.0 50.0 50.0 50.0 50.0 50.0 50.0 50.0 50.0 50.0 50.0 50.0 50.0 50.0 50.0 50.0 50.0 50.0 50.0 50.0 50.0 50.0 50.0 50.0 50.0 50.0 50.0 50.0 50.0 50.0 50.0 50.0 50.0 50.0 50.0 50.0 50.0 50.0 50.0 50.0 50.0 50.0 50.0 50.0 50.0 50.0 50.0 50.0 50.0 50.0 50.0 50.0 50.0 50.0 50.0 50.0 50.0 50.0 50.0 50.0 50.0 50.0 50.0 50.0 50.0 50.0 50.0 50.0 50.0 50.0 50.0 50.0 50.0 50.0 50.0 50.0 50.0 50.0 50.0 50.0 50.0 50.0 50.0 50.0 50.0 50.0 50.0 50.0 50.0 50.0 50.0 50.0
50.0 50.0 50.0 50.0 50.0 50.0 50.0 50.0 50.0 50.0 50.0 50.0 50.0 50.0 50.0 50.0 50.0 50.0 50.0 50.0 50.0 50.0 50.0 50.0 50.0 50.0 50.0 50.0 50.0 50.0 50.0 50.0 50.0 50.0 50.0 50.0 50.0 50.0 50.0 50.0 50.0 50.0 50.0 50.0 50.0 50.0 50.0 50.0 50.0 50.0 50.0 50.0 50.0 50.0 50.0 50.0 50.0 50.0 50.0 50.0 50.0 50.0 50.0 50.0 50.0 50.0 50.0 50.0 50.0 50.0 50.0 50.0 50.0 50.0 50.0 50.0 50.0 50.0 50.0 50.0 50.0 50.0 50.0 50.0 50.0 50.0 50.0 50.0 50.0 50.0 50.0 50.0 50.0 50.0 50.0 50.0 50.0 50.0 50.0 50.0 50.0 50.0 50.0 50.0 50.0 50.0 50.0 50.0 50.0 50.0 50.0 50.0 50.0 50.0 50.0 50.0 50.0 50.0 50.0 50.0 50.0 50.0 50.0 50.0 50.0 50.0 50.0 50.0 50.0 50.0 50.0 50.0 50.0 50.0 50.0 50.0 50.0 50.0 50.0 50.0 50.0 50.0 50.0 50.0 50.0 50.0 50.0 50.0 50.0 50.0 50.0
50.0 50.0 50.0 50.0 50.0 50.0 50.0 50.0 50.0 50.0 50.0 50.0 50.0 50.0 50.0 50.0 50.0 50.0 50.0 50.0 50.0 50.0 50.0 50.0 50.0 50.0 50.0 50.0 50.0 50.0 50.0 50.0 50.0 50.0 50.0 50.0 50.0 50.0 50.0 50.0 50.0 50.0 50.0 50.0 50.0 50.0 50.0 50.0 50.0 50.0 50.0 50.0 50.0 50.0 50.0 50.0 50.0 50.0 50.0 50.0 50.0 50.0 50.0 50.0 50.0 50.0 50.0 50.0 50.0 50.0 50.0 50.0 50.0 50.0 50.0 50.0 50.0 50.0 50.0 50.0 50.0 50.0 50.0 50.0 50.0 50.0 50.0 50.0 50.0 50.0 50.0 50.0 50.0 50.0 50.0 50.0 50.0 50.0 50.0 50.0 50.0 50.0 50.0 50.0 50.0 50.0 50.0 50.0 50.0 50.0 50.0 50.0 50.0 50.0 50.0 50.0 50.0 50.0 50.0 50.0 50.0 50.0 50.0 50.0 50.0 50.0 50.0 50.0 50.0 50.0 50.0 50.0 50.0 50.0 50.0 50.0 50.0 50.0 50.0 50.0 50.0 50.0 50.0 50.0 50.0 50.0 50.0 50.0 50.0 50.0 50.0