4 151 8
300.0440999999999 302.0443999999999 304.0446999999999 306.0449999999999 308.0452999999999 310.0455999999999 312.0458999999999 314.0461999999999 316.04649999999987 318.0467999999999 320.0470999999999 322.04739999999987 324.0476999999999 326.0479999999999 328.04829999999987 330.0485999999999 332.0488999999999 334.04919999999987 336.0494999999999 338.0497999999999 340.0500999999999 342.05039999999985 344.0506999999999 346.0509999999999 348.05129999999986 350.0515999999999 352.0518999999999 354.05219999999986 356.0524999999999 358.0527999999999 360.05309999999986 362.0533999999999 364.0536999999999 366.05399999999986 368.0542999999999 369.99 372.04 373.98 376.04 377.98 380.03 381.97 384.02 385.96 388.01 389.95 392.0 394.05 395.99 398.05 399.99 402.04 403.99 406.05 407.99 410.06 412.01 413.96 416.02 417.97 420.04 422.0 423.95 426.02 427.98 430.05 432.01 433.96 436.03 437.99 440.06 442.01 443.96 446.03 447.98 450.04 451.98 454.04 455.99 458.04 459.98 462.03 463.97 466.02 467.95 470.0 472.05 473.98 476.02 477.96 480.0 482.05 483.98 486.03 487.96 490.01 492.06 493.99 496.05 497.98 500.04 501.98 504.04 505.98 508.04 509.99 512.05 514.0 515.95 518.01 519.96 522.03 523.98 526.04 527.99 530.05 532.0 534.06 536.0 538.06 540.0 542.05 543.99 546.04 547.98 550.03 551.96 554.0 556.04 557.97 560.01 562.05 563.98 566.01 568.05 569.98 572.01 574.05 575.97 578.01 580.05 581.98 584.02 585.95 588.0 590.04 591.97 594.02 595.96 598.01 599.95
0.0 39.77 47.82 50.0 60.0 70.0 80.0 90.0
71.69571887237906 73.57599534423954 75.36437038778762 77.059139926765 78.65965831186735 80.16623779837676 81.58003765435421 82.90294809043735 84.1374735347074 85.28661899637405 86.35378244503603 87.34265533785087 88.25713269845934 89.10123351652605 89.87903170908201 90.59459746729591 91.2519484996252 91.85501046399374 92.40758574427717 92.91332965545237 93.37573314305375 93.79811106299918 94.1835951759797 94.53513105688582 94.85547819647397 95.14721265370444 95.41273169848115 95.65425996277307 95.8738566912248 96.07342374913698 96.25471410551005 96.41934056156039 96.56878454091712 96.7044047969927 96.82744592631735 96.9356102996638 97.03952971011766 97.12870983733956 97.21455354043725 97.28781956784148 97.35799645408639 97.41818069421042 97.47581208819456 97.52522531486972 97.57253227447336 97.61308529960714 97.65190279403683 97.68696513369119 97.7170146520184 97.74590529610686 97.77053608831841 97.79410522056654 97.81439940481441 97.8338021147945 97.85034096421353 97.86631092140497 97.87992006716338 97.89226822941059 97.90407208847844 97.91418161090486 97.92388960488357 97.93220188030669 97.9397028003648 97.94690542356064 97.9530722323284 97.95896193122108 97.9640045027314 97.968554583207 97.97292345775323 97.97666384034096 97.9802359731433 97.98327932923364 97.82187503479545 97.69113360283056 97.72416757185893 97.97258544483286 98.30278426332764 98.55083152225083 98.65496930700384 98.65641855241925 98.69870730448231 98.88461095592443 99.13192057805523 99.27656861956895 99.24661577133689 99.05243245170601 98.84790573971878 98.80746997382958 98.87989572525036 98.88040206806225 98.64484255809435 98.14240548855209 97.55779809114794 97.1681654094432 97.15820275035965 97.4253257209863 97.67189623172658 97.55922740692819 96.97445558759422 96.1228120593674 95.35326306118094 94.9736794774466 95.04566110426893 95.31261939715178 95.34352401461945 94.78941892428695 93.65031460312214 92.31619675127985 91.27969833336915 90.86924265081697 91.1566661504681 91.73145409255802 91.91623702346045 91.22865493190884 89.69949157178083 87.84190594859243 86.30247017237731 85.67644889629148 86.12804999144579 87.24675295687982 87.69835027220198 86.23074327012868 83.05945452277702 79.15948205753774 75.5674000301804 72.80662977349111 70.51796111762432 67.01824211919107 61.435105817850285 54.045656097889434 45.55804953092207 37.255177545715156 30.34809025025029 24.836788378869613 20.228641660128456 15.918125225548733 11.443398124655733 6.917354867409697 3.6126246366941097 1.8986806307933481 1.1392084158042493 0.7697354376902065 0.5849989483620032 0.5028938443770479 0.4721044357825502 0.49263072539466424 0.5747358560836299 0.7081566914169342 0.8518406697416995 0.9544720885413189 1.0057878037844135
71.52213347988318 73.3978575386498 75.18190267535343 76.8725689395434 78.46921224512295 79.97214409136032 81.3825209395659 82.70222842391222 83.93376490890883 85.08012812821657 86.14470782447316 87.1311865173005 88.04344979994077 88.88550693152084 89.66142196554709 90.37525523868449 91.03101473195468 91.63261659871306 92.18385401673052 92.68837345095362 93.14965739484794 93.57101267860018 93.95556348046945 94.30624824369625 94.62581977792281 94.91684790510934 95.18172409103299 95.4226675815167 95.64173263548497 95.84081651355571 96.02166794054551 96.1858958128528 96.3349779673723 96.47026986778381 96.59301309727478 96.70091558950061 96.80458339648449 96.89354760610864 96.97918346955943 97.05227210963395 97.1222790877932 97.18231761342955 97.23980947372462 97.28910306404656 97.33629548686503 97.37675032743638 97.41547383926695 97.47111508182083 97.44942282709933 97.41620557180694 97.38904960473916 97.30909448783625 97.1016897728437 96.84157057525162 96.60956145448654 96.45971505947031 96.31784403378828 96.0711548597393 95.68925447667658 95.27454222958225 94.98363680572295 94.82597414683 94.6571404796852 94.35332001217152 93.94485889482573 93.31850704152555 92.13177296476472 90.23986485051468 87.48755946614196 84.0194496603348 80.22968612229383 76.15942612728354 71.88143468204136 67.63421755480574 63.593797645843125 59.79150902092202 56.21688883507177 53.05668209322954 50.476661816483016 48.725723410753645 47.814207632475515 47.36907832893159 47.1622598928136 46.87249263383701 46.08510680712825 44.42698234060949 41.91881162717129 38.75751995303473 35.264473704857615 31.66770101288611 28.070884583436893 24.46365606093981 20.763088046700837 17.041757601719702 13.538080402856638 10.635613901811167 8.676445130873235 7.629484120330848 7.266685020636964 7.256332433462046 7.401472466489876 7.536244781969824 7.619185853800657 7.6502942228337085 7.61920470161778 7.5362824046611765 7.380795591135203 7.163109670501105 6.914323923840929 6.717369118066265 6.665541768807426 6.789941681796211 7.0802023819699675 7.411928547607026 7.691822801644916 7.857687378761585 7.919888166879731 7.888791733099152 7.764397726272356 7.515607306514618 7.152786531659959 6.655202847140218 6.0954205796679775 5.54600441895722 5.14171704069031 4.944756836279382 4.975856562465671 5.193550913062818 5.5149089550540396 5.8673660894878354 6.1990905205934554 6.45825034378581 6.634479141871524 6.717410572986164 6.7070445990894125 6.59301481173853 6.385687613095432 6.105795731285621 5.774071902464569 5.442348040914058 5.162456025110044 4.996594124395627 4.965495124251627 5.110624535697421 5.442348763945608 5.971034191171372 6.686314442547847 7.598555917313273 8.707758608575835 9.962090637049089 11.35118561178396
71.47502243901691 73.34951097377878 75.13238097462929 76.82193361086121 78.41752522063193 79.91946709802774 81.32891494260744 82.64775314649188 83.87847842853844 85.02408654782548 86.08796501419509 87.07379392162383 87.9854563039456 88.8269587794212 89.60236272459848 90.31572580163201 90.97105335151933 91.57225894807783 92.1231332705434 92.62732038196619 93.08830048192192 93.50937822241552 93.89367572383553 94.24412949389409 94.56349052898037 94.85432695833398 95.11902867249327 95.3598134554822 95.5787342131018 95.77768695626004 95.95841925790286 96.12253895466186 96.27152290999275 96.4067256947426 96.52938807427819 96.63721949202018 96.74081901387254 96.82972462350378 96.9153040793159 96.98834457650453 97.05830544164326 97.11830442039675 97.17575841127646 97.22501953231604 97.27218086987386 97.31260906317459 97.35130706814651 97.30181642104066 97.15224651909801 96.82186215572065 96.51875556618536 96.3306787536516 96.19212821735015 96.04206515129013 95.74110253402367 94.94245236868935 93.36918263479922 90.82113021006172 87.27750661573536 83.21314796524389 79.0629737705437 74.85799678056507 70.503558351731 66.07416456195871 61.67521987430875 57.47667418753305 53.859368707715966 50.97187606505793 48.983881217948486 47.90588387314191 47.367677070308325 46.98799293571341 46.75638200587311 46.67294099538297 46.70578209700614 46.632689850706406 46.093530598254674 44.887204199852185 42.992418793695755 40.53630461951823 37.762351351414054 34.818874187900505 31.80114258697481 28.698616691798147 25.55363241552361 22.472128492204533 19.687083639608577 17.516212316879788 16.08662924825943 15.366569168582139 15.144246061230033 15.144313040655215 15.218503405001655 15.282101609584775 15.292739358473664 15.229241360640104 15.112785598591852 14.943370152486159 14.752771492605548 14.64689243748975 14.68928166859741 14.996434673925956 15.5471742198108 16.24618211205702 16.955781675492116 17.591244594150414 18.067846506134376 18.385585097278913 18.544461007613915 18.5232930808398 18.32207960789266 17.962003367135313 17.474835400593832 16.945303285165092 16.47931439908776 16.16159634636173 15.981557869304739 15.88624566965371 15.822705136517092 15.71680104901912 15.526169570569197 15.229629439914735 14.805998590000408 14.287049857417868 13.68337380833582 13.058515788352794 12.465429860786605 11.988843078353566 11.713482233121688 11.692301619469482 11.96766486337717 12.56075369192841 13.460977272049279 14.668335757727288 16.14046572523834 17.8244128641313 19.688404711254673 21.668896084424087 23.712932630622678 25.75696929443956 27.790415149341026 29.781497558498913 31.709034881154366 33.604799597064186 35.437019205933204 37.25864795139371 39.10145837966959 40.954859705017704 42.840033574048064 44.74638919132553 46.631563046971806
50.0 50.0 50.0 50.0 50.0 50.0 50.0 50.0 50.0 50.0 50.0 50.0 50.0 50.0 50.0 50.0 50.0 50.0 50.0 50.0 50.0 50.0 50.0 50.0 50.0 50.0 50.0 50.0 50.0 50.0 50.0 50.0 50.0 50.0 50.0 50.0 50.0 50.0 50.0 50.0 50.0 50.0 50.0 50.0 50.0 50.0 50.0 50.0 50.0 50.0 50.0 50.0 50.0 50.0 50.0 50.0 50.0 50.0 50.0 50.0 50.0 50.0 50.0 50.0 50.0 50.0 50.0 50.0 50.0 50.0 50.0 50.0 50.0 50.0 50.0 50.0 50.0 50.0 50.0 50.0 50.0 50.0 50.0 50.0 50.0 50.0 50.0 50.0 50.0 50.0 50.0 50.0 50.0 50.0 50.0 50.0 50.0 50.0 50.0 50.0 50.0 50.0 50.0 50.0 50.0 50.0 50.0 50.0 50.0 50.0 50.0 50.0 50.0 50.0 50.0 50.0 50.0 50.0 50.0 50.0 50.0 50.0 50.0 50.0 50.0 50.0 50.0 50.0 50.0 50.0 50.0 50.0 50.0 50.0 50.0 50.0 50.0 50.0 50.0 50.0 50.0 50.0 50.0 50.0 50.0 50.0 50.0 50.0 50.0 50.0 50.0
50.0 50.0 50.0 50.0 50.0 50.0 50.0 50.0 50.0 50.0 50.0 50.0 50.0 50.0 50.0 50.0 50.0 50.0 50.0 50.0 50.0 50.0 50.0 50.0 50.0 50.0 50.0 50.0 50.0 50.0 50.0 50.0 50.0 50.0 50.0 50.0 50.0 50.0 50.0 50.0 50.0 50.0 50.0 50.0 50.0 50.0 50.0 50.0 50.0 50.0 50.0 50.0 50.0 50.0 50.0 50.0 50.0 50.0 50.0 50.0 50.0 50.0 50.0 50.0 50.0 50.0 50.0 50.0 50.0 50.0 50.0 50.0 50.0 50.0 50.0 50.0 50.0 50.0 50.0 50.0 50.0 50.0 50.0 50.0 50.0 50.0 50.0 50.0 50.0 50.0 50.0 50.0 50.0 50.0 50.0 50.0 50.0 50.0 50.0 50.0 50.0 50.0 50.0 50.0 50.0 50.0 50.0 50.0 50.0 50.0 50.0 50.0 50.0 50.0 50.0 50.0 50.0 50.0 50.0 50.0 50.0 50.0 50.0 50.0 50.0 50.0 50.0 50.0 50.0 50.0 50.0 50.0 50.0 50.0 50.0 50.0 50.0 50.0 50.0 50.0 50.0 50.0 50.0 50.0 50.0 50.0 50.0 50.0 50.0 50.0 50.0
50.0 50.0 50.0 50.0 50.0 50.0 50.0 50.0 50.0 50.0 50.0 50.0 50.0 50.0 50.0 50.0 50.0 50.0 50.0 50.0 50.0 50.0 50.0 50.0 50.0 50.0 50.0 50.0 50.0 50.0 50.0 50.0 50.0 50.0 50.0 50.0 50.0 50.0 50.0 50.0 50.0 50.0 50.0 50.0 50.0 50.0 50.0 50.0 50.0 50.0 50.0 50.0 50.0 50.0 50.0 50.0 50.0 50.0 50.0 50.0 50.0 50.0 50.0 50.0 50.0 50.0 50.0 50.0 50.0 50.0 50.0 50.0 50.0 50.0 50.0 50.0 50.0 50.0 50.0 50.0 50.0 50.0 50.0 50.0 50.0 50.0 50.0 50.0 50.0 50.0 50.0 50.0 50.0 50.0 50.0 50.0 50.0 50.0 50.0 50.0 50.0 50.0 50.0 50.0 50.0 50.0 50.0 50.0 50.0 50.0 50.0 50.0 50.0 50.0 50.0 50.0 50.0 50.0 50.0 50.0 50.0 50.0 50.0 50.0 50.0 50.0 50.0 50.0 50.0 50.0 50.0 50.0 50.0 50.0 50.0 50.0 50.0 50.0 50.0 50.0 50.0 50.0 50.0 50.0 50.0 50.0 50.0 50.0 50.0 50.0 50.0
50.0 50.0 50.0 50.0 50.0 50.0 50.0 50.0 50.0 50.0 50.0 50.0 50.0 50.0 50.0 50.0 50.0 50.0 50.0 50.0 50.0 50.0 50.0 50.0 50.0 50.0 50.0 50.0 50.0 50.0 50.0 50.0 50.0 50.0 50.0 50.0 50.0 50.0 50.0 50.0 50.0 50.0 50.0 50.0 50.0 50.0 50.0 50.0 50.0 50.0 50.0 50.0 50.0 50.0 50.0 50.0 50.0 50.0 50.0 50.0 50.0 50.0 50.0 50.0 50.0 50.0 50.0 50.0 50.0 50.0 50.0 50.0 50.0 50.0 50.0 50.0 50.0 50.0 50.0 50.0 50.0 50.0 50.0 50.0 50.0 50.0 50.0 50.0 50.0 50.0 50.0 50.0 50.0 50.0 50.0 50.0 50.0 50.0 50.0 50.0 50.0 50.0 50.0 50.0 50.0 50.0 50.0 50.0 50.0 50.0 50.0 50.0 50.0 50.0 50.0 50.0 50.0 50.0 50.0 50.0 50.0 50.0 50.0 50.0 50.0 50.0 50.0 50.0 50.0 50.0 50.0 50.0 50.0 50.0 50.0 50.0 50.0 50.0 50.0 50.0 50.0 50.0 50.0 50.0 50.0 50.0 50.0 50.0 50.0 50.0 50.0
50.0 50.0 50.0 50.0 50.0 50.0 50.0 50.0 50.0 50.0 50.0 50.0 50.0 50.0 50.0 50.0 50.0 50.0 50.0 50.0 50.0 50.0 50.0 50.0 50.0 50.0 50.0 50.0 50.0 50.0 50.0 50.0 50.0 50.0 50.0 50.0 50.0 50.0 50.0 50.0 50.0 50.0 50.0 50.0 50.0 50.0 50.0 50.0 50.0 50.0 50.0 50.0 50.0 50.0 50.0 50.0 50.0 50.0 50.0 50.0 50.0 50.0 50.0 50.0 50.0 50.0 50.0 50.0 50.0 50.0 50.0 50.0 50.0 50.0 50.0 50.0 50.0 50.0 50.0 50.0 50.0 50.0 50.0 50.0 50.0 50.0 50.0 50.0 50.0 50.0 50.0 50.0 50.0 50.0 50.0 50.0 50.0 50.0 50.0 50.0 50.0 50.0 50.0 50.0 50.0 50.0 50.0 50.0 50.0 50.0 50.0 50.0 50.0 50.0 50.0 50.0 50.0 50.0 50.0 50.0 50.0 50.0 50.0 50.0 50.0 50.0 50.0 50.0 50.0 50.0 50.0 50.0 50.0 50.0 50.0 50.0 50.0 50.0 50.0 50.0 50.0 50.0 50.0 50.0 50.0 50.0 50.0 50.0 50.0 50.0 50.0