4 151 8
300.0440999999999 302.0443999999999 304.0446999999999 306.0449999999999 308.0452999999999 310.0455999999999 312.0458999999999 314.0461999999999 316.04649999999987 318.0467999999999 320.0470999999999 322.04739999999987 324.0476999999999 326.0479999999999 328.04829999999987 330.0485999999999 332.0488999999999 334.04919999999987 336.0494999999999 338.0497999999999 340.0500999999999 342.05039999999985 344.0506999999999 346.0509999999999 348.05129999999986 350.0515999999999 352.0518999999999 354.05219999999986 356.0524999999999 358.0527999999999 360.05309999999986 362.0533999999999 364.0536999999999 366.05399999999986 368.0542999999999 369.99 372.04 373.98 376.04 377.98 380.03 381.97 384.02 385.96 388.01 389.95 392.0 394.05 395.99 398.05 399.99 402.04 403.99 406.05 407.99 410.06 412.01 413.96 416.02 417.97 420.04 422.0 423.95 426.02 427.98 430.05 432.01 433.96 436.03 437.99 440.06 442.01 443.96 446.03 447.98 450.04 451.98 454.04 455.99 458.04 459.98 462.03 463.97 466.02 467.95 470.0 472.05 473.98 476.02 477.96 480.0 482.05 483.98 486.03 487.96 490.01 492.06 493.99 496.05 497.98 500.04 501.98 504.04 505.98 508.04 509.99 512.05 514.0 515.95 518.01 519.96 522.03 523.98 526.04 527.99 530.05 532.0 534.06 536.0 538.06 540.0 542.05 543.99 546.04 547.98 550.03 551.96 554.0 556.04 557.97 560.01 562.05 563.98 566.01 568.05 569.98 572.01 574.05 575.97 578.01 580.05 581.98 584.02 585.95 588.0 590.04 591.97 594.02 595.96 598.01 599.95
0.0 39.77 47.82 50.0 60.0 70.0 80.0 90.0
71.69571887237906 73.57599534423954 75.36437038778762 77.059139926765 78.65965831186735 80.16623779837676 81.58003765435421 82.90294809043735 84.1374735347074 85.28661899637405 86.35378244503603 87.34265533785087 88.25713269845934 89.10123351652605 89.87903170908201 90.59459746729591 91.2519484996252 91.85501046399374 92.40758574427717 92.91332965545237 93.37573314305375 93.79811106299918 94.1835951759797 94.53513105688582 94.85547819647397 95.14721265370444 95.41273169848115 95.65425996277307 95.8738566912248 96.07342374913698 96.25471410551005 96.41934056156039 96.56878454091712 96.7044047969927 96.82744592631735 96.9356102996638 97.03952971011766 97.12870983733956 97.21455354043725 97.28781956784148 97.35799645408639 97.41818069421042 97.47581208819456 97.52522531486972 97.57253227447336 97.61308529960714 97.65190279403683 97.68696513369119 97.7170146520184 97.74590529610686 97.77053608831841 97.79410522056654 97.81439940481441 97.8338021147945 97.85034096421353 97.86631092140497 97.87992006716338 97.89226822941059 97.90407208847844 97.91418161090486 97.92388960488357 97.93220188030669 97.9397028003648 97.94690542356064 97.9530722323284 97.95896193122108 97.9640045027314 97.968554583207 97.97292345775323 97.97666384034096 97.9802359731433 97.98327932923364 97.98604012820395 97.98869088404913 97.99094921369728 97.99310756159969 97.99494673431931 97.83253100095162 97.70064102059324 97.73286148255053 97.9803761013929 98.3099390782229 98.55724277760275 98.66083633538722 98.66166518722292 98.70351174062459 98.8889555344612 99.13587037257932 99.28013609196388 99.24985660614738 99.05534960161533 98.85053327049395 98.8098548307987 98.88205256865075 98.88235803313775 98.64660600759721 98.14398903688149 97.55922740692819 97.16945131795346 97.15937025048379 97.42638319231415 97.67284499533814 97.56009658321786 96.9752278113155 96.12351409267231 95.35388601402664 94.97424781778545 95.04616988478072 95.313082799865 95.34394219856443 94.78979605558696 93.65065099514344 92.3164975464523 91.27997040886457 90.8694849401084 91.15688849578198 91.7316539898571 91.91642025816799 91.22881748974757 89.69963778886363 87.84203393560874 86.30258511765201 85.67655089041672 86.12814383856565 87.24683792700849 87.69842844861596 86.23081200848196 83.05951507972641 79.15953410843288 75.5674450909153 72.80666892821833 70.51799584479583 67.01827167201029 61.43513026277418 54.04567579007429 45.55806439472008 37.255188513453184 30.34809843164759 24.836794377272007 20.22864607185778 15.918128404616128 11.44340017366107 6.917355985894565 3.6126251677698136 1.8986808830385171 1.1392085524751612 0.7697355215405758 0.5849990059531195 0.5028938893655817 0.4721044739021577 0.49263076103726383
71.52213347988318 73.3978575386498 75.18190267535343 76.8725689395434 78.46921224512295 79.97214409136032 81.3825209395659 82.70222842391222 83.93376490890883 85.08012812821657 86.14470782447316 87.1311865173005 88.04344979994077 88.88550693152084 89.66142196554709 90.37525523868449 91.03101473195468 91.63261659871306 92.18385401673052 92.68837345095362 93.14965739484794 93.57101267860018 93.95556348046945 94.30624824369625 94.62581977792281 94.91684790510934 95.18172409103299 95.4226675815167 95.64173263548497 95.84081651355571 96.02166794054551 96.1858958128528 96.3349779673723 96.47026986778381 96.59301309727478 96.70091558950061 96.80458339648449 96.89354760610864 96.97918346955943 97.05227210963395 97.1222790877932 97.18231761342955 97.23980947372462 97.28910306404656 97.33629548686503 97.37675032743638 97.41547383926695 97.45045128807864 97.48042805230679 97.50924874809327 97.5338199057018 97.55733197377461 97.59826777296053 97.56589047484215 97.52028897542868 97.48445073828647 97.39448373493981 97.17899121818223 96.9111278700591 96.67259257751633 96.51646618607919 96.36929147592642 96.11770699398107 95.73111882218676 95.31238441027753 95.01765605393925 94.85676804908017 94.68502526168368 94.37838346767984 93.96748514059152 93.33877330192462 92.14990027538512 90.2559709697085 87.5016394139174 84.03170001833378 80.24022583462963 76.16849484678141 71.88926489522174 67.64079979761154 63.59945519004135 59.79626356638873 56.22098049368161 53.06013371237644 50.47966367244278 48.728314687429126 47.81653512301251 47.371159529221764 47.16413901746672 46.87417698217699 46.0866116868385 44.428290740254994 41.91992589425449 38.758455420176944 35.26524292034697 31.66832743547246 28.071386399712125 24.464050787169455 20.763392245954737 17.04198312971066 13.538243083002047 10.635729342603097 8.676529411979013 7.62955209305753 7.266742886458577 7.2563854301121715 7.401520821084017 7.536289880274287 7.619226639389742 7.650331417982917 7.619238120028864 7.536312388682735 7.380822102960157 7.1631330101628805 6.914344533222219 6.717387028929792 6.665558027102506 6.789956478149508 7.080216496329462 7.411941754719272 7.691835339908754 7.857698827533693 7.919898715288358 7.888801124366209 7.76440618654011 7.515614626009021 7.152792907825521 6.655208152297835 6.095425023714446 5.546008065702839 5.141720106688987 4.944759495523542 4.975859012868682 5.193553203246302 5.514911149426913 5.867368227333243 6.199092543112643 6.458252245062425 6.6344809304291985 6.717412195326824 6.707046061850276 6.593016128453792 6.385688756489017 6.105796718547409 5.774072751284916 5.442348763945608 5.162456644450249 4.99659466869467 4.965495613087391 5.11062499289034 5.442349203382697 5.971034623184987
71.47502243901691 73.34951097377878 75.13238097462929 76.82193361086121 78.41752522063193 79.91946709802774 81.32891494260744 82.64775314649188 83.87847842853844 85.02408654782548 86.08796501419509 87.07379392162383 87.9854563039456 88.8269587794212 89.60236272459848 90.31572580163201 90.97105335151933 91.57225894807783 92.1231332705434 92.62732038196619 93.08830048192192 93.50937822241552 93.89367572383553 94.24412949389409 94.56349052898037 94.85432695833398 95.11902867249327 95.3598134554822 95.5787342131018 95.77768695626004 95.95841925790286 96.12253895466186 96.27152290999275 96.4067256947426 96.52938807427819 96.63721949202018 96.74081901387254 96.82972462350378 96.9153040793159 96.98834457650453 97.05830544164326 97.11830442039675 97.17575841127646 97.22501953231604 97.27218086987386 97.31260906317459 97.35130706814651 97.38626147760046 97.41621849638065 97.44502020821194 97.46957518100112 97.49307176186812 97.42874825926093 97.26835899361812 96.92531053886195 96.61330417023233 96.41520943575324 96.26870557206753 96.11104819441886 95.80356704707988 94.99831082868593 93.41905507192939 90.86513839807301 87.31569079547644 83.24619946995682 79.09129088936407 74.88230625754377 70.52432779759417 66.09171611057972 61.6900741058117 57.48915656946227 53.86996576316129 50.98097358656681 48.99176451579787 47.91286873474331 47.373899725717635 46.993588053079314 46.761475288168725 46.67748326172681 46.70993721961728 46.63639802345135 46.09688544401791 44.890124351044356 42.99497556040608 40.53846037572497 37.764189539680196 34.82040398441797 31.80240966601572 28.69964796759912 25.554466853059065 22.472790309042047 19.687606952851777 17.516635095248947 16.086980142036918 15.366873136527207 15.144516791178964 15.144557397327505 15.218726370746005 15.282303850559805 15.292923123452784 15.229406661458599 15.112932400912669 14.943503286207791 14.752888971379027 14.646999411121547 14.689377635211692 14.996524415408134 15.547257444012354 16.24626109975999 16.95585604483964 17.591314583069195 18.067911405856627 18.385645003291447 18.544516282702546 18.5233424704399 18.322124298299993 17.962042509172196 17.474870236619083 16.945333479536377 16.479341261639995 16.161619894057704 15.981579154959203 15.8862645815455 15.822722377303403 15.716816355704609 15.52618341096934 15.22964158012841 14.806009384751137 14.287059251791282 13.683381967712474 13.058522811100929 12.465435999493877 11.988848365035235 11.713486893896304 11.69230587970021 11.967668767955065 12.560757389751503 13.460980900930114 14.668339300318179 16.140469245364265 17.824416423910417 19.688408236575206 21.668899588123526 23.71293611655428 25.756972716326825 27.79041848335904 29.78150080271692 31.709038002798813 33.604802603326206 35.43702206726041 37.25865064711488
50.0 50.0 50.0 50.0 50.0 50.0 50.0 50.0 50.0 50.0 50.0 50.0 50.0 50.0 50.0 50.0 50.0 50.0 50.0 50.0 50.0 50.0 50.0 50.0 50.0 50.0 50.0 50.0 50.0 50.0 50.0 50.0 50.0 50.0 50.0 50.0 50.0 50.0 50.0 50.0 50.0 50.0 50.0 50.0 50.0 50.0 50.0 50.0 50.0 50.0 50.0 50.0 50.0 50.0 50.0 50.0 50.0 50.0 50.0 50.0 50.0 50.0 50.0 50.0 50.0 50.0 50.0 50.0 50.0 50.0 50.0 50.0 50.0 50.0 50.0 50.0 50.0 50.0 50.0 50.0 50.0 50.0 50.0 50.0 50.0 50.0 50.0 50.0 50.0 50.0 50.0 50.0 50.0 50.0 50.0 50.0 50.0 50.0 50.0 50.0 50.0 50.0 50.0 50.0 50.0 50.0 50.0 50.0 50.0 50.0 50.0 50.0 50.0 50.0 50.0 50.0 50.0 50.0 50.0 50.0 50.0 50.0 50.0 50.0 50.0 50.0 50.0 50.0 50.0 50.0 50.0 50.0 50.0 50.0 50.0 50.0 50.0 50.0 50.0 50.0 50.0 50.0 50.0 50.0 50.0 50.0 50.0 50.0 50.0 50.0 50.0
50.0 50.0 50.0 50.0 50.0 50.0 50.0 50.0 50.0 50.0 50.0 50.0 50.0 50.0 50.0 50.0 50.0 50.0 50.0 50.0 50.0 50.0 50.0 50.0 50.0 50.0 50.0 50.0 50.0 50.0 50.0 50.0 50.0 50.0 50.0 50.0 50.0 50.0 50.0 50.0 50.0 50.0 50.0 50.0 50.0 50.0 50.0 50.0 50.0 50.0 50.0 50.0 50.0 50.0 50.0 50.0 50.0 50.0 50.0 50.0 50.0 50.0 50.0 50.0 50.0 50.0 50.0 50.0 50.0 50.0 50.0 50.0 50.0 50.0 50.0 50.0 50.0 50.0 50.0 50.0 50.0 50.0 50.0 50.0 50.0 50.0 50.0 50.0 50.0 50.0 50.0 50.0 50.0 50.0 50.0 50.0 50.0 50.0 50.0 50.0 50.0 50.0 50.0 50.0 50.0 50.0 50.0 50.0 50.0 50.0 50.0 50.0 50.0 50.0 50.0 50.0 50.0 50.0 50.0 50.0 50.0 50.0 50.0 50.0 50.0 50.0 50.0 50.0 50.0 50.0 50.0 50.0 50.0 50.0 50.0 50.0 50.0 50.0 50.0 50.0 50.0 50.0 50.0 50.0 50.0 50.0 50.0 50.0 50.0 50.0 50.0
50.0 50.0 50.0 50.0 50.0 50.0 50.0 50.0 50.0 50.0 50.0 50.0 50.0 50.0 50.0 50.0 50.0 50.0 50.0 50.0 50.0 50.0 50.0 50.0 50.0 50.0 50.0 50.0 50.0 50.0 50.0 50.0 50.0 50.0 50.0 50.0 50.0 50.0 50.0 50.0 50.0 50.0 50.0 50.0 50.0 50.0 50.0 50.0 50.0 50.0 50.0 50.0 50.0 50.0 50.0 50.0 50.0 50.0 50.0 50.0 50.0 50.0 50.0 50.0 50.0 50.0 50.0 50.0 50.0 50.0 50.0 50.0 50.0 50.0 50.0 50.0 50.0 50.0 50.0 50.0 50.0 50.0 50.0 50.0 50.0 50.0 50.0 50.0 50.0 50.0 50.0 50.0 50.0 50.0 50.0 50.0 50.0 50.0 50.0 50.0 50.0 50.0 50.0 50.0 50.0 50.0 50.0 50.0 50.0 50.0 50.0 50.0 50.0 50.0 50.0 50.0 50.0 50.0 50.0 50.0 50.0 50.0 50.0 50.0 50.0 50.0 50.0 50.0 50.0 50.0 50.0 50.0 50.0 50.0 50.0 50.0 50.0 50.0 50.0 50.0 50.0 50.0 50.0 50.0 50.0 50.0 50.0 50.0 50.0 50.0 50.0
50.0 50.0 50.0 50.0 50.0 50.0 50.0 50.0 50.0 50.0 50.0 50.0 50.0 50.0 50.0 50.0 50.0 50.0 50.0 50.0 50.0 50.0 50.0 50.0 50.0 50.0 50.0 50.0 50.0 50.0 50.0 50.0 50.0 50.0 50.0 50.0 50.0 50.0 50.0 50.0 50.0 50.0 50.0 50.0 50.0 50.0 50.0 50.0 50.0 50.0 50.0 50.0 50.0 50.0 50.0 50.0 50.0 50.0 50.0 50.0 50.0 50.0 50.0 50.0 50.0 50.0 50.0 50.0 50.0 50.0 50.0 50.0 50.0 50.0 50.0 50.0 50.0 50.0 50.0 50.0 50.0 50.0 50.0 50.0 50.0 50.0 50.0 50.0 50.0 50.0 50.0 50.0 50.0 50.0 50.0 50.0 50.0 50.0 50.0 50.0 50.0 50.0 50.0 50.0 50.0 50.0 50.0 50.0 50.0 50.0 50.0 50.0 50.0 50.0 50.0 50.0 50.0 50.0 50.0 50.0 50.0 50.0 50.0 50.0 50.0 50.0 50.0 50.0 50.0 50.0 50.0 50.0 50.0 50.0 50.0 50.0 50.0 50.0 50.0 50.0 50.0 50.0 50.0 50.0 50.0 50.0 50.0 50.0 50.0 50.0 50.0
50.0 50.0 50.0 50.0 50.0 50.0 50.0 50.0 50.0 50.0 50.0 50.0 50.0 50.0 50.0 50.0 50.0 50.0 50.0 50.0 50.0 50.0 50.0 50.0 50.0 50.0 50.0 50.0 50.0 50.0 50.0 50.0 50.0 50.0 50.0 50.0 50.0 50.0 50.0 50.0 50.0 50.0 50.0 50.0 50.0 50.0 50.0 50.0 50.0 50.0 50.0 50.0 50.0 50.0 50.0 50.0 50.0 50.0 50.0 50.0 50.0 50.0 50.0 50.0 50.0 50.0 50.0 50.0 50.0 50.0 50.0 50.0 50.0 50.0 50.0 50.0 50.0 50.0 50.0 50.0 50.0 50.0 50.0 50.0 50.0 50.0 50.0 50.0 50.0 50.0 50.0 50.0 50.0 50.0 50.0 50.0 50.0 50.0 50.0 50.0 50.0 50.0 50.0 50.0 50.0 50.0 50.0 50.0 50.0 50.0 50.0 50.0 50.0 50.0 50.0 50.0 50.0 50.0 50.0 50.0 50.0 50.0 50.0 50.0 50.0 50.0 50.0 50.0 50.0 50.0 50.0 50.0 50.0 50.0 50.0 50.0 50.0 50.0 50.0 50.0 50.0 50.0 50.0 50.0 50.0 50.0 50.0 50.0 50.0 50.0 50.0