4 151 9
300.0440999999999 302.0443999999999 304.0446999999999 306.0449999999999 308.0452999999999 310.0455999999999 312.0458999999999 314.0461999999999 316.04649999999987 318.0467999999999 320.0470999999999 322.04739999999987 324.0476999999999 326.0479999999999 328.04829999999987 330.0485999999999 332.0488999999999 334.04919999999987 336.0494999999999 338.0497999999999 340.0500999999999 342.05039999999985 344.0506999999999 346.0509999999999 348.05129999999986 350.0515999999999 352.0518999999999 354.05219999999986 356.0524999999999 358.0527999999999 360.05309999999986 362.0533999999999 364.0536999999999 366.05399999999986 368.0542999999999 370.0545999999999 372.05489999999986 374.0551999999999 376.0554999999999 378.05579999999986 380.05609999999984 382.0563999999999 384.05669999999986 386.05699999999985 388.0572999999999 390.05759999999987 392.05789999999985 394.0581999999999 396.05849999999987 398.05879999999985 399.99 402.04 403.99 406.05 407.99 410.06 412.01 413.96 416.02 417.97 420.04 422.0 423.95 426.02 427.98 430.05 432.01 433.96 436.03 437.99 440.06 442.01 443.96 446.03 447.98 450.04 451.98 454.04 455.99 458.04 459.98 462.03 463.97 466.02 467.95 470.0 472.05 473.98 476.02 477.96 480.0 482.05 483.98 486.03 487.96 490.01 492.06 493.99 496.05 497.98 500.04 501.98 504.04 505.98 508.04 509.99 512.05 514.0 515.95 518.01 519.96 522.03 523.98 526.04 527.99 530.05 532.0 534.06 536.0 538.06 540.0 542.05 543.99 546.04 547.98 550.03 551.96 554.0 556.04 557.97 560.01 562.05 563.98 566.01 568.05 569.98 572.01 574.05 575.97 578.01 580.05 581.98 584.02 585.95 588.0 590.04 591.97 594.02 595.96 598.01 599.95
0.0 13.54 26.89 39.77 50.0 60.0 70.0 80.0 90.0
72.86658661182489 74.89362417838196 76.67440115568849 78.23656589012907 79.67129442033077 81.11295044492286 82.60349669879153 84.09120503125614 85.44074806436265 86.54491489050437 87.37356608666605 88.01591796648233 88.62189882416263 89.31020656870437 90.127634181341 90.99760396838649 91.81140998684138 92.48578292349951 93.0227183706911 93.5025177499636 94.04640548047333 94.70853916578356 95.45430722336913 96.17840001401795 96.74370617896108 97.04124800943 97.10135527470966 97.02528283877089 96.93549453525054 96.88470444616219 96.784116853446 96.45283503827406 95.71886590611787 94.50081133233968 92.92065971850711 91.19289052864498 89.57376225056429 88.21828055769429 87.07731040511932 85.83530014245731 84.01179604583751 81.40166364972704 78.08642461223825 74.37355806180105 70.44810728854509 66.0848432367068 60.96572296441571 54.99825626245312 48.274860883775865 41.062862544430885 33.804393548692595 27.004786177328214 20.993224064138598 15.874066730774235 11.503698495448061 7.749283292635107 4.7552015062878406 2.727894745067899 1.5339823681385127 0.9060697143497554 0.5766469859422154 0.4016275259220256 0.29866898321707513 0.24719250848545912 0.20600672658874913 0.18541720198072797 0.1648237747419836 0.1648314302215975 0.1751412046249276 0.20605634248982171 0.3193989754071853 0.422444024049593 0.44306353311925484 0.45337960088168067 0.44308573053390904 0.4430954899368412 0.4327990664478393 0.4225019460420796 0.4018983011069244 0.3812937329571822 0.3297717018284281 0.20610979383482972 0.09275036313053678 0.06183418493378564 0.04122313626941369 0.03091760197406904 0.030917827416291673 0.0309180195531422 0.03091820346292583 0.030918361788437453 0.030918512514856004 0.030918649260137827 0.02061251053529275 0.020612585249511334 0.020612648925503244 0.02061271015831528 0.020612765426025834 0.020612812528440966 0.020612858033284488 0.020612896617097965 0.020612933892234776 0.02061296565395756 0.03091949425867921 0.030919533265352843 0.030919570745194237 0.030919602838033355 0.04122617801163238 0.041226213028114515 0.051532805989623634 0.06183941272156448 0.07214602699606411 0.0927592337162339 0.1339856289072236 0.14429228685867795 0.15459894401785332 0.1649056067919237 0.18551887170645362 0.2061321477032639 0.20613220567021062 0.20613226136805898 0.2061323088274309 0.20613235421880086 0.20613239309471465 0.20613243027664038 0.2061324621214874 0.20613249257871763 0.2061325185360507 0.2061325433816262 0.20613256581792025 0.20613258503798612 0.20613260343485176 0.2061326200477679 0.2061326342792325 0.20613264783771687 0.20613266014487283 0.2061326706878051 0.20613268073218072 0.2061326898495489 0.20613269762139053 0.20613270510100568 0.2061327118553197 0.20613271764140634 0.20613272317967274 0.20613272792403153 0.2061327324863269 0.2061327365850753 0.20613274009627022 0.20613274347272398 0.20613274636452208 0.2061327491303113 0.20613275149909957
72.70640498308568 74.48164915369132 76.28411185093574 78.11301814950708 79.86778027103202 81.41436029877212 82.68716540999272 83.71416640976591 84.61569063484954 85.55610950272948 86.59031974545373 87.69212500760801 88.76804642440007 89.7107361378962 90.47495082316253 91.15715177344627 91.847373950866 92.6379079813922 93.5256034506464 94.39899847598656 95.12410973305042 95.60371724320719 95.82824152201312 95.89760676329259 95.92330929355161 95.96817629481902 95.96506863447482 95.70502564407992 95.03748045321677 93.87133811890747 92.35800979089558 90.7110787174973 89.19631831954996 87.92831854743753 86.818261587473 85.4809011388746 83.52911114382556 80.72751577707605 77.3001872061154 73.44146986557672 69.29518264698088 64.70841744633654 59.3638517223144 53.21017262138123 46.370503203945894 39.153042654461025 32.00000641481357 25.374730811033235 19.597137896173326 14.637818706673508 10.446456140381004 6.952270384246813 4.238061839899346 2.417820607853509 1.3789052415610403 0.8130693500215651 0.5249658623663122 0.3603161402532293 0.2676956933544328 0.22653513001256054 0.185365301330147 0.17508208962658758 0.16479576441143212 0.17510837645592858 0.2060228251850824 0.27814753738290476 0.38118476481798486 0.4430190861733901 0.45334207135406324 0.45335937891956335 0.45337590795663407 0.4430856722688634 0.43279354845413903 0.4225003694900575 0.391594733120894 0.35038195223787616 0.2679441687325021 0.1545859620249653 0.08244711955716484 0.05153020669289002 0.04122468401991482 0.04122518009709066 0.030919203732672502 0.03091950851320191 0.030919768268666614 0.030920018060194066 0.0309202435200341 0.030920435671899348 0.030920619596054792 0.030920777933938912 0.030920928672136125 0.030921065428104046 0.02061412132000846 0.030921294060098487 0.030921389581550385 0.030921481437946083 0.030921564345990343 0.030921635005134337 0.030921703267733646 0.03092176114797662 0.030921817065051184 0.04122915294847791 0.04122921399023821 0.051536582504000845 0.061843973970341595 0.09276605724155354 0.12368819901442224 0.18553245610811675 0.29891363181150415 0.45352446496656373 0.6390576035561129 0.8348983422922369 0.9895096566994581 1.0822767203999897 1.1956585956760541 1.3193479480096901 1.4636521352686678 1.6388786360009808 1.6388790968742197 1.6388795397067173 1.6388799170382085 1.6388802779277996 1.6388805870154664 1.6388808826348755 1.6388811358211932 1.6388813779750955 1.6388815843520197 1.6388817818897805 1.6388819602722569 1.6388821130837214 1.6388822593502324 1.6388823914332364 1.6388825045822217 1.6388826123805957 1.6388827102301315 1.638882794052993 1.6388828739120194 1.6388829464007608 1.6388830081917298 1.6388830676593171 1.63888312136031 1.6388831673632933 1.638883211395952 1.6388832491165517 1.6388832853896345 1.6388833179772306 1.6388833458934116 1.6388833727383165 1.638883395729908 1.6388834177196505 1.638883436552989
72.47093614463888 74.35604599748851 76.13163337288728 77.85988782754765 79.59301424574939 81.30320984980486 82.94325945921565 84.41923980304949 85.71178839509594 86.81956209725332 87.77858597576079 88.60900367293728 89.24860111821619 89.65176736275733 89.79071036619139 89.68505016073706 89.39400276947889 88.97872090177195 88.35589738775086 87.34233707024427 85.80040986521715 83.67942289264968 81.09723536746095 78.03481262028265 74.52314033692667 70.57382571659991 66.25904544167892 61.581266146352284 56.44193678095885 50.771948041440126 44.78552009640425 38.75932623390012 32.96140369983465 27.47755613003341 22.444421758231464 17.937437784033587 13.98066710967852 10.485184889462282 7.412462259407482 4.836180774740006 2.942708284077435 1.7441755729005983 1.0676390922001204 0.6984353857188429 0.5035216733203894 0.3906528947230442 0.3393822914257137 0.30863726834411453 0.3087349752230426 0.3294116651346483 0.3912744550195447 0.5046597399340791 0.6180789387835065 0.6800216967218902 0.7007468563613864 0.7111680065489276 0.7009586845798867 0.6804280820979315 0.649577849627474 0.6083976278850665 0.5672065628927971 0.4744312122149079 0.3506934067578991 0.2269359511573693 0.14442287949775098 0.11348194261021938 0.09285364165777003 0.08254040389335185 0.07222607416039559 0.0722288315870461 0.06191268426789239 0.061914607332711175 0.061916351852647045 0.06191802683748541 0.061919453852322524 0.05160068140811861 0.05160164986975761 0.06192309654599523 0.061924052773785605 0.0722457895140089 0.08256765540686895 0.09288973010771041 0.11353306244962738 0.14449804928556625 0.20642751888118097 0.2993223204933645 0.4438259873036648 0.6399391213201628 0.8670194506662197 1.0837798631093922 1.2695768859179961 1.4347314441707488 1.5689208743008793 1.682467299151878 1.7856916681670318 1.8785945031965396 1.9611753441306417 1.992145822876798 1.9921502207377797 1.9818319085187095 2.0231237317695823 2.1366696824970255 2.3844030309766397 2.78696809757291 3.38565423734348 4.19078368017216 5.233323727758449 6.451341435912762 7.772582150528984 9.135113238006475 10.446034379217629 11.695023829984365 12.892402732889762 13.718183888125466 14.57493139518549 15.380068369068903 16.07166088605348 16.56713181451629 16.56713647340166 16.567140949916393 16.567144764293133 16.56714841246164 16.567151536973732 16.567154525337614 16.56715708475294 16.567159532643547 16.56716161887106 16.567163615745052 16.56716541898169 16.567166963725526 16.567168442307597 16.56716977751113 16.567170921314037 16.567172011028575 16.56717300017208 16.567173847522437 16.56717465480309 16.567175387578846 16.56717601221273 16.567176613359965 16.56717715621372 16.567177621249673 16.567178066367966 16.56717844767878 16.567178814356907 16.567179143779104 16.567179425978797 16.567179697349154 16.56717992976705 16.567180152057436 16.567180342440295
39.36834731299423 39.00876031148043 39.083770223636115 39.340176318700266 39.521845476962525 39.25629176966055 38.33575089121675 36.63987788946973 34.29686257065121 31.483661860425418 28.34380913265707 24.98271575065802 21.47312066675245 17.852318604484765 14.244118775669424 10.823511149486169 7.895254058121 5.643262436749948 4.125308886296743 3.2195500570614253 2.7095441363177226 2.53237120772231 2.612855122261652 2.8939117045743505 3.2969300156404526 3.6711510426753295 3.9450770465397573 4.077070738624341 4.106811808222622 4.07451312855148 3.9798909063719754 3.822720509959226 3.572033860983441 3.1864529339637873 2.686201217859379 2.122587109627249 1.6193887050553881 1.2492439467386611 1.0436501950135655 0.9307063840799711 0.9106628981889097 0.942306803402847 1.0360978771648666 1.2128660491793493 1.483090940863186 1.888376094688948 2.439230017236498 3.1253831272118444 3.9053690272327732 4.696097300728202 5.455905731312146 6.112087479207376 6.664389632759464 7.102466491913734 7.446889738919359 7.676957523091512 7.792467177635663 7.803855386475391 7.742358005095603 7.691120128231597 7.754333696947832 8.056864092898467 8.682092137332905 9.713414482404087 11.171650533166778 13.004874652481023 15.150573786990178 17.483845281475002 19.911020213298283 22.307025917274576 24.56778370458037 26.641094837131455 28.485319544559356 30.110890894211998 31.476032318253907 32.61205422968226 33.61260752714377 34.52984301443814 35.519934523778254 36.687110596621444 38.10424163266685 39.84430784910176 41.876017871566624 44.14734157315664 46.55406488097543 48.97123003675382 51.26338656063428 53.32633744750548 55.10802951592923 56.57717219468444 57.73379061986944 58.629955012381025 59.2760663624632 59.72423905756147 60.00570027654943 60.193396902448725 60.370659453665624 60.641658620762165 61.07933849649915 61.829533093454984 63.02769193916707 64.7675643905334 67.04916544559995 69.67454695668037 72.37285652441977 74.91489152851263 77.24857067250065 79.43639267389591 81.5512866821642 83.63492738289473 85.54145761303829 87.02085348513648 87.82307831699514 88.14607732532231 88.07318900567607 87.82319407971269 87.63570150876085 87.6774022001318 87.67742685611758 87.67745054695236 87.6774707335874 87.67749004060693 87.67750657630583 87.67752239147438 87.67753593653995 87.67754889138885 87.67755993222629 87.67757050018253 87.67758004336149 87.67758821853195 87.67759604355783 87.6776031097886 87.67760916307948 87.67761493012115 87.67762016491581 87.67762464930567 87.67762892163665 87.6776327996691 87.67763610538773 87.67763928680914 87.67764215972689 87.67764462081338 87.67764697649064 87.67764899448278 87.67765093503505 87.67765267841965 87.67765417189096 87.67765560805071 87.67765683806432 87.67765801448058 87.67765902203426
50.0 50.0 50.0 50.0 50.0 50.0 50.0 50.0 50.0 50.0 50.0 50.0 50.0 50.0 50.0 50.0 50.0 50.0 50.0 50.0 50.0 50.0 50.0 50.0 50.0 50.0 50.0 50.0 50.0 50.0 50.0 50.0 50.0 50.0 50.0 50.0 50.0 50.0 50.0 50.0 50.0 50.0 50.0 50.0 50.0 50.0 50.0 50.0 50.0 50.0 50.0 50.0 50.0 50.0 50.0 50.0 50.0 50.0 50.0 50.0 50.0 50.0 50.0 50.0 50.0 50.0 50.0 50.0 50.0 50.0 50.0 50.0 50.0 50.0 50.0 50.0 50.0 50.0 50.0 50.0 50.0 50.0 50.0 50.0 50.0 50.0 50.0 50.0 50.0 50.0 50.0 50.0 50.0 50.0 50.0 50.0 50.0 50.0 50.0 50.0 50.0 50.0 50.0 50.0 50.0 50.0 50.0 50.0 50.0 50.0 50.0 50.0 50.0 50.0 50.0 50.0 50.0 50.0 50.0 50.0 50.0 50.0 50.0 50.0 50.0 50.0 50.0 50.0 50.0 50.0 50.0 50.0 50.0 50.0 50.0 50.0 50.0 50.0 50.0 50.0 50.0 50.0 50.0 50.0 50.0 50.0 50.0 50.0 50.0 50.0 50.0
50.0 50.0 50.0 50.0 50.0 50.0 50.0 50.0 50.0 50.0 50.0 50.0 50.0 50.0 50.0 50.0 50.0 50.0 50.0 50.0 50.0 50.0 50.0 50.0 50.0 50.0 50.0 50.0 50.0 50.0 50.0 50.0 50.0 50.0 50.0 50.0 50.0 50.0 50.0 50.0 50.0 50.0 50.0 50.0 50.0 50.0 50.0 50.0 50.0 50.0 50.0 50.0 50.0 50.0 50.0 50.0 50.0 50.0 50.0 50.0 50.0 50.0 50.0 50.0 50.0 50.0 50.0 50.0 50.0 50.0 50.0 50.0 50.0 50.0 50.0 50.0 50.0 50.0 50.0 50.0 50.0 50.0 50.0 50.0 50.0 50.0 50.0 50.0 50.0 50.0 50.0 50.0 50.0 50.0 50.0 50.0 50.0 50.0 50.0 50.0 50.0 50.0 50.0 50.0 50.0 50.0 50.0 50.0 50.0 50.0 50.0 50.0 50.0 50.0 50.0 50.0 50.0 50.0 50.0 50.0 50.0 50.0 50.0 50.0 50.0 50.0 50.0 50.0 50.0 50.0 50.0 50.0 50.0 50.0 50.0 50.0 50.0 50.0 50.0 50.0 50.0 50.0 50.0 50.0 50.0 50.0 50.0 50.0 50.0 50.0 50.0
50.0 50.0 50.0 50.0 50.0 50.0 50.0 50.0 50.0 50.0 50.0 50.0 50.0 50.0 50.0 50.0 50.0 50.0 50.0 50.0 50.0 50.0 50.0 50.0 50.0 50.0 50.0 50.0 50.0 50.0 50.0 50.0 50.0 50.0 50.0 50.0 50.0 50.0 50.0 50.0 50.0 50.0 50.0 50.0 50.0 50.0 50.0 50.0 50.0 50.0 50.0 50.0 50.0 50.0 50.0 50.0 50.0 50.0 50.0 50.0 50.0 50.0 50.0 50.0 50.0 50.0 50.0 50.0 50.0 50.0 50.0 50.0 50.0 50.0 50.0 50.0 50.0 50.0 50.0 50.0 50.0 50.0 50.0 50.0 50.0 50.0 50.0 50.0 50.0 50.0 50.0 50.0 50.0 50.0 50.0 50.0 50.0 50.0 50.0 50.0 50.0 50.0 50.0 50.0 50.0 50.0 50.0 50.0 50.0 50.0 50.0 50.0 50.0 50.0 50.0 50.0 50.0 50.0 50.0 50.0 50.0 50.0 50.0 50.0 50.0 50.0 50.0 50.0 50.0 50.0 50.0 50.0 50.0 50.0 50.0 50.0 50.0 50.0 50.0 50.0 50.0 50.0 50.0 50.0 50.0 50.0 50.0 50.0 50.0 50.0 50.0
50.0 50.0 50.0 50.0 50.0 50.0 50.0 50.0 50.0 50.0 50.0 50.0 50.0 50.0 50.0 50.0 50.0 50.0 50.0 50.0 50.0 50.0 50.0 50.0 50.0 50.0 50.0 50.0 50.0 50.0 50.0 50.0 50.0 50.0 50.0 50.0 50.0 50.0 50.0 50.0 50.0 50.0 50.0 50.0 50.0 50.0 50.0 50.0 50.0 50.0 50.0 50.0 50.0 50.0 50.0 50.0 50.0 50.0 50.0 50.0 50.0 50.0 50.0 50.0 50.0 50.0 50.0 50.0 50.0 50.0 50.0 50.0 50.0 50.0 50.0 50.0 50.0 50.0 50.0 50.0 50.0 50.0 50.0 50.0 50.0 50.0 50.0 50.0 50.0 50.0 50.0 50.0 50.0 50.0 50.0 50.0 50.0 50.0 50.0 50.0 50.0 50.0 50.0 50.0 50.0 50.0 50.0 50.0 50.0 50.0 50.0 50.0 50.0 50.0 50.0 50.0 50.0 50.0 50.0 50.0 50.0 50.0 50.0 50.0 50.0 50.0 50.0 50.0 50.0 50.0 50.0 50.0 50.0 50.0 50.0 50.0 50.0 50.0 50.0 50.0 50.0 50.0 50.0 50.0 50.0 50.0 50.0 50.0 50.0 50.0 50.0
50.0 50.0 50.0 50.0 50.0 50.0 50.0 50.0 50.0 50.0 50.0 50.0 50.0 50.0 50.0 50.0 50.0 50.0 50.0 50.0 50.0 50.0 50.0 50.0 50.0 50.0 50.0 50.0 50.0 50.0 50.0 50.0 50.0 50.0 50.0 50.0 50.0 50.0 50.0 50.0 50.0 50.0 50.0 50.0 50.0 50.0 50.0 50.0 50.0 50.0 50.0 50.0 50.0 50.0 50.0 50.0 50.0 50.0 50.0 50.0 50.0 50.0 50.0 50.0 50.0 50.0 50.0 50.0 50.0 50.0 50.0 50.0 50.0 50.0 50.0 50.0 50.0 50.0 50.0 50.0 50.0 50.0 50.0 50.0 50.0 50.0 50.0 50.0 50.0 50.0 50.0 50.0 50.0 50.0 50.0 50.0 50.0 50.0 50.0 50.0 50.0 50.0 50.0 50.0 50.0 50.0 50.0 50.0 50.0 50.0 50.0 50.0 50.0 50.0 50.0 50.0 50.0 50.0 50.0 50.0 50.0 50.0 50.0 50.0 50.0 50.0 50.0 50.0 50.0 50.0 50.0 50.0 50.0 50.0 50.0 50.0 50.0 50.0 50.0 50.0 50.0 50.0 50.0 50.0 50.0 50.0 50.0 50.0 50.0 50.0 50.0