4 151 9
300.0440999999999 302.0443999999999 304.0446999999999 306.0449999999999 308.0452999999999 310.0455999999999 312.0458999999999 314.0461999999999 316.04649999999987 318.0467999999999 320.0470999999999 322.04739999999987 324.0476999999999 326.0479999999999 328.04829999999987 330.0485999999999 332.0488999999999 334.04919999999987 336.0494999999999 338.0497999999999 340.0500999999999 342.05039999999985 344.0506999999999 346.0509999999999 348.05129999999986 350.0515999999999 352.0518999999999 354.05219999999986 356.0524999999999 358.0527999999999 360.05309999999986 362.0533999999999 364.0536999999999 366.05399999999986 368.0542999999999 370.0545999999999 372.05489999999986 374.0551999999999 376.0554999999999 378.05579999999986 380.05609999999984 382.0563999999999 384.05669999999986 386.05699999999985 388.0572999999999 390.05759999999987 392.05789999999985 394.0581999999999 396.05849999999987 398.05879999999985 399.99 402.04 403.99 406.05 407.99 410.06 412.01 413.96 416.02 417.97 420.04 422.0 423.95 426.02 427.98 430.05 432.01 433.96 436.03 437.99 440.06 442.01 443.96 446.03 447.98 450.04 451.98 454.04 455.99 458.04 459.98 462.03 463.97 466.02 467.95 470.0 472.05 473.98 476.02 477.96 480.0 482.05 483.98 486.03 487.96 490.01 492.06 493.99 496.05 497.98 500.04 501.98 504.04 505.98 508.04 509.99 512.05 514.0 515.95 518.01 519.96 522.03 523.98 526.04 527.99 530.05 532.0 534.06 536.0 538.06 540.0 542.05 543.99 546.04 547.98 550.03 551.96 554.0 556.04 557.97 560.01 562.05 563.98 566.01 568.05 569.98 572.01 574.05 575.97 578.01 580.05 581.98 584.02 585.95 588.0 590.04 591.97 594.02 595.96 598.01 599.95
0.0 13.54 26.89 39.77 50.0 60.0 70.0 80.0 90.0
72.80627283087355 74.87815028908891 76.81705120435022 78.5850042467604 80.20894331332512 81.76205636721127 83.23388985868895 84.58361933535802 85.84317201283386 86.93952382886523 87.86391867123058 88.7782388671625 89.7263082869415 90.65941657142085 91.46971933798429 92.08363064891371 92.55027689413515 92.98805558271852 93.53772976457458 94.20598496814516 94.90065869375388 95.47788576596386 95.82075351588466 95.97958161605617 96.07540755910433 96.2708411533906 96.60972824345727 97.02528283877089 97.3589257126276 97.49086526647186 97.39142149799804 97.1625689237654 96.96790266682787 96.93120990206195 97.09526748582991 97.37027613789593 97.63519676616534 97.79900849136537 97.86230247807082 97.90748776678383 98.05812606958712 98.3663194518851 98.79193494522868 99.22285910754623 99.51590337774525 99.55838685194462 99.38121388742046 99.08725810751265 98.80008246009047 98.57142723431593 98.30827588582683 97.82807726767832 96.95351789738875 95.60447318800064 93.90228306749464 92.065190353139 90.34882861946896 88.90878080434508 87.69437457586479 86.38551026584601 84.49937797574678 81.82903387119013 78.45725221198893 74.6933363140229 70.72210923791756 66.31755257510703 61.15992191519728 55.15671733790206 48.40078701928881 41.15975441234189 33.87689777867178 27.05702456473735 21.03006211852091 15.899198276373482 11.520228993881636 7.759323347033523 4.760789730926232 2.730805261003685 1.5354576119213268 0.9068607702765414 0.5771004781997491 0.40191409797791794 0.29886228119839625 0.24733673973514256 0.20611568134706848 0.18550561184441425 0.16489507955355562 0.1648961042834251 0.17520315295657973 0.2061224119229164 0.3194912959868454 0.4225548732218837 0.4431689765087941 0.45347687548924936 0.44317195189831965 0.4431732684037784 0.43286807394654253 0.4225626568330398 0.4019507316490475 0.3813385874163124 0.3298069422757564 0.20612965653957557 0.09275848277603763 0.061839066530705686 0.04122609432692565 0.030919602838033355 0.03091963350872428 0.03091965977108588 0.030919683593774176 0.03091970636078224 0.03091972585545604 0.030919744572077967 0.0206131736780344 0.020613183836953992 0.020613192535713778 0.020613200848990463 0.020613207967383737 0.02061321477032639 0.020613220567021064 0.0206132261368059 0.02061323088274309 0.020613235421880087 0.03091985896420719 0.030919864541496055 0.030919869318223103 0.03091987388680764 0.04122650370721014 0.04122650867632524 0.05153314145448006 0.06183977551139583 0.07214641120219811 0.09275967902149554 0.13398621228150115 0.1442928534864018 0.15459949510865462 0.1649061365502441 0.18551941265896266 0.2061326898495489 0.20613269762139053 0.20613270510100568 0.2061327118553197 0.20613271764140634 0.20613272317967274 0.20613272792403153 0.2061327324863269 0.2061327365850753 0.20613274009627022 0.20613274347272398 0.20613274636452208 0.2061327491303113 0.20613275149909957
73.07585576024746 74.99232740469316 76.83097976965934 78.60735305013164 80.25430637813183 81.75158453113733 83.06465402568473 84.26342619770752 85.4562731518746 86.6593070568584 87.81629700456608 88.80354714293017 89.5848164040474 90.24484016545628 90.9097447782258 91.69068025372563 92.55750932568202 93.38171600168076 94.02121917965546 94.4380830421706 94.69203986330187 94.95268078653658 95.33300513171847 95.82801488610588 96.31234933748345 96.62857663216217 96.70758380375032 96.59025186403777 96.41878056164988 96.3769986348357 96.51837169620663 96.80512726536405 97.12781377754479 97.36591739222378 97.46943466048458 97.5409972685453 97.67344199847946 97.95987299786907 98.39135057157182 98.84620233649159 99.18180175846686 99.29607059687994 99.17894412249902 98.93317754545939 98.67199796617476 98.45748088592964 98.21824818718774 97.73894288913773 96.86555941758247 95.50559944080305 93.81246636302782 92.00445393117157 90.34683771804845 88.95522117234655 87.73541857872709 86.29856329026357 84.25187418565226 81.35938446917918 77.84796682511023 73.91223469227998 69.69735330013528 65.04814576950159 59.6457669816627 53.438956297256325 46.55085735056935 39.29091509549625 32.101938572238936 25.447840531355197 19.648257501640874 14.672358081396778 10.468861874635005 6.965718940784923 4.245498618169174 2.421648459272281 1.3808866904789423 0.8141227713762417 0.5255827925137541 0.36070057805825234 0.26795313856078573 0.22673290944871607 0.18551107808961667 0.1752070154126353 0.1649024199075867 0.1752105482414775 0.20613178845777744 0.2782801625417466 0.3813496700804206 0.443192911297224 0.4535024207421369 0.45350474303110405 0.4535069538579965 0.44320193780282463 0.4328965477201776 0.42259101882134603 0.39167093469963815 0.35044345629672224 0.26798689099858297 0.15460817502567167 0.08245787538062306 0.051536268579961034 0.04122908942006825 0.04122915294847791 0.03092191049267866 0.030921949502400507 0.030921986985170798 0.030922019080517844 0.03092204975360556 0.03092207601801946 0.0309220998425694 0.030922122611356614 0.030922142107553847 0.030922160825638402 0.020614784514572042 0.030922192011428273 0.03092220506058761 0.030922217531477114 0.030922228209901433 0.030922238415112845 0.030922247110834335 0.030922255466164478 0.030922262585626574 0.04122969252648553 0.04122970030227588 0.051537134674052694 0.06184457116306389 0.0927668704514205 0.12368917617751092 0.18553378662903175 0.2989155776597198 0.4535271256332311 0.6390610067906566 0.8349023503527809 0.9895139650307754 1.082280970440016 1.1956628577779576 1.3193521864074411 1.4636564031163946 1.6388829464007608 1.6388830081917298 1.6388830676593171 1.63888312136031 1.6388831673632933 1.638883211395952 1.6388832491165517 1.6388832853896345 1.6388833179772306 1.6388833458934116 1.6388833727383165 1.638883395729908 1.6388834177196505 1.638883436552989
72.8031638160667 74.61175144954325 76.33799518144599 78.04654380211859 79.76697899378861 81.43829306450857 82.98621743490408 84.33193062960545 85.50798697536192 86.62195912124054 87.7240199256308 88.82056882236918 89.82487827603012 90.64643842623357 91.26734443925969 91.74589812187739 92.20017873257154 92.71277028947407 93.29970131692559 93.87882386868961 94.38536778067096 94.79255602383029 95.14245127748109 95.51747796363765 95.98100969935543 96.4966550689844 97.00710110615232 97.40377267611323 97.66777361041413 97.80024905710647 97.84287912414979 97.81728834455328 97.65362490768662 97.30191670360979 96.73229659181447 95.9658026009765 95.0644484314544 94.09046889099909 92.95268626127145 91.45709660027394 89.46038250374781 86.9112428120057 83.93285786373256 80.50494931271014 76.6586057749001 72.4044299351158 67.81475241397442 62.88998737958575 57.52761704989361 51.65586673892703 45.49080374411444 39.31196382302816 33.38656400995574 27.798462693267567 22.681526924285464 18.109017210238637 14.101639419195367 10.567254305308785 7.4649898909570025 4.867181023080532 2.959786973640596 1.7533327407942245 1.0727092442006325 0.7014383944864142 0.5054800782421284 0.39202852901712143 0.3404633527451568 0.30952651460006936 0.30954031783026675 0.330188944397925 0.3921136670299851 0.5056359598838079 0.6191635185264704 0.6810982952123396 0.701753810326322 0.7120894034320369 0.7017824382287037 0.6811540620059476 0.6502025541247489 0.6089287973323605 0.567652630922224 0.47476973166163106 0.35092037484430283 0.2270683631630327 0.14449926321682668 0.11353605260093139 0.09289381129611589 0.08257278984776295 0.07225162088885165 0.07225199087395949 0.06193057980087786 0.06193085370521218 0.061931087143455764 0.06193131162522251 0.0619315029422092 0.05160973909880603 0.05160987747712215 0.061931994493579216 0.061932131214646004 0.07225428833141129 0.08257647884773806 0.09289868184769677 0.11354300147507809 0.1445094569111879 0.20644233154533417 0.29934169144086853 0.443851913794109 0.6399730704425459 0.8670609570311215 1.0838269943397514 1.2696267081460162 1.4347822704040836 1.5689713493989141 1.6825161578363061 1.7857387615914233 1.8786392236043896 1.9612174491651646 1.9921846979449493 1.9921852581722868 1.9818635902703718 2.02315288087318 2.1366976457193516 2.3844311557887425 2.7869979575334307 3.3856869307158646 4.190820417603288 5.233365072129364 6.4513877008353 7.7726327479708495 9.135166830465476 10.446090008483047 11.695079973781999 12.89245886649298 13.71823775866478 14.574983349684096 15.380117777450735 16.071707749238882 16.567175387578846 16.56717601221273 16.567176613359965 16.56717715621372 16.567177621249673 16.567178066367966 16.56717844767878 16.567178814356907 16.567179143779104 16.567179425978797 16.567179697349154 16.56717992976705 16.567180152057436 16.567180342440295
72.75447382833062 74.7094401073722 76.58143950357885 78.33634110182165 79.97174782888652 81.49493694053255 82.86279925728732 83.88928270989703 84.29784265735549 83.82649617718221 82.45221419645675 80.27705057448529 77.52462612059513 74.37361167162803 70.9626520896529 67.39657876801931 63.74399222355185 60.08414712069062 56.6149533824153 53.576868280853475 51.27291211801229 49.73018733905072 48.84337218971111 48.26200665649517 47.65929108236214 46.59226681433952 44.835952757717905 42.275461673815485 39.08095107824753 35.46562429939672 31.59358128245928 27.57893000616696 23.495360654572117 19.375689614586253 15.345310405472542 11.581494714665183 8.396066279713924 5.967462819958233 4.339931504016807 3.371225346778562 2.8251246727905945 2.630175033673881 2.7042154594003014 2.985516428749167 3.3914037598759568 3.7663764965499347 4.037704156191479 4.163716392066278 4.185807760571297 4.145448723430427 4.042566341867476 3.877225560789713 3.618108568175185 3.2236670753927643 2.7145785221479786 2.1428905823263573 1.633400997181307 1.259022002351363 1.0510459119820643 0.9366722754273935 0.9159481413844419 0.9472540470978819 1.0410182418864393 1.2180809157998693 1.4888592975236246 1.8950257700172506 2.446999889994977 3.1343879867325644 3.915556276255311 4.70717820476569 5.467607649387323 6.123910775697145 6.676084032198371 7.1137109929943945 7.457590714715354 7.686903871448581 7.801624740573499 7.812181677474693 7.749803896097074 7.697834960506316 7.760431934482451 8.062612882406473 8.687711170369793 9.719082040527404 11.177559099862753 13.011075583047338 15.157128113335272 17.490705328064408 19.918062842052304 22.314178390906658 24.574884892145793 26.6480854516117 28.492098682133015 30.117351319625012 31.482157332592426 32.617778764549485 33.617966877822084 34.53480472905455 35.52456835631283 36.69142637828955 38.1083135724749 39.84814762647422 41.87968382400744 44.15082685442755 46.557405471085644 48.97439925956583 51.26638115702976 53.329166439039106 55.11066767356267 56.57963261291746 57.73605627712315 58.632032014168345 59.277973383594585 59.72597344357319 60.00728278598228 60.194829821183866 60.37195556862448 60.64284199227273 61.080412744464994 61.83052150619799 63.028600040185815 64.76841202262992 67.04995631239358 69.67529345938459 72.37355538868145 74.91554825071022 77.24918095264472 79.4369623412419 81.55181755934338 83.63541803925554 85.54191315513943 87.02127124240307 87.8234606992348 88.14642347002794 88.0735029555844 87.8234762112223 87.63595704477277 87.6776327996691 87.67763610538773 87.67763928680914 87.67764215972689 87.67764462081338 87.67764697649064 87.67764899448278 87.67765093503505 87.67765267841965 87.67765417189096 87.67765560805071 87.67765683806432 87.67765801448058 87.67765902203426
50.0 50.0 50.0 50.0 50.0 50.0 50.0 50.0 50.0 50.0 50.0 50.0 50.0 50.0 50.0 50.0 50.0 50.0 50.0 50.0 50.0 50.0 50.0 50.0 50.0 50.0 50.0 50.0 50.0 50.0 50.0 50.0 50.0 50.0 50.0 50.0 50.0 50.0 50.0 50.0 50.0 50.0 50.0 50.0 50.0 50.0 50.0 50.0 50.0 50.0 50.0 50.0 50.0 50.0 50.0 50.0 50.0 50.0 50.0 50.0 50.0 50.0 50.0 50.0 50.0 50.0 50.0 50.0 50.0 50.0 50.0 50.0 50.0 50.0 50.0 50.0 50.0 50.0 50.0 50.0 50.0 50.0 50.0 50.0 50.0 50.0 50.0 50.0 50.0 50.0 50.0 50.0 50.0 50.0 50.0 50.0 50.0 50.0 50.0 50.0 50.0 50.0 50.0 50.0 50.0 50.0 50.0 50.0 50.0 50.0 50.0 50.0 50.0 50.0 50.0 50.0 50.0 50.0 50.0 50.0 50.0 50.0 50.0 50.0 50.0 50.0 50.0 50.0 50.0 50.0 50.0 50.0 50.0 50.0 50.0 50.0 50.0 50.0 50.0 50.0 50.0 50.0 50.0 50.0 50.0 50.0 50.0 50.0 50.0 50.0 50.0
50.0 50.0 50.0 50.0 50.0 50.0 50.0 50.0 50.0 50.0 50.0 50.0 50.0 50.0 50.0 50.0 50.0 50.0 50.0 50.0 50.0 50.0 50.0 50.0 50.0 50.0 50.0 50.0 50.0 50.0 50.0 50.0 50.0 50.0 50.0 50.0 50.0 50.0 50.0 50.0 50.0 50.0 50.0 50.0 50.0 50.0 50.0 50.0 50.0 50.0 50.0 50.0 50.0 50.0 50.0 50.0 50.0 50.0 50.0 50.0 50.0 50.0 50.0 50.0 50.0 50.0 50.0 50.0 50.0 50.0 50.0 50.0 50.0 50.0 50.0 50.0 50.0 50.0 50.0 50.0 50.0 50.0 50.0 50.0 50.0 50.0 50.0 50.0 50.0 50.0 50.0 50.0 50.0 50.0 50.0 50.0 50.0 50.0 50.0 50.0 50.0 50.0 50.0 50.0 50.0 50.0 50.0 50.0 50.0 50.0 50.0 50.0 50.0 50.0 50.0 50.0 50.0 50.0 50.0 50.0 50.0 50.0 50.0 50.0 50.0 50.0 50.0 50.0 50.0 50.0 50.0 50.0 50.0 50.0 50.0 50.0 50.0 50.0 50.0 50.0 50.0 50.0 50.0 50.0 50.0 50.0 50.0 50.0 50.0 50.0 50.0
50.0 50.0 50.0 50.0 50.0 50.0 50.0 50.0 50.0 50.0 50.0 50.0 50.0 50.0 50.0 50.0 50.0 50.0 50.0 50.0 50.0 50.0 50.0 50.0 50.0 50.0 50.0 50.0 50.0 50.0 50.0 50.0 50.0 50.0 50.0 50.0 50.0 50.0 50.0 50.0 50.0 50.0 50.0 50.0 50.0 50.0 50.0 50.0 50.0 50.0 50.0 50.0 50.0 50.0 50.0 50.0 50.0 50.0 50.0 50.0 50.0 50.0 50.0 50.0 50.0 50.0 50.0 50.0 50.0 50.0 50.0 50.0 50.0 50.0 50.0 50.0 50.0 50.0 50.0 50.0 50.0 50.0 50.0 50.0 50.0 50.0 50.0 50.0 50.0 50.0 50.0 50.0 50.0 50.0 50.0 50.0 50.0 50.0 50.0 50.0 50.0 50.0 50.0 50.0 50.0 50.0 50.0 50.0 50.0 50.0 50.0 50.0 50.0 50.0 50.0 50.0 50.0 50.0 50.0 50.0 50.0 50.0 50.0 50.0 50.0 50.0 50.0 50.0 50.0 50.0 50.0 50.0 50.0 50.0 50.0 50.0 50.0 50.0 50.0 50.0 50.0 50.0 50.0 50.0 50.0 50.0 50.0 50.0 50.0 50.0 50.0
50.0 50.0 50.0 50.0 50.0 50.0 50.0 50.0 50.0 50.0 50.0 50.0 50.0 50.0 50.0 50.0 50.0 50.0 50.0 50.0 50.0 50.0 50.0 50.0 50.0 50.0 50.0 50.0 50.0 50.0 50.0 50.0 50.0 50.0 50.0 50.0 50.0 50.0 50.0 50.0 50.0 50.0 50.0 50.0 50.0 50.0 50.0 50.0 50.0 50.0 50.0 50.0 50.0 50.0 50.0 50.0 50.0 50.0 50.0 50.0 50.0 50.0 50.0 50.0 50.0 50.0 50.0 50.0 50.0 50.0 50.0 50.0 50.0 50.0 50.0 50.0 50.0 50.0 50.0 50.0 50.0 50.0 50.0 50.0 50.0 50.0 50.0 50.0 50.0 50.0 50.0 50.0 50.0 50.0 50.0 50.0 50.0 50.0 50.0 50.0 50.0 50.0 50.0 50.0 50.0 50.0 50.0 50.0 50.0 50.0 50.0 50.0 50.0 50.0 50.0 50.0 50.0 50.0 50.0 50.0 50.0 50.0 50.0 50.0 50.0 50.0 50.0 50.0 50.0 50.0 50.0 50.0 50.0 50.0 50.0 50.0 50.0 50.0 50.0 50.0 50.0 50.0 50.0 50.0 50.0 50.0 50.0 50.0 50.0 50.0 50.0
50.0 50.0 50.0 50.0 50.0 50.0 50.0 50.0 50.0 50.0 50.0 50.0 50.0 50.0 50.0 50.0 50.0 50.0 50.0 50.0 50.0 50.0 50.0 50.0 50.0 50.0 50.0 50.0 50.0 50.0 50.0 50.0 50.0 50.0 50.0 50.0 50.0 50.0 50.0 50.0 50.0 50.0 50.0 50.0 50.0 50.0 50.0 50.0 50.0 50.0 50.0 50.0 50.0 50.0 50.0 50.0 50.0 50.0 50.0 50.0 50.0 50.0 50.0 50.0 50.0 50.0 50.0 50.0 50.0 50.0 50.0 50.0 50.0 50.0 50.0 50.0 50.0 50.0 50.0 50.0 50.0 50.0 50.0 50.0 50.0 50.0 50.0 50.0 50.0 50.0 50.0 50.0 50.0 50.0 50.0 50.0 50.0 50.0 50.0 50.0 50.0 50.0 50.0 50.0 50.0 50.0 50.0 50.0 50.0 50.0 50.0 50.0 50.0 50.0 50.0 50.0 50.0 50.0 50.0 50.0 50.0 50.0 50.0 50.0 50.0 50.0 50.0 50.0 50.0 50.0 50.0 50.0 50.0 50.0 50.0 50.0 50.0 50.0 50.0 50.0 50.0 50.0 50.0 50.0 50.0 50.0 50.0 50.0 50.0 50.0 50.0