4 151 9
300.0440999999999 302.0443999999999 304.0446999999999 306.0449999999999 308.0452999999999 310.0455999999999 312.0458999999999 314.0461999999999 316.04649999999987 318.0467999999999 320.0470999999999 322.04739999999987 324.0476999999999 326.0479999999999 328.04829999999987 330.0485999999999 332.0488999999999 334.04919999999987 336.0494999999999 338.0497999999999 340.0500999999999 342.05039999999985 344.0506999999999 346.0509999999999 348.05129999999986 350.0515999999999 352.0518999999999 354.05219999999986 356.0524999999999 358.0527999999999 360.05309999999986 362.0533999999999 364.0536999999999 366.05399999999986 368.0542999999999 370.0545999999999 372.05489999999986 374.0551999999999 376.0554999999999 378.05579999999986 380.05609999999984 382.0563999999999 384.05669999999986 386.05699999999985 388.0572999999999 390.05759999999987 392.05789999999985 394.0581999999999 396.05849999999987 398.05879999999985 399.99 402.04 403.99 406.05 407.99 410.06 412.01 413.96 416.02 417.97 420.04 422.0 423.95 426.02 427.98 430.05 432.01 433.96 436.03 437.99 440.06 442.01 443.96 446.03 447.98 450.04 451.98 454.04 455.99 458.04 459.98 462.03 463.97 466.02 467.95 470.0 472.05 473.98 476.02 477.96 480.0 482.05 483.98 486.03 487.96 490.01 492.06 493.99 496.05 497.98 500.04 501.98 504.04 505.98 508.04 509.99 512.05 514.0 515.95 518.01 519.96 522.03 523.98 526.04 527.99 530.05 532.0 534.06 536.0 538.06 540.0 542.05 543.99 546.04 547.98 550.03 551.96 554.0 556.04 557.97 560.01 562.05 563.98 566.01 568.05 569.98 572.01 574.05 575.97 578.01 580.05 581.98 584.02 585.95 588.0 590.04 591.97 594.02 595.96 598.01 599.95
0.0 13.54 26.89 39.77 50.0 60.0 70.0 80.0 90.0
72.84396894396815 74.6769897282792 76.40495106377185 78.06639832061144 79.72919507034555 81.4079985914176 83.02384889925273 84.50093825087765 85.8034974348337 86.96642898375346 88.0727725498414 89.11333168486337 90.04634802194383 90.90756109000182 91.62094020070467 92.17889614720558 92.75178605066979 93.38407825633351 94.02358957012504 94.55771857723593 94.91047769620538 95.13266613767784 95.34536373099964 95.69129493901157 96.17515362176954 96.70106835871131 97.12142168414854 97.31698232066229 97.33876232322869 97.30901702037895 97.39142149799804 97.6289654770883 97.95291539681868 98.20233886112173 98.25601208454894 98.08383553170378 97.78826197848686 97.53344460407811 97.44317008471438 97.55964507252358 97.79194197292712 98.01801130135773 98.14616902890273 98.17678865493954 98.19230800340469 98.31634490853959 98.60078691330969 99.00507916651534 99.41661963612846 99.691790692975 99.71679228368902 99.52487457128045 99.21638379357222 98.91714297886863 98.67662662911171 98.40457748230665 97.91392192492688 97.03070138494347 95.6731419269208 93.96354787677123 92.1193560042689 90.39708775752669 88.9518623464096 87.73274113663089 86.41982180398027 84.52964219188077 81.85560713123759 78.4803647142581 74.71317740823382 70.7391423767558 66.33195495714382 61.17195538493741 55.16656177489513 48.40857647595763 41.16575566239458 33.881348160751955 27.06024639266729 21.032352972484986 15.900745605332933 11.521253876922426 7.759940358650197 4.761136237584567 2.730982914399138 1.535548925855677 0.9069089979271012 0.5771285701826221 0.4019317564117918 0.29887418901370794 0.24734562770340665 0.2061224119229164 0.18551107508913603 0.1648994627207351 0.164900084282342 0.17520697462084636 0.20612648925503244 0.3194970074538868 0.4225616912335296 0.4431754693614807 0.4534828767322587 0.4431772772676062 0.4431780786830476 0.4328722787331087 0.4225664215352825 0.401953932449587 0.3813413725240623 0.3298090969390225 0.2061308900581619 0.09275897931325765 0.06183936718754835 0.041226275147709664 0.03091972585545604 0.030919744572077967 0.030919760517051594 0.030919775755430985 0.03091978880357066 0.030919801273485693 0.0309198119510756 0.02061321477032639 0.020613220567021064 0.0206132261368059 0.02061323088274309 0.020613235421880087 0.020613239309471464 0.02061324302766404 0.020613246212148738 0.020613249257871762 0.02061325185360507 0.030919881507243927 0.030919884872688035 0.030919887755697914 0.030919890515227758 0.04122652400955358 0.041226526855846504 0.05153316195942922 0.06183979804346184 0.07214643474073179 0.09275970632948133 0.1339862484022068 0.14429288833497336 0.15459952882575426 0.16490616948425577 0.18551944587726568 0.20613272317967274 0.20613272792403153 0.2061327324863269 0.2061327365850753 0.20613274009627022 0.20613274347272398 0.20613274636452208 0.2061327491303113 0.20613275149909957
72.58576799462467 74.52807444923694 76.47432677918742 78.36423752523432 80.12421747335226 81.70943150209168 83.15044689288747 84.5162600683473 85.8278991067699 87.01561382014492 88.06149245638855 88.932141439579 89.70547560558623 90.49783681008998 91.3256346482863 92.12893579109799 92.77822707731403 93.23681833539078 93.59362913894178 93.97883938950821 94.50546423772862 95.14010037254782 95.74900369956598 96.18591596878042 96.41210319490187 96.48849171211968 96.58717593846241 96.82161780789039 97.18504923494126 97.54900113422148 97.75332097223571 97.72785341820244 97.51372520827948 97.25404930246877 97.13340338762667 97.20457869519015 97.4285185204768 97.69428835783314 97.88017356319916 97.93560177672059 97.96340241819044 98.05640648810751 98.30760456173289 98.7075368751297 99.13375336431098 99.44297959983324 99.53275422733411 99.39292331852087 99.12637238934865 98.84639373832334 98.61413468739586 98.36022774398894 97.86631151651063 96.98032787075395 95.60752686077332 93.90436391894632 92.08518832802017 90.4187617098318 89.01911402855484 87.79265993123141 86.34933620296013 84.29687668197761 81.39880788397174 77.88202555195741 73.94159195892605 69.72231603731481 65.0692695835241 59.66333786116516 53.45315150420182 46.56206893948878 39.29944802151368 32.10825476255299 25.452382492421986 19.65141962481804 14.674497367477715 10.470237160990653 6.966548387045054 4.2459610902857134 2.4218841369917175 1.3810095393694526 0.8141875093933176 0.525621046237906 0.3607240435478458 0.26796907378108326 0.22674496730355517 0.1855201083611644 0.17521471328019322 0.16490899025012987 0.17521684437764382 0.20613851955959275 0.27828835804922514 0.3813598069466166 0.44320360838018186 0.4535123128814445 0.453513713862739 0.4535150610898759 0.44320908895919486 0.43290289007188065 0.42259661132569315 0.3916756412077038 0.3504472600705801 0.2679894941651065 0.15460955246339328 0.08245853200640135 0.051536644975284665 0.0412293587740238 0.04122939967147408 0.03092207601801946 0.0309220998425694 0.030922122611356614 0.030922142107553847 0.030922160825638402 0.030922176771858066 0.030922192011428273 0.03092220506058761 0.030922217531477114 0.030922228209901433 0.02061482561007523 0.030922247110834335 0.030922255466164478 0.030922262585626574 0.030922269394864144 0.03092227522670691 0.030922280804431615 0.030922285581531945 0.0309222901504735 0.04122972539250364 0.041229730362007055 0.05153716856202066 0.061844608040895144 0.09276692034057919 0.12368923708930087 0.18553386844327038 0.2989156965977187 0.4535272908812943 0.6390612152911042 0.8349025961438591 0.9895142317891386 1.0822812318247272 1.1956631185439044 1.3193524499001237 1.463656665192375 1.638883211395952 1.6388832491165517 1.6388832853896345 1.6388833179772306 1.6388833458934116 1.6388833727383165 1.638883395729908 1.6388834177196505 1.638883436552989
72.89377136281973 74.73572985053947 76.53641999736782 78.28189263962108 79.92437567058599 81.40452226083265 82.7284695807735 83.97396301848485 85.21557624270005 86.48722981941364 87.7240199256308 88.84816427664292 89.7784043116903 90.5526015334528 91.28627564532466 92.0321270053691 92.79601061514602 93.48666653562994 94.010129834307 94.3485115428294 94.5623772222267 94.7727993427082 95.06309977516459 95.44778624529853 95.84115394000999 96.17600159419649 96.42429482231589 96.62808847960267 96.87011475429682 97.2134070909041 97.61986385884401 98.03053064240812 98.33502387340366 98.51386228532735 98.56782404137452 98.53850284091757 98.44719756398626 98.22316615474811 97.81583484306503 97.1949381974231 96.38138630776268 95.43718340659626 94.42446509669912 93.25139510207903 91.72315216444484 89.69596069627792 87.11840577779455 84.11394353271604 80.66215785994027 76.79409443451486 72.5196312290172 67.91278214541464 62.971942546392924 57.59577704053584 51.71099595913877 45.535365984538586 39.34646028002099 33.4131426375666 27.818429179284518 22.696325067373415 18.119671472775355 14.109171702391173 10.572374762554311 7.468255847178881 4.869114223067032 2.9608470481029965 1.7539021202023228 1.073025250613574 0.7016247204152715 0.5056018211093226 0.3921136670299851 0.34053034032991153 0.3095817592632352 0.30959013418742704 0.3302370872123868 0.3921651787017014 0.5056961687236247 0.6192309654599523 0.6811645805116417 0.7018162409932293 0.7121460278842445 0.7018335163693676 0.6811983746977643 0.6502412217850482 0.6089611806994838 0.5676802630046569 0.4747905910690368 0.35093435685299257 0.22707652279353374 0.14450398174791898 0.11353939630160942 0.09289628055781828 0.08257478285794102 0.07225319689609293 0.07225342009924407 0.061931686918567236 0.06193185297254658 0.061931994493579216 0.061932131214646004 0.06193224714120967 0.051610299279836284 0.051610378804275985 0.061932546259133504 0.0619326243905091 0.07225481604086696 0.08257701832851548 0.09289923777086002 0.11354360927206461 0.14451015950518695 0.2064432370170955 0.2993428824084103 0.44385350811061575 0.6399751556758728 0.8670635414616548 1.083829884202887 1.2696298049634058 1.4347853970208309 1.5689744771379912 1.6825191558657135 1.7857416724831996 1.8786419608108103 1.9612200612882937 1.9921870695550967 1.992187428903526 1.981865520419043 2.0231546843602084 2.1366993489758936 2.384432894228727 2.7869997901090695 3.3856889495962443 4.190822671387466 5.233367649344637 6.4513905456830365 7.772635840688172 9.135170158973388 10.44609341663097 11.695083416755077 12.892462342109642 13.71824107179484 14.574986528388951 15.380120849070682 16.07171062696931 16.567178066367966 16.56717844767878 16.567178814356907 16.567179143779104 16.567179425978797 16.567179697349154 16.56717992976705 16.567180152057436 16.567180342440295
72.76971515520363 74.63123489423772 76.42122728704418 78.13157233064372 79.7794477556963 81.35007977533085 82.83678540235096 84.2417586876697 85.53199312274008 86.7092501281224 87.78503579816459 88.71602813574435 89.30716852227319 89.27106374847394 88.34028592797799 86.50142407102692 83.8701005412436 80.68498404377435 77.1334540097341 73.35833688298241 69.465565604717 65.52261250846858 61.60731962604677 57.91842730960611 54.69677472431026 52.24563715278445 50.58623215460234 49.60605519637945 48.94545189799815 48.271236989129946 47.134594873150874 45.308974194449696 42.67964595968146 39.41950645726169 35.74397252730124 31.81819900256769 27.75652869620414 23.632391686651204 19.478025916837336 15.418702429591521 11.631648835958346 8.428986131537556 5.988645730012928 4.353878125259203 3.381032494555235 2.832564142033422 2.6364443590556186 2.710049821270071 2.991346488944252 3.397397825969297 3.772369105650112 4.043540866346377 4.169142344362785 4.190767198010594 4.149872913168749 4.04652639089783 3.880627846806545 3.620988899324581 3.225982502123168 2.716349598739441 2.1441513309681253 1.6342734658721698 1.2596320726825916 1.0515057478272376 0.9370443131267567 0.9162761964918574 0.9475616595299698 1.0413249125357358 1.2184044795794453 1.4892178833661365 1.8954373184542717 2.447481347429982 3.1349474160557094 3.9161864324537223 4.707864529401312 5.468325924810983 6.124639983253961 6.676811273681705 7.114403307841803 7.4582541701252 7.687515124359797 7.8021925696672465 7.812689901411684 7.75026477829838 7.6982443381160985 7.760809695252415 8.062967120083506 8.688057321980773 9.719431292696028 11.177924095911692 13.011458766549428 15.157531013328782 17.491127490786592 19.918497309969915 22.31461979034182 24.57532421129743 26.648515424068446 28.4925161188429 30.117749888005974 31.48253563747615 32.61813280355902 33.61829343545943 34.5351124071106 35.52485124436006 36.691694354254565 38.10856253807526 39.848386085275116 41.879908006434306 44.151041512392936 46.55760967540565 48.974594110204954 51.26656530592083 53.32934020221804 55.110831940781814 56.57978347407461 57.736197104361544 58.632159782608895 59.27809155403398 59.72607986764759 60.00738060247691 60.194917525982426 60.372035977342826 60.642914184966294 61.08047929909866 61.83058172330854 63.02865622539242 64.76846365240624 67.05000519714528 69.6753392740021 72.37359854493127 74.91558853959414 77.24921899466287 79.43699737030431 81.55185000867259 83.63544851282606 85.54194106409803 87.0212968610303 87.82348437514383 88.14644475851779 88.07352216381707 87.82349375077207 87.63597273648793 87.67764697649064 87.67764899448278 87.67765093503505 87.67765267841965 87.67765417189096 87.67765560805071 87.67765683806432 87.67765801448058 87.67765902203426
50.0 50.0 50.0 50.0 50.0 50.0 50.0 50.0 50.0 50.0 50.0 50.0 50.0 50.0 50.0 50.0 50.0 50.0 50.0 50.0 50.0 50.0 50.0 50.0 50.0 50.0 50.0 50.0 50.0 50.0 50.0 50.0 50.0 50.0 50.0 50.0 50.0 50.0 50.0 50.0 50.0 50.0 50.0 50.0 50.0 50.0 50.0 50.0 50.0 50.0 50.0 50.0 50.0 50.0 50.0 50.0 50.0 50.0 50.0 50.0 50.0 50.0 50.0 50.0 50.0 50.0 50.0 50.0 50.0 50.0 50.0 50.0 50.0 50.0 50.0 50.0 50.0 50.0 50.0 50.0 50.0 50.0 50.0 50.0 50.0 50.0 50.0 50.0 50.0 50.0 50.0 50.0 50.0 50.0 50.0 50.0 50.0 50.0 50.0 50.0 50.0 50.0 50.0 50.0 50.0 50.0 50.0 50.0 50.0 50.0 50.0 50.0 50.0 50.0 50.0 50.0 50.0 50.0 50.0 50.0 50.0 50.0 50.0 50.0 50.0 50.0 50.0 50.0 50.0 50.0 50.0 50.0 50.0 50.0 50.0 50.0 50.0 50.0 50.0 50.0 50.0 50.0 50.0 50.0 50.0 50.0 50.0 50.0 50.0 50.0 50.0
50.0 50.0 50.0 50.0 50.0 50.0 50.0 50.0 50.0 50.0 50.0 50.0 50.0 50.0 50.0 50.0 50.0 50.0 50.0 50.0 50.0 50.0 50.0 50.0 50.0 50.0 50.0 50.0 50.0 50.0 50.0 50.0 50.0 50.0 50.0 50.0 50.0 50.0 50.0 50.0 50.0 50.0 50.0 50.0 50.0 50.0 50.0 50.0 50.0 50.0 50.0 50.0 50.0 50.0 50.0 50.0 50.0 50.0 50.0 50.0 50.0 50.0 50.0 50.0 50.0 50.0 50.0 50.0 50.0 50.0 50.0 50.0 50.0 50.0 50.0 50.0 50.0 50.0 50.0 50.0 50.0 50.0 50.0 50.0 50.0 50.0 50.0 50.0 50.0 50.0 50.0 50.0 50.0 50.0 50.0 50.0 50.0 50.0 50.0 50.0 50.0 50.0 50.0 50.0 50.0 50.0 50.0 50.0 50.0 50.0 50.0 50.0 50.0 50.0 50.0 50.0 50.0 50.0 50.0 50.0 50.0 50.0 50.0 50.0 50.0 50.0 50.0 50.0 50.0 50.0 50.0 50.0 50.0 50.0 50.0 50.0 50.0 50.0 50.0 50.0 50.0 50.0 50.0 50.0 50.0 50.0 50.0 50.0 50.0 50.0 50.0
50.0 50.0 50.0 50.0 50.0 50.0 50.0 50.0 50.0 50.0 50.0 50.0 50.0 50.0 50.0 50.0 50.0 50.0 50.0 50.0 50.0 50.0 50.0 50.0 50.0 50.0 50.0 50.0 50.0 50.0 50.0 50.0 50.0 50.0 50.0 50.0 50.0 50.0 50.0 50.0 50.0 50.0 50.0 50.0 50.0 50.0 50.0 50.0 50.0 50.0 50.0 50.0 50.0 50.0 50.0 50.0 50.0 50.0 50.0 50.0 50.0 50.0 50.0 50.0 50.0 50.0 50.0 50.0 50.0 50.0 50.0 50.0 50.0 50.0 50.0 50.0 50.0 50.0 50.0 50.0 50.0 50.0 50.0 50.0 50.0 50.0 50.0 50.0 50.0 50.0 50.0 50.0 50.0 50.0 50.0 50.0 50.0 50.0 50.0 50.0 50.0 50.0 50.0 50.0 50.0 50.0 50.0 50.0 50.0 50.0 50.0 50.0 50.0 50.0 50.0 50.0 50.0 50.0 50.0 50.0 50.0 50.0 50.0 50.0 50.0 50.0 50.0 50.0 50.0 50.0 50.0 50.0 50.0 50.0 50.0 50.0 50.0 50.0 50.0 50.0 50.0 50.0 50.0 50.0 50.0 50.0 50.0 50.0 50.0 50.0 50.0
50.0 50.0 50.0 50.0 50.0 50.0 50.0 50.0 50.0 50.0 50.0 50.0 50.0 50.0 50.0 50.0 50.0 50.0 50.0 50.0 50.0 50.0 50.0 50.0 50.0 50.0 50.0 50.0 50.0 50.0 50.0 50.0 50.0 50.0 50.0 50.0 50.0 50.0 50.0 50.0 50.0 50.0 50.0 50.0 50.0 50.0 50.0 50.0 50.0 50.0 50.0 50.0 50.0 50.0 50.0 50.0 50.0 50.0 50.0 50.0 50.0 50.0 50.0 50.0 50.0 50.0 50.0 50.0 50.0 50.0 50.0 50.0 50.0 50.0 50.0 50.0 50.0 50.0 50.0 50.0 50.0 50.0 50.0 50.0 50.0 50.0 50.0 50.0 50.0 50.0 50.0 50.0 50.0 50.0 50.0 50.0 50.0 50.0 50.0 50.0 50.0 50.0 50.0 50.0 50.0 50.0 50.0 50.0 50.0 50.0 50.0 50.0 50.0 50.0 50.0 50.0 50.0 50.0 50.0 50.0 50.0 50.0 50.0 50.0 50.0 50.0 50.0 50.0 50.0 50.0 50.0 50.0 50.0 50.0 50.0 50.0 50.0 50.0 50.0 50.0 50.0 50.0 50.0 50.0 50.0 50.0 50.0 50.0 50.0 50.0 50.0
50.0 50.0 50.0 50.0 50.0 50.0 50.0 50.0 50.0 50.0 50.0 50.0 50.0 50.0 50.0 50.0 50.0 50.0 50.0 50.0 50.0 50.0 50.0 50.0 50.0 50.0 50.0 50.0 50.0 50.0 50.0 50.0 50.0 50.0 50.0 50.0 50.0 50.0 50.0 50.0 50.0 50.0 50.0 50.0 50.0 50.0 50.0 50.0 50.0 50.0 50.0 50.0 50.0 50.0 50.0 50.0 50.0 50.0 50.0 50.0 50.0 50.0 50.0 50.0 50.0 50.0 50.0 50.0 50.0 50.0 50.0 50.0 50.0 50.0 50.0 50.0 50.0 50.0 50.0 50.0 50.0 50.0 50.0 50.0 50.0 50.0 50.0 50.0 50.0 50.0 50.0 50.0 50.0 50.0 50.0 50.0 50.0 50.0 50.0 50.0 50.0 50.0 50.0 50.0 50.0 50.0 50.0 50.0 50.0 50.0 50.0 50.0 50.0 50.0 50.0 50.0 50.0 50.0 50.0 50.0 50.0 50.0 50.0 50.0 50.0 50.0 50.0 50.0 50.0 50.0 50.0 50.0 50.0 50.0 50.0 50.0 50.0 50.0 50.0 50.0 50.0 50.0 50.0 50.0 50.0 50.0 50.0 50.0 50.0 50.0 50.0