4 151 9
300.0440999999999 302.0443999999999 304.0446999999999 306.0449999999999 308.0452999999999 310.0455999999999 312.0458999999999 314.0461999999999 316.04649999999987 318.0467999999999 320.0470999999999 322.04739999999987 324.0476999999999 326.0479999999999 328.04829999999987 330.0485999999999 332.0488999999999 334.04919999999987 336.0494999999999 338.0497999999999 340.0500999999999 342.05039999999985 344.0506999999999 346.0509999999999 348.05129999999986 350.0515999999999 352.0518999999999 354.05219999999986 356.0524999999999 358.0527999999999 360.05309999999986 362.0533999999999 364.0536999999999 366.05399999999986 368.0542999999999 370.0545999999999 372.05489999999986 374.0551999999999 376.0554999999999 378.05579999999986 380.05609999999984 382.0563999999999 384.05669999999986 386.05699999999985 388.0572999999999 390.05759999999987 392.05789999999985 394.0581999999999 396.05849999999987 398.05879999999985 399.99 402.04 403.99 406.05 407.99 410.06 412.01 413.96 416.02 417.97 420.04 422.0 423.95 426.02 427.98 430.05 432.01 433.96 436.03 437.99 440.06 442.01 443.96 446.03 447.98 450.04 451.98 454.04 455.99 458.04 459.98 462.03 463.97 466.02 467.95 470.0 472.05 473.98 476.02 477.96 480.0 482.05 483.98 486.03 487.96 490.01 492.06 493.99 496.05 497.98 500.04 501.98 504.04 505.98 508.04 509.99 512.05 514.0 515.95 518.01 519.96 522.03 523.98 526.04 527.99 530.05 532.0 534.06 536.0 538.06 540.0 542.05 543.99 546.04 547.98 550.03 551.96 554.0 556.04 557.97 560.01 562.05 563.98 566.01 568.05 569.98 572.01 574.05 575.97 578.01 580.05 581.98 584.02 585.95 588.0 590.04 591.97 594.02 595.96 598.01 599.95
0.0 13.54 26.89 39.77 50.0 60.0 70.0 80.0 90.0
72.84396894396815 74.76209611939099 76.59515112865418 78.333804501282 79.96079767040466 81.45014832663114 82.80080487451822 84.04761639087089 85.23725451507401 86.44626265591417 87.69138720629121 88.88845393714035 89.95832708164293 90.86554587739143 91.64929411246473 92.39800679327686 93.10187699335017 93.71716468582325 94.28094218997951 94.71404462572072 95.00866772072038 95.33979791464944 95.75142583892226 96.18834093391605 96.53423944736419 96.71107364255597 96.77025951896826 96.83416938511792 97.04639317694453 97.41004382376391 97.82665649326037 98.14605730794628 98.24740373877471 98.18200079777677 98.07273662159328 98.08383553170378 98.25766196293958 98.52420218357288 98.72101274738637 98.72594116504327 98.50859146393475 98.1716766618845 97.87966246026029 97.75630935536233 97.84345340861726 98.04945986284925 98.2516485301549 98.35792000616148 98.36850643686387 98.36585595749776 98.47277415127058 98.74331944962128 99.13409776098374 99.53441064176327 99.79818578475022 99.81447364577411 99.61220817717255 99.29536872047153 98.9881910714886 98.7410063706154 98.46247284963329 97.96622189990332 97.0777184760052 95.71499922314051 94.00086934244622 92.1523493844218 90.42644341782074 88.9780664264961 87.7560459408902 86.4406356744802 84.54799974810847 81.87171256336747 78.49437198377869 74.72520149077154 70.74945641501907 66.34066893519497 61.17923946430528 55.17257119778766 48.41328765641874 41.16941792334981 33.88404236287098 27.062215930513144 21.033721238825063 15.901691225471874 11.521866587301128 7.76031809549133 4.761345422108918 2.7310917271942277 1.5356041053253164 0.906938612460832 0.5771455669439788 0.40194244038179183 0.29888140276174485 0.247351022994136 0.20612648925503244 0.1855143914248375 0.16490212340820667 0.16490250022752773 0.17520929328291812 0.20612896617097967 0.319500475329639 0.4225657959061299 0.44317941770773533 0.4534864878918417 0.4431805140144507 0.44318097401181145 0.43287486912213996 0.42256868353817373 0.4019558867190643 0.38134304511631434 0.32981040912486453 0.2061316304805198 0.09275928155115479 0.06183955151086197 0.041226385071427556 0.030919801273485693 0.0309198119510756 0.03091982215548958 0.03091983085053159 0.030919839205208844 0.03091984632411463 0.030919853132820124 0.020613239309471464 0.02061324302766404 0.020613246212148738 0.020613249257871762 0.02061325185360507 0.02061325433816262 0.020613256581792024 0.020613258503798613 0.020613260343485176 0.02061326200477679 0.03091989514188487 0.030919897175657525 0.03091989902173092 0.030919900603170763 0.04122653614643615 0.041226537969909785 0.05153317440534763 0.06183981153030169 0.0721464491493619 0.09275972293863284 0.1339862700667873 0.14429290954682206 0.15459954936474518 0.16490618926806025 0.1855194660866432 0.20613274347272398 0.20613274636452208 0.2061327491303113 0.20613275149909957
72.80442253621024 74.72151318067704 76.50602926722938 78.15353740365664 79.6857925790628 81.16144212449821 82.63568968967108 84.123931648389 85.5624519961304 86.87456511620061 88.01608589123624 89.02399450861388 89.97463843978818 90.89138714618689 91.70112739559465 92.38617273694696 92.91257701309002 93.36239631284211 93.85601393665243 94.40876961753257 94.9571736470112 95.36697671350879 95.60043278247757 95.74848131217821 95.9432600650353 96.29837646349058 96.7778217251683 97.24411214014302 97.54801860650034 97.6500358324444 97.61160548154386 97.60617524420178 97.74730317951364 98.02695610441248 98.31460422555148 98.44830796638189 98.35718670790357 98.0824505240395 97.76771462135717 97.59796336691785 97.6255269708869 97.81052269793777 98.04107716667501 98.19471716983499 98.22050379910824 98.22137181905691 98.29013523625824 98.51970383716953 98.90029109217203 99.30896525644154 99.60120140932163 99.67663397059188 99.5224473325878 99.24381950363806 98.95188658844002 98.71073589945354 98.44653936610608 97.9442216676921 97.04998482918782 95.66990422484999 93.95961162979229 92.13437492937955 90.46257492660052 89.05806016693873 87.82753037640062 86.38026299835764 84.32425135230287 81.42278693089075 77.902713670638 73.95940049737784 69.73745784205681 65.0820722337242 59.673986645188556 53.46175407108338 46.56885786771895 39.30461075986058 32.11207806809525 25.455155080110952 19.653332124439167 14.675802866135077 10.471069741058365 6.967055436408322 4.246237312620357 2.422028166867483 1.381082982667109 0.8142271422517771 0.5256441398405797 0.360738416172159 0.2679787031658082 0.22675237151555203 0.18552557203281675 0.17521937075925625 0.16491297056006768 0.1752206663405581 0.2061425972103359 0.27829333294151476 0.3813659602672142 0.4432101017402588 0.45351831459342684 0.4535191635036571 0.45351998362075074 0.4432133941961376 0.4329067468975012 0.4225999765328069 0.3916785018121634 0.35044954957920227 0.26799109786458153 0.1546103800900973 0.0824589329135184 0.0515368710189277 0.0412295228100718 0.04122954776751787 0.030922176771858066 0.030922192011428273 0.03092220506058761 0.030922217531477114 0.030922228209901433 0.030922238415112845 0.030922247110834335 0.030922255466164478 0.030922262585626574 0.030922269394864144 0.02061485015113794 0.030922280804431615 0.030922285581531945 0.0309222901504735 0.03092229404437773 0.03092229777150529 0.030922301137212397 0.030922304020447572 0.030922306780193063 0.041229745696433624 0.041229748542948974 0.051537189068572194 0.06184463057472195 0.09276695060677319 0.12368927350279392 0.18553391846046347 0.29891576878968656 0.45352738979251545 0.6390613429203723 0.8349027456379042 0.9895143917862351 1.0822813909260247 1.1956632773911797 1.3193526081829279 1.4636568246343675 1.6388833727383165 1.638883395729908 1.6388834177196505 1.638883436552989
73.05988519853364 74.99918395265647 76.81421473965837 78.50101052281306 80.06520427614154 81.50583467186046 82.86593510297648 84.19223595209498 85.47254325019077 86.65788693506104 87.68764255887749 88.57220973390565 89.39731780410365 90.24293978727623 91.14429159983733 92.0321270053691 92.8248411901093 93.4382980202452 93.91281085932324 94.36808186258521 94.85739295815294 95.38525645749327 95.85661479832956 96.17457130797786 96.32065940062293 96.35636917376468 96.40419805390773 96.54749791373143 96.7994361214763 97.07175558182077 97.29547801839927 97.44157572452333 97.5519235695199 97.70929336973333 97.97637630762739 98.31390202631955 98.66181306786291 98.9085392158154 99.03418154039858 99.03924442507818 98.96522772792822 98.83319584559685 98.5718323394765 98.13017169349742 97.47768557382071 96.63518974727936 95.6646689346057 94.62818647430554 93.43349466833348 91.88526634349596 89.83867421172441 87.24433993839968 84.22355672489917 80.75772816524507 76.8760521831756 72.59067058150866 67.9723759723496 63.02207372522204 57.637145705040936 51.744733842834975 45.56215627018869 39.36747689183268 33.42933327359855 27.830599828299196 22.70533984103928 18.12616119692322 14.113753531981045 10.575489248835705 7.470239670303773 4.870286929869393 2.9614900641475197 1.7542472077601499 1.0732167654458822 0.7017376374915014 0.5056755397939673 0.3921651787017014 0.3405708891404003 0.30961548272997613 0.309620263868928 0.33026646634975493 0.3921963631826274 0.5057329750308678 0.6192712497252402 0.6812050894890981 0.7018535641960153 0.7121806935876605 0.7018643520150979 0.6812255162440444 0.6502645879996648 0.6089810659376584 0.567696981508047 0.4748032117399601 0.35094282714624936 0.2270814759591492 0.14450684019848814 0.11354142601737327 0.09289777945881987 0.08257599265810563 0.07225415308375367 0.07225428833141129 0.061932359135803534 0.06193245456513118 0.061932546259133504 0.0619326243905091 0.061932699463600256 0.05161063645532217 0.05161068765047779 0.06193287778476251 0.06193292550222297 0.07225513295598343 0.08257734687128561 0.09289957146501261 0.11354397923281617 0.14451059024360915 0.2064437874672166 0.2993436125523477 0.4438544753373793 0.6399764314641806 0.8670650864584045 1.0838316509291097 1.2696316548336792 1.43478730799512 1.568976344934584 1.6825209891775892 1.785743411627575 1.8786436354773366 1.9612216246638638 1.9921885220179407 1.992188738855742 1.98186670220268 2.0231557723939497 2.1367004012117152 2.3844339456844503 2.787000899051536 3.385690183212736 4.190824038687918 5.233369190021911 6.451392284882727 7.772637717879244 9.135172151291941 10.446095502858745 11.695085510826095 12.892464426724977 13.718243088451775 14.574988464717727 15.380122694224838 16.071712377725227 16.567179697349154 16.56717992976705 16.567180152057436 16.567180342440295
72.8383011261322 74.78764532050668 76.59746072523232 78.29538734758604 79.8797782286651 81.36712179476635 82.75007255256308 84.06552069878339 85.30841513988055 86.50074905619906 87.62899798882029 88.68817672465109 89.68240872614828 90.57802394339113 91.37826699482096 92.09613935381293 92.68679088378904 92.9478518994109 92.5837180053169 91.32263612775154 89.1569046759784 86.21029068179061 82.73040126578655 78.90933547229993 74.89173136445652 70.78343291373177 66.65050475542232 62.56931003863889 58.738618517605936 55.399082011006975 52.85376972318155 51.119919312805955 50.08032530959255 49.36946271557442 48.650088723453194 47.46970298083852 45.60074818503103 42.92856471520127 39.62770789977251 35.91492524344155 31.95598897281083 27.865358329198475 23.716280408303792 19.54061968122285 15.463556593195877 11.66227873862845 8.449077591619186 6.001566270858625 4.362380296377035 3.3870082301712254 2.837070980282316 2.64025547571203 2.713581426131389 2.994890702300374 3.4010236656796513 3.776064472740134 4.047089094926934 4.172461346635509 4.1937772527601185 4.152580421061445 4.048907124983499 3.882700654588021 3.622743481764809 3.2273938794697394 2.7174285080675946 2.1449192781513937 1.6348041818264314 1.2600031441682402 1.051785063568581 0.9372699965241419 0.9164751869449226 0.9477480962388439 1.041510769453724 1.2186005654177807 1.4894350170451056 1.8956863206011405 2.4477727824229274 3.13528891322651 3.916567560393145 4.70828335879412 5.468760759199043 6.125085755626623 6.677245635739852 7.114826402658324 7.458650806618576 7.687889335699707 7.802535365558845 7.813001188831629 7.750543281635417 7.698495719365089 7.761038255467832 8.06318144626562 8.688267020438367 9.719643300314818 11.178145207766933 13.011691369186304 15.157775583275837 17.491383752664433 19.918760908290356 22.31488793364458 24.575590956114898 26.648774281966286 28.492769964840882 30.117989720658336 31.482765570288837 32.61834590123391 33.61849461364257 34.53529727396261 35.52502396348747 36.69185528681555 38.10871415765364 39.848529220716756 41.88004446433221 44.15117311248268 46.55773381433242 48.974713566871806 51.266677023848324 53.32944651407732 55.110930141262116 56.579875703481264 57.736281226894185 58.6322378741131 59.27816212205088 59.72614494656876 60.007439044019755 60.194971185176435 60.37208410257264 60.64295839847463 61.08051946224198 61.83061859279791 63.02869012161655 64.76849554818867 67.05003476397096 69.67536699770085 72.3736249151224 74.91561298160136 77.24924173644675 79.4370187853466 81.55186970448851 83.63546675314922 85.54195814799401 87.02131244268706 87.8234985755485 88.14645771653029 88.07353386463717 87.82350428696265 87.63598228302601 87.67765560805071 87.67765683806432 87.67765801448058 87.67765902203426
50.0 50.0 50.0 50.0 50.0 50.0 50.0 50.0 50.0 50.0 50.0 50.0 50.0 50.0 50.0 50.0 50.0 50.0 50.0 50.0 50.0 50.0 50.0 50.0 50.0 50.0 50.0 50.0 50.0 50.0 50.0 50.0 50.0 50.0 50.0 50.0 50.0 50.0 50.0 50.0 50.0 50.0 50.0 50.0 50.0 50.0 50.0 50.0 50.0 50.0 50.0 50.0 50.0 50.0 50.0 50.0 50.0 50.0 50.0 50.0 50.0 50.0 50.0 50.0 50.0 50.0 50.0 50.0 50.0 50.0 50.0 50.0 50.0 50.0 50.0 50.0 50.0 50.0 50.0 50.0 50.0 50.0 50.0 50.0 50.0 50.0 50.0 50.0 50.0 50.0 50.0 50.0 50.0 50.0 50.0 50.0 50.0 50.0 50.0 50.0 50.0 50.0 50.0 50.0 50.0 50.0 50.0 50.0 50.0 50.0 50.0 50.0 50.0 50.0 50.0 50.0 50.0 50.0 50.0 50.0 50.0 50.0 50.0 50.0 50.0 50.0 50.0 50.0 50.0 50.0 50.0 50.0 50.0 50.0 50.0 50.0 50.0 50.0 50.0 50.0 50.0 50.0 50.0 50.0 50.0 50.0 50.0 50.0 50.0 50.0 50.0
50.0 50.0 50.0 50.0 50.0 50.0 50.0 50.0 50.0 50.0 50.0 50.0 50.0 50.0 50.0 50.0 50.0 50.0 50.0 50.0 50.0 50.0 50.0 50.0 50.0 50.0 50.0 50.0 50.0 50.0 50.0 50.0 50.0 50.0 50.0 50.0 50.0 50.0 50.0 50.0 50.0 50.0 50.0 50.0 50.0 50.0 50.0 50.0 50.0 50.0 50.0 50.0 50.0 50.0 50.0 50.0 50.0 50.0 50.0 50.0 50.0 50.0 50.0 50.0 50.0 50.0 50.0 50.0 50.0 50.0 50.0 50.0 50.0 50.0 50.0 50.0 50.0 50.0 50.0 50.0 50.0 50.0 50.0 50.0 50.0 50.0 50.0 50.0 50.0 50.0 50.0 50.0 50.0 50.0 50.0 50.0 50.0 50.0 50.0 50.0 50.0 50.0 50.0 50.0 50.0 50.0 50.0 50.0 50.0 50.0 50.0 50.0 50.0 50.0 50.0 50.0 50.0 50.0 50.0 50.0 50.0 50.0 50.0 50.0 50.0 50.0 50.0 50.0 50.0 50.0 50.0 50.0 50.0 50.0 50.0 50.0 50.0 50.0 50.0 50.0 50.0 50.0 50.0 50.0 50.0 50.0 50.0 50.0 50.0 50.0 50.0
50.0 50.0 50.0 50.0 50.0 50.0 50.0 50.0 50.0 50.0 50.0 50.0 50.0 50.0 50.0 50.0 50.0 50.0 50.0 50.0 50.0 50.0 50.0 50.0 50.0 50.0 50.0 50.0 50.0 50.0 50.0 50.0 50.0 50.0 50.0 50.0 50.0 50.0 50.0 50.0 50.0 50.0 50.0 50.0 50.0 50.0 50.0 50.0 50.0 50.0 50.0 50.0 50.0 50.0 50.0 50.0 50.0 50.0 50.0 50.0 50.0 50.0 50.0 50.0 50.0 50.0 50.0 50.0 50.0 50.0 50.0 50.0 50.0 50.0 50.0 50.0 50.0 50.0 50.0 50.0 50.0 50.0 50.0 50.0 50.0 50.0 50.0 50.0 50.0 50.0 50.0 50.0 50.0 50.0 50.0 50.0 50.0 50.0 50.0 50.0 50.0 50.0 50.0 50.0 50.0 50.0 50.0 50.0 50.0 50.0 50.0 50.0 50.0 50.0 50.0 50.0 50.0 50.0 50.0 50.0 50.0 50.0 50.0 50.0 50.0 50.0 50.0 50.0 50.0 50.0 50.0 50.0 50.0 50.0 50.0 50.0 50.0 50.0 50.0 50.0 50.0 50.0 50.0 50.0 50.0 50.0 50.0 50.0 50.0 50.0 50.0
50.0 50.0 50.0 50.0 50.0 50.0 50.0 50.0 50.0 50.0 50.0 50.0 50.0 50.0 50.0 50.0 50.0 50.0 50.0 50.0 50.0 50.0 50.0 50.0 50.0 50.0 50.0 50.0 50.0 50.0 50.0 50.0 50.0 50.0 50.0 50.0 50.0 50.0 50.0 50.0 50.0 50.0 50.0 50.0 50.0 50.0 50.0 50.0 50.0 50.0 50.0 50.0 50.0 50.0 50.0 50.0 50.0 50.0 50.0 50.0 50.0 50.0 50.0 50.0 50.0 50.0 50.0 50.0 50.0 50.0 50.0 50.0 50.0 50.0 50.0 50.0 50.0 50.0 50.0 50.0 50.0 50.0 50.0 50.0 50.0 50.0 50.0 50.0 50.0 50.0 50.0 50.0 50.0 50.0 50.0 50.0 50.0 50.0 50.0 50.0 50.0 50.0 50.0 50.0 50.0 50.0 50.0 50.0 50.0 50.0 50.0 50.0 50.0 50.0 50.0 50.0 50.0 50.0 50.0 50.0 50.0 50.0 50.0 50.0 50.0 50.0 50.0 50.0 50.0 50.0 50.0 50.0 50.0 50.0 50.0 50.0 50.0 50.0 50.0 50.0 50.0 50.0 50.0 50.0 50.0 50.0 50.0 50.0 50.0 50.0 50.0
50.0 50.0 50.0 50.0 50.0 50.0 50.0 50.0 50.0 50.0 50.0 50.0 50.0 50.0 50.0 50.0 50.0 50.0 50.0 50.0 50.0 50.0 50.0 50.0 50.0 50.0 50.0 50.0 50.0 50.0 50.0 50.0 50.0 50.0 50.0 50.0 50.0 50.0 50.0 50.0 50.0 50.0 50.0 50.0 50.0 50.0 50.0 50.0 50.0 50.0 50.0 50.0 50.0 50.0 50.0 50.0 50.0 50.0 50.0 50.0 50.0 50.0 50.0 50.0 50.0 50.0 50.0 50.0 50.0 50.0 50.0 50.0 50.0 50.0 50.0 50.0 50.0 50.0 50.0 50.0 50.0 50.0 50.0 50.0 50.0 50.0 50.0 50.0 50.0 50.0 50.0 50.0 50.0 50.0 50.0 50.0 50.0 50.0 50.0 50.0 50.0 50.0 50.0 50.0 50.0 50.0 50.0 50.0 50.0 50.0 50.0 50.0 50.0 50.0 50.0 50.0 50.0 50.0 50.0 50.0 50.0 50.0 50.0 50.0 50.0 50.0 50.0 50.0 50.0 50.0 50.0 50.0 50.0 50.0 50.0 50.0 50.0 50.0 50.0 50.0 50.0 50.0 50.0 50.0 50.0 50.0 50.0 50.0 50.0 50.0 50.0