4 151 9
300.0440999999999 302.0443999999999 304.0446999999999 306.0449999999999 308.0452999999999 310.0455999999999 312.0458999999999 314.0461999999999 316.04649999999987 318.0467999999999 320.0470999999999 322.04739999999987 324.0476999999999 326.0479999999999 328.04829999999987 330.0485999999999 332.0488999999999 334.04919999999987 336.0494999999999 338.0497999999999 340.0500999999999 342.05039999999985 344.0506999999999 346.0509999999999 348.05129999999986 350.0515999999999 352.0518999999999 354.05219999999986 356.0524999999999 358.0527999999999 360.05309999999986 362.0533999999999 364.0536999999999 366.05399999999986 368.0542999999999 370.0545999999999 372.05489999999986 374.0551999999999 376.0554999999999 378.05579999999986 380.05609999999984 382.0563999999999 384.05669999999986 386.05699999999985 388.0572999999999 390.05759999999987 392.05789999999985 394.0581999999999 396.05849999999987 398.05879999999985 399.99 402.04 403.99 406.05 407.99 410.06 412.01 413.96 416.02 417.97 420.04 422.0 423.95 426.02 427.98 430.05 432.01 433.96 436.03 437.99 440.06 442.01 443.96 446.03 447.98 450.04 451.98 454.04 455.99 458.04 459.98 462.03 463.97 466.02 467.95 470.0 472.05 473.98 476.02 477.96 480.0 482.05 483.98 486.03 487.96 490.01 492.06 493.99 496.05 497.98 500.04 501.98 504.04 505.98 508.04 509.99 512.05 514.0 515.95 518.01 519.96 522.03 523.98 526.04 527.99 530.05 532.0 534.06 536.0 538.06 540.0 542.05 543.99 546.04 547.98 550.03 551.96 554.0 556.04 557.97 560.01 562.05 563.98 566.01 568.05 569.98 572.01 574.05 575.97 578.01 580.05 581.98 584.02 585.95 588.0 590.04 591.97 594.02 595.96 598.01 599.95
0.0 13.54 26.89 39.77 50.0 60.0 70.0 80.0 90.0
72.75349827254115 74.66151583898615 76.47627608810272 78.19604980214868 79.82018180608307 81.34898896211865 82.78364764184633 84.12607594356437 85.37881524501394 86.54491489050437 87.62782298236618 88.63128544052536 89.55925475475647 90.41580920981926 91.20508282822364 92.0264713499386 92.71340335418702 93.32612371873132 93.89726602068191 94.43070366284205 94.92029669865688 95.34966133260049 95.69200211581163 95.9497588563619 96.165179015503 96.39090455952662 96.71006029065163 97.13592746983315 97.57064130131613 97.92528052102712 98.16067404776399 98.31842125156561 98.49111822866935 98.66486960726911 98.79040511939631 98.90426825093836 98.92094454966625 98.83062205351973 98.81301741909874 98.91009317965164 99.06143535699779 99.14489061188753 99.07894201915131 98.9151913273678 98.77715247113656 98.80905576212176 99.01153795231536 99.28243309238128 99.46799773413163 99.44510516079319 99.26442205371868 99.0518280502762 98.96952569580675 99.0611721002107 99.2528405072379 99.38224270514905 99.32401414648844 99.04831410205028 98.65874519376757 98.31886025370244 98.15355482144994 98.20307915878043 98.37538371343109 98.54741338286973 98.62572035436364 98.6110485867505 98.58522026754892 98.6722149164038 98.9238733416797 99.29855144584508 99.68338990530702 99.933770469683 99.93658622613145 99.72290403029331 99.39546411000201 99.07821245913324 98.82245350558998 98.53569775742353 98.03227021615825 97.13715477984864 95.76776328411194 94.0478989268328 92.19386095175354 90.4634125581284 89.01105698973151 87.78537787170671 86.46685734089573 84.57108948436164 81.89201490546955 78.51202670143886 74.74035091924524 70.76248194003544 66.35167141310735 61.1884593131744 55.18006117357218 48.419256161882586 41.173998938486605 33.88746379675695 27.064682597702532 21.035460997748473 15.902878497859128 11.522647800562275 7.760793058928482 4.761608122864338 2.731228749158824 1.5356736076223236 0.9069759162559122 0.5771669823936032 0.4019558867190643 0.29889049482089497 0.24735780684364833 0.2061316304805198 0.18551856310230957 0.16490547069563194 0.16490554028571022 0.17521220721641895 0.20613207967383737 0.31950482894005905 0.42257102162393173 0.44318436194132677 0.45349107942034794 0.4431845615704218 0.4431846451536364 0.4328781035809448 0.4225715473490491 0.40195836052849937 0.38134515929169377 0.3298120694106019 0.20613256581792025 0.09275966326709376 0.061839781030455516 0.04122652400955358 0.03091989514188487 0.030919897175657525 0.03091989902173092 0.030919900603170763 0.030919902109827105 0.030919903477432332 0.030919904643208575 0.02061327051010057 0.02061327118553197 0.020613271764140635 0.020613272317967276 0.020613272792403152 0.020613273248632692 0.02061327365850753 0.020613274009627022 0.0206132743472724 0.02061327463645221 0.03091991236954669 0.030919912724864933
72.7214846066433 74.6286625895858 76.44262429114549 78.16164125448655 79.7850585928642 81.31319302906256 82.74722041703464 84.0890580110594 85.3412460705975 86.50683259815766 87.58926417880454 88.59228508414992 89.51984606475729 90.3760236108219 91.16494992576293 91.9002807281211 92.61508786958602 93.27545771306812 93.84629598118168 94.3208293436185 94.70185963306888 95.0217301076986 95.35281458733024 95.75842300891917 96.25249702303239 96.75865548648733 97.18921526490203 97.49559686172194 97.71942080973656 97.94303645729083 98.18858997936071 98.37402633412485 98.47850378511625 98.46425863709113 98.41643188399327 98.45850246860476 98.60211018590624 98.77705650567194 98.84118633893979 98.75411913381812 98.60843736304267 98.53792891052326 98.65614038603933 98.9229211513535 99.19532075072915 99.31979226059528 99.25547560949074 99.06418186671802 98.92084393736992 98.93890804194697 99.10766804835875 99.29611029571447 99.3372892910388 99.16151071698773 98.80782186170975 98.42255942096489 98.18920315906377 98.16041135184403 98.29579940210651 98.48099924727859 98.59374416304597 98.58151540621743 98.54786711803641 98.58601594468779 98.787944676247 99.14414443603982 99.53043278125814 99.8029276223635 99.85889444462683 99.68754525106307 99.3923638215839 99.08632150086954 98.83149817199161 98.55593984885147 98.04295502400488 97.13824358218297 95.74881814206448 94.02948783438555 92.19649144479956 90.5179610767306 89.10715450904588 87.87147137694875 86.41917443281963 84.35872572685254 81.45297620909075 77.92875218437578 73.98183599560159 69.75650287580494 65.09821112289401 59.687408338480076 53.47259265034741 46.57743155653405 39.311129357256135 32.1169174304223 25.45861075547648 19.655755034054394 14.677435876230083 10.472127055072162 6.9676904696626485 4.246588530988789 2.4222090034290096 1.3811766237740102 0.8142769763072046 0.5256731415408087 0.3607565148269926 0.2679908320311547 0.22676169819310746 0.18553245610811675 0.1752252324412266 0.1649179872605686 0.17522547194280513 0.20614773883758936 0.2782995909467226 0.38137370147428207 0.44321827253508905 0.453525857128331 0.453526013745221 0.4535261634216551 0.44321887525529213 0.43291157652630263 0.42260425533689655 0.39168207900161245 0.350452452569345 0.267993100305074 0.15461142790765975 0.08245944040126267 0.05153715674062955 0.041229730362007055 0.04122973484961653 0.030922304020447572 0.030922306780193063 0.030922309272325216 0.03092231140721173 0.030922313441143313 0.030922315287360974 0.0309223168689244 0.03092231837569848 0.03092231974341058 0.030922320909277923 0.020614881354205247 0.03092232304453415 0.030922323912514968 0.030922324743319848 0.03092232545502928 0.030922326139427064 0.03092232675428737 0.030922327281007765 0.030922327787515407 0.04122977096175869 0.04122977151495976 0.051537214985943054
72.78051192937843 74.68923795016589 76.50467202682032 78.22508429953427 79.84981934999774 81.3791941580757 82.81438553215037 84.15731228271736 85.41051673114129 86.57704935396491 87.6603595338125 88.66419458148474 89.59250845433095 90.44938095139395 91.23894763016222 92.10845470763357 92.91133291499914 93.60275097255332 94.19503588677614 94.70077729843423 95.12290712048659 95.47416152254272 95.75742542043395 96.0252319115369 96.33064909771903 96.65698180637834 96.94681080092786 97.13177951629784 97.22350791839943 97.31458674024934 97.48808211116334 97.77667076400951 98.1011107956202 98.37128045218411 98.49644241833607 98.51808458504503 98.55961520887402 98.67326189634454 98.86013201220807 99.01875213365979 99.04725443967952 98.92553455239747 98.71555298650344 98.54101603803791 98.48472892046149 98.55761320289014 98.6676879981302 98.74335005222706 98.75402740801057 98.74114662411081 98.78650319625031 98.95450574054351 99.2016696747528 99.4686281841383 99.64001991409182 99.69750909199678 99.63921536984094 99.50745224862476 99.32354643589613 99.01413598224421 98.52893639777788 97.83596693631775 96.95641245659563 95.95264625753859 94.8858318300224 93.66386881438015 92.09017838191727 90.02062799618686 87.40386774467301 84.36327529366984 80.87860321529008 76.98049511700422 72.6794776830322 68.04791149439646 63.085603566541266 57.6895618142766 51.78741580928874 45.59604009003449 39.39401823958995 33.44980054498611 27.845941785966545 22.71669955189674 18.134326429454116 14.119523673046757 10.579410342660525 7.472736553006756 4.8717643257518555 2.962298835788496 1.7546822215863969 1.073458150127398 0.7018799044099492 0.5057686385925662 0.39223021857521984 0.34062221393872383 0.30965751471104597 0.30965843459283615 0.3303032158535818 0.39223596512600173 0.5057790715862757 0.6193224714120966 0.6812559504938389 0.7019011517381535 0.7122242819800353 0.7019030764257699 0.6812596940996029 0.6502940193370594 0.6090061142756379 0.5677180463603231 0.4748190955170428 0.35095350292906236 0.22708770389603544 0.14451044450113074 0.11354397923281617 0.09289966515660587 0.08257751498688663 0.07225535475401498 0.07225537970608502 0.061933203044920705 0.06193322046131461 0.06193323719594912 0.06193325145530143 0.06193326509331454 0.05161106397811131 0.051611073287656115 0.06193329751309509 0.061933306664088014 0.07225553354024762 0.08257776257069185 0.09289999300363563 0.11354444648036187 0.14451112659956783 0.2064444832088614 0.29934452131969286 0.4438556987378371 0.6399780224365538 0.8670670424871554 1.0838338559216973 1.2696340016649206 1.4347896982539374 1.5689787197699154 1.6825232875157856 1.7857456252188122 1.8786457371208536 1.9612236168591703 1.9921903496391793 1.992190389251942 1.9818681930142859 2.023157146841392 2.1367017105680866 2.3844352742213504 2.787002300597433
72.67064653052904 74.57649124504357 76.38918484373723 78.10700007810237 79.72928251921189 81.25634866843563 82.68937355771158 84.0302731010061 85.28158578193741 86.44635747221905 87.52803234747986 88.53035206178924 89.45726460382322 90.31284361398764 91.10121840696421 91.88429127081587 92.63829423724037 93.31886223262285 93.92935447537083 94.4335510601882 94.8737450515059 95.2530492857439 95.59445809377974 95.8909701276147 96.18566467648293 96.47137684870516 96.7710158819598 97.06681880709871 97.3508019949149 97.62492608759938 97.85006845383438 98.02767205833779 98.16934438633803 98.22498140954178 97.97944672038807 97.12381599682742 95.3789003544406 92.74345763267267 89.35092313150793 85.45952842263202 81.2663152213353 76.9170872052346 72.51649042276901 68.1278262838178 63.824766783720605 59.805493460368666 56.30988444045957 53.64029646238003 51.80845932935392 50.6908378987896 49.91374329046141 49.135778085396716 47.89835107351459 45.973652065520675 43.24604404249538 39.893132928260094 36.13249467013172 32.13107391124801 28.003609397462725 23.822698205036705 19.62002552851901 15.52039323321914 11.70104503880358 8.474511670607638 6.017906810969615 4.373136392347502 3.394561549524947 2.8428170112225586 2.645083229172471 2.718082989920011 2.9993733390924735 3.4056442579132082 3.780684093117018 4.05158649527792 4.176667425420191 4.197591138473954 4.156005702922331 4.051918230050208 3.8853183511346887 3.6249615240273316 3.22917301971753 2.718788064997532 2.1458854929210758 1.6354725405817818 1.2604703178782788 1.0521366164033474 0.9375543162887798 0.9167254728229113 0.9479831164365898 1.0417450229181446 1.2188476186439414 1.489709233612382 1.896000716690387 2.4481416672818677 3.135714545701628 3.9170504041745793 4.708807260234143 5.469312966139862 6.125644045018164 6.677797929722771 7.115357618917539 7.459156523021057 7.68835986619838 7.802965859831579 7.813393175948587 7.7508940755407325 7.698812370462303 7.761326235023273 8.063451187020323 8.688531320046614 9.719909871265951 11.178424014072961 13.011983964166896 15.158083265375717 17.491706214872263 19.919092180357136 22.31522499188846 24.57592583057402 26.649103837684027 28.49308783815527 30.11829466383094 31.483053101558244 32.618616099146095 33.61874581241539 34.53553132481344 35.52524259976664 36.69205870737892 38.10890599924758 39.84871003634241 41.88021680590524 44.151336981059664 46.55789071977725 48.974862247580404 51.26681833069466 53.32957909032843 55.11105446706595 56.57999081195446 57.73638794864142 58.632335551464145 59.27825184671388 59.726226532998375 60.007513428693585 60.195038525447124 60.37214542811642 60.643014031943814 61.08057006340001 61.83066510339507 63.02873294067334 64.76853523790945 67.05007212229053 69.67540203652153
50.0 50.0 50.0 50.0 50.0 50.0 50.0 50.0 50.0 50.0 50.0 50.0 50.0 50.0 50.0 50.0 50.0 50.0 50.0 50.0 50.0 50.0 50.0 50.0 50.0 50.0 50.0 50.0 50.0 50.0 50.0 50.0 50.0 50.0 50.0 50.0 50.0 50.0 50.0 50.0 50.0 50.0 50.0 50.0 50.0 50.0 50.0 50.0 50.0 50.0 50.0 50.0 50.0 50.0 50.0 50.0 50.0 50.0 50.0 50.0 50.0 50.0 50.0 50.0 50.0 50.0 50.0 50.0 50.0 50.0 50.0 50.0 50.0 50.0 50.0 50.0 50.0 50.0 50.0 50.0 50.0 50.0 50.0 50.0 50.0 50.0 50.0 50.0 50.0 50.0 50.0 50.0 50.0 50.0 50.0 50.0 50.0 50.0 50.0 50.0 50.0 50.0 50.0 50.0 50.0 50.0 50.0 50.0 50.0 50.0 50.0 50.0 50.0 50.0 50.0 50.0 50.0 50.0 50.0 50.0 50.0 50.0 50.0 50.0 50.0 50.0 50.0 50.0 50.0 50.0 50.0 50.0 50.0 50.0 50.0 50.0 50.0 50.0 50.0 50.0 50.0 50.0 50.0 50.0 50.0 50.0 50.0 50.0 50.0 50.0 50.0
50.0 50.0 50.0 50.0 50.0 50.0 50.0 50.0 50.0 50.0 50.0 50.0 50.0 50.0 50.0 50.0 50.0 50.0 50.0 50.0 50.0 50.0 50.0 50.0 50.0 50.0 50.0 50.0 50.0 50.0 50.0 50.0 50.0 50.0 50.0 50.0 50.0 50.0 50.0 50.0 50.0 50.0 50.0 50.0 50.0 50.0 50.0 50.0 50.0 50.0 50.0 50.0 50.0 50.0 50.0 50.0 50.0 50.0 50.0 50.0 50.0 50.0 50.0 50.0 50.0 50.0 50.0 50.0 50.0 50.0 50.0 50.0 50.0 50.0 50.0 50.0 50.0 50.0 50.0 50.0 50.0 50.0 50.0 50.0 50.0 50.0 50.0 50.0 50.0 50.0 50.0 50.0 50.0 50.0 50.0 50.0 50.0 50.0 50.0 50.0 50.0 50.0 50.0 50.0 50.0 50.0 50.0 50.0 50.0 50.0 50.0 50.0 50.0 50.0 50.0 50.0 50.0 50.0 50.0 50.0 50.0 50.0 50.0 50.0 50.0 50.0 50.0 50.0 50.0 50.0 50.0 50.0 50.0 50.0 50.0 50.0 50.0 50.0 50.0 50.0 50.0 50.0 50.0 50.0 50.0 50.0 50.0 50.0 50.0 50.0 50.0
50.0 50.0 50.0 50.0 50.0 50.0 50.0 50.0 50.0 50.0 50.0 50.0 50.0 50.0 50.0 50.0 50.0 50.0 50.0 50.0 50.0 50.0 50.0 50.0 50.0 50.0 50.0 50.0 50.0 50.0 50.0 50.0 50.0 50.0 50.0 50.0 50.0 50.0 50.0 50.0 50.0 50.0 50.0 50.0 50.0 50.0 50.0 50.0 50.0 50.0 50.0 50.0 50.0 50.0 50.0 50.0 50.0 50.0 50.0 50.0 50.0 50.0 50.0 50.0 50.0 50.0 50.0 50.0 50.0 50.0 50.0 50.0 50.0 50.0 50.0 50.0 50.0 50.0 50.0 50.0 50.0 50.0 50.0 50.0 50.0 50.0 50.0 50.0 50.0 50.0 50.0 50.0 50.0 50.0 50.0 50.0 50.0 50.0 50.0 50.0 50.0 50.0 50.0 50.0 50.0 50.0 50.0 50.0 50.0 50.0 50.0 50.0 50.0 50.0 50.0 50.0 50.0 50.0 50.0 50.0 50.0 50.0 50.0 50.0 50.0 50.0 50.0 50.0 50.0 50.0 50.0 50.0 50.0 50.0 50.0 50.0 50.0 50.0 50.0 50.0 50.0 50.0 50.0 50.0 50.0 50.0 50.0 50.0 50.0 50.0 50.0
50.0 50.0 50.0 50.0 50.0 50.0 50.0 50.0 50.0 50.0 50.0 50.0 50.0 50.0 50.0 50.0 50.0 50.0 50.0 50.0 50.0 50.0 50.0 50.0 50.0 50.0 50.0 50.0 50.0 50.0 50.0 50.0 50.0 50.0 50.0 50.0 50.0 50.0 50.0 50.0 50.0 50.0 50.0 50.0 50.0 50.0 50.0 50.0 50.0 50.0 50.0 50.0 50.0 50.0 50.0 50.0 50.0 50.0 50.0 50.0 50.0 50.0 50.0 50.0 50.0 50.0 50.0 50.0 50.0 50.0 50.0 50.0 50.0 50.0 50.0 50.0 50.0 50.0 50.0 50.0 50.0 50.0 50.0 50.0 50.0 50.0 50.0 50.0 50.0 50.0 50.0 50.0 50.0 50.0 50.0 50.0 50.0 50.0 50.0 50.0 50.0 50.0 50.0 50.0 50.0 50.0 50.0 50.0 50.0 50.0 50.0 50.0 50.0 50.0 50.0 50.0 50.0 50.0 50.0 50.0 50.0 50.0 50.0 50.0 50.0 50.0 50.0 50.0 50.0 50.0 50.0 50.0 50.0 50.0 50.0 50.0 50.0 50.0 50.0 50.0 50.0 50.0 50.0 50.0 50.0 50.0 50.0 50.0 50.0 50.0 50.0
50.0 50.0 50.0 50.0 50.0 50.0 50.0 50.0 50.0 50.0 50.0 50.0 50.0 50.0 50.0 50.0 50.0 50.0 50.0 50.0 50.0 50.0 50.0 50.0 50.0 50.0 50.0 50.0 50.0 50.0 50.0 50.0 50.0 50.0 50.0 50.0 50.0 50.0 50.0 50.0 50.0 50.0 50.0 50.0 50.0 50.0 50.0 50.0 50.0 50.0 50.0 50.0 50.0 50.0 50.0 50.0 50.0 50.0 50.0 50.0 50.0 50.0 50.0 50.0 50.0 50.0 50.0 50.0 50.0 50.0 50.0 50.0 50.0 50.0 50.0 50.0 50.0 50.0 50.0 50.0 50.0 50.0 50.0 50.0 50.0 50.0 50.0 50.0 50.0 50.0 50.0 50.0 50.0 50.0 50.0 50.0 50.0 50.0 50.0 50.0 50.0 50.0 50.0 50.0 50.0 50.0 50.0 50.0 50.0 50.0 50.0 50.0 50.0 50.0 50.0 50.0 50.0 50.0 50.0 50.0 50.0 50.0 50.0 50.0 50.0 50.0 50.0 50.0 50.0 50.0 50.0 50.0 50.0 50.0 50.0 50.0 50.0 50.0 50.0 50.0 50.0 50.0 50.0 50.0 50.0 50.0 50.0 50.0 50.0 50.0 50.0