4 151 9
300.0440999999999 302.0443999999999 304.0446999999999 306.0449999999999 308.0452999999999 310.0455999999999 312.0458999999999 314.0461999999999 316.04649999999987 318.0467999999999 320.0470999999999 322.04739999999987 324.0476999999999 326.0479999999999 328.04829999999987 330.0485999999999 332.0488999999999 334.04919999999987 336.0494999999999 338.0497999999999 340.0500999999999 342.05039999999985 344.0506999999999 346.0509999999999 348.05129999999986 350.0515999999999 352.0518999999999 354.05219999999986 356.0524999999999 358.0527999999999 360.05309999999986 362.0533999999999 364.0536999999999 366.05399999999986 368.0542999999999 370.0545999999999 372.05489999999986 374.0551999999999 376.0554999999999 378.05579999999986 380.05609999999984 382.0563999999999 384.05669999999986 386.05699999999985 388.0572999999999 390.05759999999987 392.05789999999985 394.0581999999999 396.05849999999987 398.05879999999985 399.99 402.04 403.99 406.05 407.99 410.06 412.01 413.96 416.02 417.97 420.04 422.0 423.95 426.02 427.98 430.05 432.01 433.96 436.03 437.99 440.06 442.01 443.96 446.03 447.98 450.04 451.98 454.04 455.99 458.04 459.98 462.03 463.97 466.02 467.95 470.0 472.05 473.98 476.02 477.96 480.0 482.05 483.98 486.03 487.96 490.01 492.06 493.99 496.05 497.98 500.04 501.98 504.04 505.98 508.04 509.99 512.05 514.0 515.95 518.01 519.96 522.03 523.98 526.04 527.99 530.05 532.0 534.06 536.0 538.06 540.0 542.05 543.99 546.04 547.98 550.03 551.96 554.0 556.04 557.97 560.01 562.05 563.98 566.01 568.05 569.98 572.01 574.05 575.97 578.01 580.05 581.98 584.02 585.95 588.0 590.04 591.97 594.02 595.96 598.01 599.95
0.0 13.54 26.89 39.77 50.0 60.0 70.0 80.0 90.0
72.75349827254115 74.66151583898615 76.47627608810272 78.19604980214868 79.82018180608307 81.34898896211865 82.78364764184633 84.12607594356437 85.37881524501394 86.54491489050437 87.62782298236618 88.63128544052536 89.55925475475647 90.41580920981926 91.20508282822364 91.93120585164674 92.59825526473864 93.21021464352694 93.86811443234889 94.40139252875115 94.87120168639939 95.31020766079635 95.72171397736695 96.09887265483324 96.4245187784325 96.67105250717732 96.84049195200431 96.9749898246517 97.12704673454016 97.37973578274841 97.74568254065342 98.12577919693224 98.43018960619568 98.61926915969333 98.73456468226642 98.86875086489245 99.00752075202708 99.10113203536159 99.18598643554922 99.17609053408594 99.06143535699779 99.0219583234661 99.09944252443152 99.23311470021883 99.30043436331772 99.21964814010687 99.04234428024078 98.89208312264402 98.91311427569742 99.1059125540432 99.36723346962103 99.54544181132411 99.51467066170551 99.32865475413172 99.10878703770635 99.02205025462816 99.10786862347535 99.29536872047153 99.42058878599742 99.35878117585386 99.08030890599993 98.68709181822491 98.34448692206382 98.17662462014152 98.22400723751558 98.39472851777298 98.56461729570619 98.64130902323724 98.62510305143718 98.59795988137968 98.6839802080652 98.93432972985833 99.30805423728786 99.69199178477865 99.94159303368335 99.94379434645171 99.72927059719497 99.40131150053413 99.08338884982254 98.82721348809129 98.53990665260716 98.03612343753674 97.14054698538219 95.770846764945 94.05058539866734 92.19628908667387 90.46556302006944 89.0129782934964 87.78708569906743 86.46835180166342 84.57243789896945 81.89319567368507 78.5130526289301 74.74123411472809 70.76322376125263 66.35231399961687 61.18899416715769 55.18049913863646 48.419603520185255 41.17426099265319 33.887663318833965 27.06482390364627 21.03556259398809 15.902946609479812 11.52269336437572 7.7608203123463735 4.76162356034354 2.731236613112586 1.535677618490784 0.9069780532496124 0.5771682159685129 0.4019566794370136 0.2988910183314987 0.24735820604344788 0.20613192535713776 0.18551880764091416 0.1649056637390699 0.16490571816261113 0.17521237481967902 0.20613226136805898 0.3195050786825179 0.4225713261485417 0.4431846451536364 0.45349134660860885 0.44318479356119783 0.4431848590442429 0.43287828892570646 0.42257171393233367 0.4019585033449445 0.3813452823202743 0.3298121654957628 0.2061326200477679 0.09275968542565463 0.06183979435131505 0.04122653202897457 0.030919900603170763 0.030919902109827105 0.030919903477432332 0.030919904643208575 0.030919905765150846 0.03091990677829795 0.030919907646210946 0.020613272317967276 0.020613272792403152 0.020613273248632692 0.02061327365850753 0.020613274009627022 0.0206132743472724 0.02061327463645221 0.02061327491303113 0.02061327514990996
72.7214846066433 74.6286625895858 76.44262429114549 78.16164125448655 79.7850585928642 81.31319302906256 82.74722041703464 84.0890580110594 85.3412460705975 86.50683259815766 87.58926417880454 88.59228508414992 89.51984606475729 90.3760236108219 91.16494992576293 91.89075343383041 92.55750932568202 93.16919942445547 93.73939847100324 94.30128706052648 94.81969687027303 95.25847063739701 95.61033751028347 95.87772336981068 96.09289085116293 96.32839466064254 96.64737987110637 97.06304314060617 97.4976061937838 97.86220869871251 98.10760969896535 98.27540520120544 98.44803709321613 98.64731551123572 98.79040511939631 98.8560880552972 98.80621308424178 98.72598253643427 98.73895093726524 98.85643380345532 99.00774470985593 99.05018680671023 98.94316988840936 98.77933163387098 98.69252042831415 98.796246068834 99.05008404071788 99.31073795557016 99.42438864471784 99.35008272471872 99.148795828439 98.99786200999975 99.00811943939613 99.17179931531903 99.35320975576003 99.39000902731966 99.20825453895131 98.85015939175736 98.46053521340156 98.22357296317341 98.19211934349731 98.32404174500186 98.50666817693354 98.61691742288589 98.60252413358042 98.56724583998641 98.60322659656575 98.8035589861119 99.1582748798069 99.54329453958866 99.81482773581624 99.86944966580985 99.6970852688999 99.40094058783156 99.09407772869781 98.83862658569029 98.56223191375577 98.04872284703465 97.14331861822947 95.75343007672821 94.03350424942569 92.20011528714325 90.52112212802086 89.1100235350479 87.87398141955053 86.4214504782424 84.36073107049303 81.45473437167351 77.93026825525676 73.98311466993783 69.75761508433911 65.09914974796837 59.68818828208449 53.47322452793032 46.57791983967539 39.31151006810879 32.117198167368635 25.458812820893936 19.65589604385602 14.677529291572903 10.472188712697335 6.9677268482927674 4.246609040994535 2.42221937768804 1.381182085337629 0.8142798357869699 0.5256748458112945 0.3607575535435603 0.2679915319689348 0.22676223248328187 0.1855328526453231 0.17522557801195093 0.16491827611657633 0.17522575473142687 0.20614803373725074 0.278299957783294 0.38137414792211766 0.4432187506166175 0.4535262909589036 0.4535264135037457 0.45352651792252313 0.4432191946597194 0.4329118531738967 0.42260450432723207 0.39168228403273797 0.35045262170536634 0.26799321505127366 0.15461148885752646 0.08245946969923305 0.05153717336741263 0.04122974237359075 0.041229745696433624 0.03092231140721173 0.030922313441143313 0.030922315287360974 0.0309223168689244 0.03092231837569848 0.03092231974341058 0.030922320909277923 0.03092232203130787 0.03092232304453415 0.030922323912514968 0.020614883162213233 0.03092232545502928 0.030922326139427064 0.03092232675428737 0.030922327281007765 0.030922327787515407 0.03092232822131902 0.030922328636219822 0.030922328991565832
72.78051192937843 74.68923795016589 76.50467202682032 78.22508429953427 79.84981934999774 81.3791941580757 82.81438553215037 84.15731228271736 85.41051673114129 86.57704935396491 87.6603595338125 88.66419458148474 89.59250845433095 90.44938095139395 91.23894763016222 91.96534026588772 92.63263735702076 93.24482395870622 93.95173844931675 94.60292569965512 95.15240869407921 95.6124582903974 95.99547992738344 96.30399878489337 96.55042243383329 96.73714517507533 96.91666564831563 97.14185333703175 97.39515602667782 97.61812568828505 97.7415085490108 97.77667076400951 97.81634704875339 97.94353495275438 98.19052117674273 98.47724807329993 98.71291199735735 98.80624472908895 98.79870276696435 98.81382921947589 98.90370769411476 99.069172540754 99.20830949059581 99.21890920652972 99.08073416643256 98.85574304359982 98.6676879981302 98.5993193269998 98.66140691544366 98.76173485318174 98.82768998098922 98.83091560015149 98.81021968018992 98.85042664166384 99.01140876353234 99.25431743574164 99.5155167784445 99.68271402734695 99.735976816612 99.67409273113648 99.53959536438686 99.35208407100451 99.03994387321607 98.5520944253412 97.8568167796904 96.97547823055109 95.96939718895298 94.9008293763813 93.67721818603309 92.10207867799622 90.03136170622686 87.41310645256607 84.37134879120705 80.88558239203509 76.98652095638766 72.68471983147587 68.05225584823634 63.08931486427815 57.692575834243584 51.78991025447094 45.59798769844337 39.3955666467923 33.45096867265839 27.84683835517555 22.717348452873967 18.134804038166948 14.119859317009615 10.57963869924463 7.4728819319326565 4.8718485275012675 2.9623460671419912 1.7547075216476784 1.0734721771532334 0.7018881984191885 0.5057739406947085 0.3922340171509258 0.3406251913490062 0.30965997246789606 0.30966065607322996 0.3303053180864516 0.39223827452675575 0.5057817122819046 0.6193254625913349 0.6812588682956002 0.7019039272541363 0.7122267830834459 0.7019053520464981 0.6812616556323877 0.6502957177733413 0.6090075492004317 0.5677192597400885 0.47482003193228667 0.35095411762870454 0.22708807038281437 0.14451065122705162 0.1135441288991664 0.09289977390782359 0.08257760405989428 0.07225542387153372 0.07225544339527398 0.06193325145530143 0.06193326509331454 0.06193327677373357 0.061933287945187335 0.06193329751309509 0.051611088886740014 0.051611095385891155 0.061933321928018883 0.061933328669090425 0.07225555685113937 0.08257778662832449 0.09290001744398763 0.11354447360402145 0.14451115772859816 0.20644452336663027 0.2993445741919941 0.44385576956793316 0.6399781146603665 0.8670671557793578 1.0838339840515865 1.2696341372051634 1.4347898376035544 1.5689788573756578 1.6825234186739197 1.7857457538216477 1.8786458592945774 1.9612237326703872 1.9921904558183094 1.9921904837663804 1.9818682798722913 2.0231572256188772
72.67064653052904 74.57649124504357 76.38918484373723 78.10700007810237 79.72928251921189 81.25634866843563 82.68937355771158 84.0302731010061 85.28158578193741 86.44635747221905 87.52803234747986 88.53035206178924 89.45726460382322 90.31284361398764 91.10121840696421 91.82651452090757 92.4928042975944 93.10406677655277 93.72308903105599 94.32491593556341 94.8638199814095 95.3427789742065 95.72460030293455 96.05174300009105 96.32681764351341 96.57251048624441 96.78115746819769 96.99564799620005 97.20813359462926 97.44111346525871 97.67614005946851 97.90468909286993 98.12828652586694 98.30721245299891 98.4425848613983 98.54574328385927 98.56610487585536 98.28762291695914 97.40046275443433 95.62491037319437 92.96005470944289 89.5398563629057 85.62312856890456 81.40715456585836 77.0377588023199 72.61947410290081 68.21540286501387 63.89902911914183 59.86847625789816 56.363557204536505 53.68611239611152 51.84879650728979 50.72629800036416 49.94604181648854 49.16403323445783 47.92377142125013 45.99532362126471 43.26457426261956 39.90852546981403 36.14514236177042 32.141452961308595 28.01165539275165 23.8289075567806 19.624636976775673 15.523700787466604 11.703345964282361 8.475991108323027 6.018857994456552 4.373759670285189 3.395000209631891 2.8431559776814077 2.6453628180732567 2.7183431082742198 2.9996321610283827 3.4059108431730736 3.780956782297879 4.051845158989441 4.1769131368898025 4.1978104437192485 4.156205885307199 4.052091305387481 3.8854710660692695 3.6250881142550213 3.2292769909576586 2.7188657269936427 2.1459420096939565 1.6355114184148714 1.2604975251315027 1.0521570852757756 0.9375705206263303 0.9167400892364688 0.9479967850260612 1.0417586355441688 1.2188620215828871 1.4897248506157237 1.8960190786164188 2.4481630667146543 3.135739433920187 3.917078504977601 4.708837229695307 5.469345168274829 6.125676027285448 6.677830181887753 7.115388093811706 7.459186018638918 7.688386865254113 7.8029911576133495 7.813415672842221 7.750914319306357 7.698830510209169 7.7613428232509465 8.063467089368567 8.688546538122651 9.719925557797627 11.178440005097045 13.012001115724932 15.158101009896223 17.49172508246451 19.91911123442215 22.3152446615461 24.57594504046254 26.649123042285236 28.493106046363653 30.11831240895348 31.483069581775638 32.61863184160391 33.61876020690284 34.53554493917598 35.52525522194186 36.69207054487519 38.10891710163195 39.848720519836206 41.880226810311264 44.1513464916651 46.55789977626055 48.974870897859546 51.26682651180775 53.32958677536907 55.11106166795403 56.57999750079141 57.73639411231066 58.63234124595269 59.27825704565491 59.726231188850974 60.00751775021411 60.19504244010323 60.37214899312122 60.64301726407596 61.080572961213306 61.83066781320608 63.02873539487967
50.0 50.0 50.0 50.0 50.0 50.0 50.0 50.0 50.0 50.0 50.0 50.0 50.0 50.0 50.0 50.0 50.0 50.0 50.0 50.0 50.0 50.0 50.0 50.0 50.0 50.0 50.0 50.0 50.0 50.0 50.0 50.0 50.0 50.0 50.0 50.0 50.0 50.0 50.0 50.0 50.0 50.0 50.0 50.0 50.0 50.0 50.0 50.0 50.0 50.0 50.0 50.0 50.0 50.0 50.0 50.0 50.0 50.0 50.0 50.0 50.0 50.0 50.0 50.0 50.0 50.0 50.0 50.0 50.0 50.0 50.0 50.0 50.0 50.0 50.0 50.0 50.0 50.0 50.0 50.0 50.0 50.0 50.0 50.0 50.0 50.0 50.0 50.0 50.0 50.0 50.0 50.0 50.0 50.0 50.0 50.0 50.0 50.0 50.0 50.0 50.0 50.0 50.0 50.0 50.0 50.0 50.0 50.0 50.0 50.0 50.0 50.0 50.0 50.0 50.0 50.0 50.0 50.0 50.0 50.0 50.0 50.0 50.0 50.0 50.0 50.0 50.0 50.0 50.0 50.0 50.0 50.0 50.0 50.0 50.0 50.0 50.0 50.0 50.0 50.0 50.0 50.0 50.0 50.0 50.0 50.0 50.0 50.0 50.0 50.0 50.0
50.0 50.0 50.0 50.0 50.0 50.0 50.0 50.0 50.0 50.0 50.0 50.0 50.0 50.0 50.0 50.0 50.0 50.0 50.0 50.0 50.0 50.0 50.0 50.0 50.0 50.0 50.0 50.0 50.0 50.0 50.0 50.0 50.0 50.0 50.0 50.0 50.0 50.0 50.0 50.0 50.0 50.0 50.0 50.0 50.0 50.0 50.0 50.0 50.0 50.0 50.0 50.0 50.0 50.0 50.0 50.0 50.0 50.0 50.0 50.0 50.0 50.0 50.0 50.0 50.0 50.0 50.0 50.0 50.0 50.0 50.0 50.0 50.0 50.0 50.0 50.0 50.0 50.0 50.0 50.0 50.0 50.0 50.0 50.0 50.0 50.0 50.0 50.0 50.0 50.0 50.0 50.0 50.0 50.0 50.0 50.0 50.0 50.0 50.0 50.0 50.0 50.0 50.0 50.0 50.0 50.0 50.0 50.0 50.0 50.0 50.0 50.0 50.0 50.0 50.0 50.0 50.0 50.0 50.0 50.0 50.0 50.0 50.0 50.0 50.0 50.0 50.0 50.0 50.0 50.0 50.0 50.0 50.0 50.0 50.0 50.0 50.0 50.0 50.0 50.0 50.0 50.0 50.0 50.0 50.0 50.0 50.0 50.0 50.0 50.0 50.0
50.0 50.0 50.0 50.0 50.0 50.0 50.0 50.0 50.0 50.0 50.0 50.0 50.0 50.0 50.0 50.0 50.0 50.0 50.0 50.0 50.0 50.0 50.0 50.0 50.0 50.0 50.0 50.0 50.0 50.0 50.0 50.0 50.0 50.0 50.0 50.0 50.0 50.0 50.0 50.0 50.0 50.0 50.0 50.0 50.0 50.0 50.0 50.0 50.0 50.0 50.0 50.0 50.0 50.0 50.0 50.0 50.0 50.0 50.0 50.0 50.0 50.0 50.0 50.0 50.0 50.0 50.0 50.0 50.0 50.0 50.0 50.0 50.0 50.0 50.0 50.0 50.0 50.0 50.0 50.0 50.0 50.0 50.0 50.0 50.0 50.0 50.0 50.0 50.0 50.0 50.0 50.0 50.0 50.0 50.0 50.0 50.0 50.0 50.0 50.0 50.0 50.0 50.0 50.0 50.0 50.0 50.0 50.0 50.0 50.0 50.0 50.0 50.0 50.0 50.0 50.0 50.0 50.0 50.0 50.0 50.0 50.0 50.0 50.0 50.0 50.0 50.0 50.0 50.0 50.0 50.0 50.0 50.0 50.0 50.0 50.0 50.0 50.0 50.0 50.0 50.0 50.0 50.0 50.0 50.0 50.0 50.0 50.0 50.0 50.0 50.0
50.0 50.0 50.0 50.0 50.0 50.0 50.0 50.0 50.0 50.0 50.0 50.0 50.0 50.0 50.0 50.0 50.0 50.0 50.0 50.0 50.0 50.0 50.0 50.0 50.0 50.0 50.0 50.0 50.0 50.0 50.0 50.0 50.0 50.0 50.0 50.0 50.0 50.0 50.0 50.0 50.0 50.0 50.0 50.0 50.0 50.0 50.0 50.0 50.0 50.0 50.0 50.0 50.0 50.0 50.0 50.0 50.0 50.0 50.0 50.0 50.0 50.0 50.0 50.0 50.0 50.0 50.0 50.0 50.0 50.0 50.0 50.0 50.0 50.0 50.0 50.0 50.0 50.0 50.0 50.0 50.0 50.0 50.0 50.0 50.0 50.0 50.0 50.0 50.0 50.0 50.0 50.0 50.0 50.0 50.0 50.0 50.0 50.0 50.0 50.0 50.0 50.0 50.0 50.0 50.0 50.0 50.0 50.0 50.0 50.0 50.0 50.0 50.0 50.0 50.0 50.0 50.0 50.0 50.0 50.0 50.0 50.0 50.0 50.0 50.0 50.0 50.0 50.0 50.0 50.0 50.0 50.0 50.0 50.0 50.0 50.0 50.0 50.0 50.0 50.0 50.0 50.0 50.0 50.0 50.0 50.0 50.0 50.0 50.0 50.0 50.0
50.0 50.0 50.0 50.0 50.0 50.0 50.0 50.0 50.0 50.0 50.0 50.0 50.0 50.0 50.0 50.0 50.0 50.0 50.0 50.0 50.0 50.0 50.0 50.0 50.0 50.0 50.0 50.0 50.0 50.0 50.0 50.0 50.0 50.0 50.0 50.0 50.0 50.0 50.0 50.0 50.0 50.0 50.0 50.0 50.0 50.0 50.0 50.0 50.0 50.0 50.0 50.0 50.0 50.0 50.0 50.0 50.0 50.0 50.0 50.0 50.0 50.0 50.0 50.0 50.0 50.0 50.0 50.0 50.0 50.0 50.0 50.0 50.0 50.0 50.0 50.0 50.0 50.0 50.0 50.0 50.0 50.0 50.0 50.0 50.0 50.0 50.0 50.0 50.0 50.0 50.0 50.0 50.0 50.0 50.0 50.0 50.0 50.0 50.0 50.0 50.0 50.0 50.0 50.0 50.0 50.0 50.0 50.0 50.0 50.0 50.0 50.0 50.0 50.0 50.0 50.0 50.0 50.0 50.0 50.0 50.0 50.0 50.0 50.0 50.0 50.0 50.0 50.0 50.0 50.0 50.0 50.0 50.0 50.0 50.0 50.0 50.0 50.0 50.0 50.0 50.0 50.0 50.0 50.0 50.0 50.0 50.0 50.0 50.0 50.0 50.0