4 151 9
300.0440999999999 302.0443999999999 304.0446999999999 306.0449999999999 308.0452999999999 310.0455999999999 312.0458999999999 314.0461999999999 316.04649999999987 318.0467999999999 320.0470999999999 322.04739999999987 324.0476999999999 326.0479999999999 328.04829999999987 330.0485999999999 332.0488999999999 334.04919999999987 336.0494999999999 338.0497999999999 340.0500999999999 342.05039999999985 344.0506999999999 346.0509999999999 348.05129999999986 350.0515999999999 352.0518999999999 354.05219999999986 356.0524999999999 358.0527999999999 360.05309999999986 362.0533999999999 364.0536999999999 366.05399999999986 368.0542999999999 370.0545999999999 372.05489999999986 374.0551999999999 376.0554999999999 378.05579999999986 380.05609999999984 382.0563999999999 384.05669999999986 386.05699999999985 388.0572999999999 390.05759999999987 392.05789999999985 394.0581999999999 396.05849999999987 398.05879999999985 399.99 402.04 403.99 406.05 407.99 410.06 412.01 413.96 416.02 417.97 420.04 422.0 423.95 426.02 427.98 430.05 432.01 433.96 436.03 437.99 440.06 442.01 443.96 446.03 447.98 450.04 451.98 454.04 455.99 458.04 459.98 462.03 463.97 466.02 467.95 470.0 472.05 473.98 476.02 477.96 480.0 482.05 483.98 486.03 487.96 490.01 492.06 493.99 496.05 497.98 500.04 501.98 504.04 505.98 508.04 509.99 512.05 514.0 515.95 518.01 519.96 522.03 523.98 526.04 527.99 530.05 532.0 534.06 536.0 538.06 540.0 542.05 543.99 546.04 547.98 550.03 551.96 554.0 556.04 557.97 560.01 562.05 563.98 566.01 568.05 569.98 572.01 574.05 575.97 578.01 580.05 581.98 584.02 585.95 588.0 590.04 591.97 594.02 595.96 598.01 599.95
0.0 13.54 26.89 39.77 50.0 60.0 70.0 80.0 90.0
72.75349827254115 74.66151583898615 76.47627608810272 78.19604980214868 79.82018180608307 81.34898896211865 82.78364764184633 84.12607594356437 85.37881524501394 86.54491489050437 87.62782298236618 88.63128544052536 89.55925475475647 90.41580920981926 91.20508282822364 91.93120585164674 92.59825526473864 93.21021464352694 93.7709424712388 94.28414799238755 94.75337365698137 95.18198322743298 95.57315466959038 95.92987701656571 96.25495047190168 96.65104193948797 96.94082399919868 97.18622048395237 97.41941588082432 97.64240547154928 97.8468999814121 98.01424958635504 98.11539172341513 98.15149370275934 98.16437435307111 98.20615999921371 98.3597054378206 98.63655613588674 98.93569031471526 99.1658598666077 99.28666805417161 99.33953340188815 99.41720035627444 99.50472634747864 99.55165324539358 99.59415198125996 99.54551430302273 99.39542913625259 99.32413905972275 99.37315521390684 99.4803260271136 99.52487457128045 99.42209887504345 99.22577681031595 99.05733937001652 99.06321510611627 99.24167299486442 99.49095362672169 99.6573780106094 99.61618734470322 99.4201187370016 99.19170076105 99.09630884533438 99.17569434193693 99.3570442337537 99.47632886266055 99.40933914125884 99.12550134951317 98.72812728945185 98.38160072176537 98.21003334133194 98.25429788626633 98.42192717104935 98.58945502808912 98.66385743865533 98.645421515474 98.61635871204338 98.70057656563509 98.94942274945355 99.32186481733304 99.7044129746888 99.95294452020067 99.95397466700847 99.73854029819624 99.4095931136911 99.0909143268913 98.83398830741238 98.54603432238191 98.04162318093782 97.1454927392705 95.77524560018563 94.05453104933929 92.19975962436446 90.46863666010525 89.01572438478576 87.78953256426477 86.47055096217838 84.57436980419328 81.89488496623926 78.51452321452615 74.74249829324327 70.76431109003629 66.35323467912558 61.18975633213328 55.18112725658998 48.42009804436024 41.17464528911784 33.88794710911013 27.06502970575033 21.035706894118853 15.903045664989559 11.522758143861058 7.760859889779951 4.761645466336372 2.731248010982075 1.5356834632497895 0.9069811505648844 0.5771700135691389 0.4019578010569107 0.2988917789836855 0.24735877059291703 0.20613235421880086 0.18551915378524317 0.16490594422131233 0.1649059696971899 0.17521261869191 0.2061325185360507 0.3195054422415206 0.42257175992673646 0.4431850578316701 0.45349172755667383 0.4431851331027009 0.4431851637003498 0.43287856045920536 0.42257195329698927 0.40195870784121995 0.38134545935453434 0.3298123037592783 0.20613269762139053 0.09275971729545254 0.0618398135565959 0.04122654352828127 0.030919908476950905 0.030919909188604724 0.03091990987294903 0.03091991048776129 0.03091991101444053 0.030919911520908595 0.03091991195467831 0.02061327491303113 0.02061327514990996
72.7214846066433 74.6286625895858 76.44262429114549 78.16164125448655 79.7850585928642 81.31319302906256 82.74722041703464 84.0890580110594 85.3412460705975 86.50683259815766 87.58926417880454 88.59228508414992 89.51984606475729 90.3760236108219 91.16494992576293 91.89075343383041 92.55750932568202 93.16919942445547 93.7296805155325 94.24266021125044 94.7116794028359 95.14010037254782 95.53109968783633 95.88766506655165 96.21259548006503 96.51850990927163 96.83802565781225 97.13345886264828 97.3665339207208 97.5287941945769 97.62172801659327 97.67715417903551 97.76761430744705 97.95576732002293 98.25350763048638 98.58083649527937 98.8470336639089 99.00178197031772 99.08655130295867 99.18384074629432 99.31490420740461 99.39571598584232 99.40446730293262 99.3024077332716 99.17479828858976 99.14527686334151 99.22466687417482 99.34155746667668 99.3524536865253 99.2164509528179 99.02541248819827 98.91558662083706 98.99783288153229 99.2335309053068 99.47669380724311 99.57526533491952 99.48617764255701 99.27224401319687 99.10918247037576 99.10911938049523 99.26311886229372 99.43632796145313 99.464543557575 99.2761489577788 98.91155837135804 98.51573703676735 98.27355328645291 98.23690666658777 98.3649262549373 98.543843181516 98.65047597220033 98.63293151064094 98.59449218117149 98.62807405827658 98.82614449024668 99.17870318639176 99.56186977402702 99.8316142757226 99.8846853435052 99.71094995074218 99.41332551402456 99.10533295340595 98.84869433335399 98.5713931400877 98.05689176936473 97.15069674512976 95.7599941815456 94.03935169013654 92.20528763543537 90.52573086459516 89.11411643309631 87.8776679466717 86.42470363413545 84.36359729396871 81.45724728766423 77.93244038410344 73.98499629183955 69.75920857158307 65.10049261300189 59.68930626931086 53.47412897782852 46.578635543542916 39.31205553969213 32.11759821649333 25.459102617790624 19.656096795515843 14.677666283044774 10.472276411435924 6.9677798311923045 4.246638171959642 2.4222344650917185 1.3811898502118487 0.8142839883255958 0.5256772641942806 0.36075905904018873 0.26799255193946836 0.2267630068726105 0.18553343049067708 0.17522606696139456 0.16491869581954388 0.17522615465188393 0.20614846263242764 0.2783004770403622 0.38137479658798995 0.44321942666862457 0.4535269222069447 0.45352697931754005 0.45352703398207767 0.4432196496333777 0.432912256286266 0.4226048593293052 0.3916825841161194 0.3504528626150663 0.2679933831565754 0.15461157643680487 0.08245951165046507 0.05153719729283081 0.041229759657880775 0.04122976121237056 0.03092232203130787 0.03092232304453415 0.030922323912514968 0.030922324743319848 0.03092232545502928 0.030922326139427064 0.03092232675428737 0.030922327281007765 0.030922327787515407 0.03092232822131902 0.02061488575747988 0.030922328991565832
72.78051192937843 74.68923795016589 76.50467202682032 78.22508429953427 79.84981934999774 81.3791941580757 82.81438553215037 84.15731228271736 85.41051673114129 86.57704935396491 87.6603595338125 88.66419458148474 89.59250845433095 90.44938095139395 91.23894763016222 91.96534026588772 92.63263735702076 93.24482395870622 93.80575998684111 94.31915606319565 94.7885559531035 95.21732466795542 95.60864135359051 95.96549615296053 96.29069030933462 96.73714517507533 97.14777848500938 97.47428942125056 97.72835529568887 97.92166463632076 98.05575733194166 98.14222898890351 98.18247186615359 98.22869861904087 98.33328442281963 98.47724807329993 98.60049435246958 98.63234410165396 98.58370040861138 98.54742943103683 98.60636086401635 98.79215642035213 99.02352580156116 99.20863809791622 99.25542535921718 99.2052745809836 99.18190359119946 99.23716968157763 99.37149735845666 99.48232287066378 99.46608514444215 99.30467780498756 99.05745125570331 98.85042664166384 98.7640863436401 98.81112577948653 98.89702382146224 98.95073836327191 98.94204833373395 98.9110177402298 98.94145026169991 99.09424102088771 99.32875020819317 99.5836214760565 99.74463013312528 99.791893715332 99.72481114044501 99.584997297329 99.39339605529867 99.07732012840236 98.58563091590732 97.88699419301638 97.00228456914704 95.99358094038155 94.92252275561043 93.69651730086179 92.1192653474913 90.04650289396808 87.42644184112298 84.38308215236239 80.89566038487983 76.99526517816885 72.69212353024778 68.0585812135017 63.09457114603296 57.69695763992785 51.793460564878835 45.60082319342709 39.3977767046781 33.452671774643235 27.848117383794744 22.718301500862005 18.135486685175298 14.120339050550731 10.57996508596074 7.473090221507113 4.87197243384033 2.9624137366095393 1.7547437177483032 1.0734922837809677 0.7019000702057735 0.5057817122819046 0.39223945964117884 0.3406294341478001 0.30966349731800125 0.309663818731933 0.3303084009630579 0.3922415593034959 0.5057855582681543 0.6193297110512864 0.6812631116881064 0.7019078732912064 0.712230415187665 0.7019085811832444 0.6812644986418148 0.6502981927861349 0.6090096289512879 0.5677210279117731 0.4748213568700787 0.35095501077704505 0.2270885886694386 0.1445109518844006 0.1135443407518449 0.09289993191778101 0.08257773001746013 0.07225552444143603 0.07225553354024762 0.061933321928018883 0.061933328669090425 0.06193333444383375 0.061933339971243354 0.06193334496265842 0.05161112436546429 0.05161112776021362 0.06193335700998908 0.06193336017765396 0.07225559039477983 0.08257782124649891 0.0929000524049312 0.11354451261492811 0.1445112026087178 0.2064445809501517 0.29934465042035574 0.4438558711839175 0.6399782470343477 0.8670673196744202 1.0838341680546877 1.2696343319463836 1.4347900375312275 1.5689790548988973 1.6825236111014128
72.67064653052904 74.57649124504357 76.38918484373723 78.10700007810237 79.72928251921189 81.25634866843563 82.68937355771158 84.0302731010061 85.28158578193741 86.44635747221905 87.52803234747986 88.53035206178924 89.45726460382322 90.31284361398764 91.10121840696421 91.82651452090757 92.4928042975944 93.10406677655277 93.66415604696604 94.1767771292569 94.64546843928866 95.07358990881869 95.46431588462495 95.82063199590628 96.14533525733135 96.50171693996694 96.86229015810082 97.17865865279664 97.45270799511893 97.6453497123039 97.79891304372676 97.91493767332558 98.01537740957149 98.09135596392393 98.1852858941704 98.28814776084624 98.42170078750647 98.5663798306942 98.71277537588703 98.86170035338358 98.97249952589468 99.04576455547507 99.09240097204784 99.06109372613558 98.73444585326945 97.80128059636277 95.98110625270591 93.27347718187374 89.81310100660052 85.85961967526077 81.60995753903673 77.21188060468094 72.76764904786816 68.3417419983266 64.00580929233203 59.959326779267585 56.44076694081906 53.75295590204249 51.90709909867859 50.778044797891695 49.99203321669857 49.20516352342514 47.959710403708264 46.026801100437794 43.29144726645616 39.93090015393492 36.163534544478956 32.156113299103524 28.02330303032724 23.837900244930672 19.631315083990675 15.528488038374904 11.706581048659858 8.47812701068439 6.020233845119377 4.374660739848786 3.3956337322122305 2.843634130600788 2.645766383882603 2.718721143020499 3.000005902189189 3.4062976906290916 3.7813419122832546 4.0522217725242875 4.177261136109006 4.198129271391575 4.1564908022135905 4.052343283274006 3.885689037701627 3.6252726797551436 3.2294253143557423 2.718979790019802 2.1460227892209875 1.6355669862266091 1.2605364120594584 1.052186411759661 0.937594365975825 0.916761030514872 0.9480163403004301 1.0417781481626787 1.2188826375012476 1.4897477413296245 1.896045387057053 2.4481935608283325 3.135775127947366 3.9171185112947784 4.708881179227281 5.469390970989555 6.125722607193733 6.677875990587385 7.115432413799189 7.459227953472731 7.688426073302777 7.803027055509562 7.813448279424775 7.750943819134786 7.698856801589902 7.761366996090565 8.063489589666707 8.688568649733636 9.719947741734442 11.178463262068828 13.012025393750713 15.158126791777 17.49175176300506 19.91913895916534 22.315272501761967 24.57597300498225 26.64915039816049 28.493132578146977 30.11833770935429 31.483093702207842 32.61865426444889 33.6187812950928 34.53556450174619 35.52527329540546 36.69208757866021 38.108933077612825 39.84873551605372 41.88024119926008 44.15136020353168 46.55791276264438 48.97488336935391 51.26683824879394 53.32959780613646 55.11107208517585 56.580007106409205 57.736402968134165 58.63234941594891 59.27826450836437 59.72623801964383
50.0 50.0 50.0 50.0 50.0 50.0 50.0 50.0 50.0 50.0 50.0 50.0 50.0 50.0 50.0 50.0 50.0 50.0 50.0 50.0 50.0 50.0 50.0 50.0 50.0 50.0 50.0 50.0 50.0 50.0 50.0 50.0 50.0 50.0 50.0 50.0 50.0 50.0 50.0 50.0 50.0 50.0 50.0 50.0 50.0 50.0 50.0 50.0 50.0 50.0 50.0 50.0 50.0 50.0 50.0 50.0 50.0 50.0 50.0 50.0 50.0 50.0 50.0 50.0 50.0 50.0 50.0 50.0 50.0 50.0 50.0 50.0 50.0 50.0 50.0 50.0 50.0 50.0 50.0 50.0 50.0 50.0 50.0 50.0 50.0 50.0 50.0 50.0 50.0 50.0 50.0 50.0 50.0 50.0 50.0 50.0 50.0 50.0 50.0 50.0 50.0 50.0 50.0 50.0 50.0 50.0 50.0 50.0 50.0 50.0 50.0 50.0 50.0 50.0 50.0 50.0 50.0 50.0 50.0 50.0 50.0 50.0 50.0 50.0 50.0 50.0 50.0 50.0 50.0 50.0 50.0 50.0 50.0 50.0 50.0 50.0 50.0 50.0 50.0 50.0 50.0 50.0 50.0 50.0 50.0 50.0 50.0 50.0 50.0 50.0 50.0
50.0 50.0 50.0 50.0 50.0 50.0 50.0 50.0 50.0 50.0 50.0 50.0 50.0 50.0 50.0 50.0 50.0 50.0 50.0 50.0 50.0 50.0 50.0 50.0 50.0 50.0 50.0 50.0 50.0 50.0 50.0 50.0 50.0 50.0 50.0 50.0 50.0 50.0 50.0 50.0 50.0 50.0 50.0 50.0 50.0 50.0 50.0 50.0 50.0 50.0 50.0 50.0 50.0 50.0 50.0 50.0 50.0 50.0 50.0 50.0 50.0 50.0 50.0 50.0 50.0 50.0 50.0 50.0 50.0 50.0 50.0 50.0 50.0 50.0 50.0 50.0 50.0 50.0 50.0 50.0 50.0 50.0 50.0 50.0 50.0 50.0 50.0 50.0 50.0 50.0 50.0 50.0 50.0 50.0 50.0 50.0 50.0 50.0 50.0 50.0 50.0 50.0 50.0 50.0 50.0 50.0 50.0 50.0 50.0 50.0 50.0 50.0 50.0 50.0 50.0 50.0 50.0 50.0 50.0 50.0 50.0 50.0 50.0 50.0 50.0 50.0 50.0 50.0 50.0 50.0 50.0 50.0 50.0 50.0 50.0 50.0 50.0 50.0 50.0 50.0 50.0 50.0 50.0 50.0 50.0 50.0 50.0 50.0 50.0 50.0 50.0
50.0 50.0 50.0 50.0 50.0 50.0 50.0 50.0 50.0 50.0 50.0 50.0 50.0 50.0 50.0 50.0 50.0 50.0 50.0 50.0 50.0 50.0 50.0 50.0 50.0 50.0 50.0 50.0 50.0 50.0 50.0 50.0 50.0 50.0 50.0 50.0 50.0 50.0 50.0 50.0 50.0 50.0 50.0 50.0 50.0 50.0 50.0 50.0 50.0 50.0 50.0 50.0 50.0 50.0 50.0 50.0 50.0 50.0 50.0 50.0 50.0 50.0 50.0 50.0 50.0 50.0 50.0 50.0 50.0 50.0 50.0 50.0 50.0 50.0 50.0 50.0 50.0 50.0 50.0 50.0 50.0 50.0 50.0 50.0 50.0 50.0 50.0 50.0 50.0 50.0 50.0 50.0 50.0 50.0 50.0 50.0 50.0 50.0 50.0 50.0 50.0 50.0 50.0 50.0 50.0 50.0 50.0 50.0 50.0 50.0 50.0 50.0 50.0 50.0 50.0 50.0 50.0 50.0 50.0 50.0 50.0 50.0 50.0 50.0 50.0 50.0 50.0 50.0 50.0 50.0 50.0 50.0 50.0 50.0 50.0 50.0 50.0 50.0 50.0 50.0 50.0 50.0 50.0 50.0 50.0 50.0 50.0 50.0 50.0 50.0 50.0
50.0 50.0 50.0 50.0 50.0 50.0 50.0 50.0 50.0 50.0 50.0 50.0 50.0 50.0 50.0 50.0 50.0 50.0 50.0 50.0 50.0 50.0 50.0 50.0 50.0 50.0 50.0 50.0 50.0 50.0 50.0 50.0 50.0 50.0 50.0 50.0 50.0 50.0 50.0 50.0 50.0 50.0 50.0 50.0 50.0 50.0 50.0 50.0 50.0 50.0 50.0 50.0 50.0 50.0 50.0 50.0 50.0 50.0 50.0 50.0 50.0 50.0 50.0 50.0 50.0 50.0 50.0 50.0 50.0 50.0 50.0 50.0 50.0 50.0 50.0 50.0 50.0 50.0 50.0 50.0 50.0 50.0 50.0 50.0 50.0 50.0 50.0 50.0 50.0 50.0 50.0 50.0 50.0 50.0 50.0 50.0 50.0 50.0 50.0 50.0 50.0 50.0 50.0 50.0 50.0 50.0 50.0 50.0 50.0 50.0 50.0 50.0 50.0 50.0 50.0 50.0 50.0 50.0 50.0 50.0 50.0 50.0 50.0 50.0 50.0 50.0 50.0 50.0 50.0 50.0 50.0 50.0 50.0 50.0 50.0 50.0 50.0 50.0 50.0 50.0 50.0 50.0 50.0 50.0 50.0 50.0 50.0 50.0 50.0 50.0 50.0
50.0 50.0 50.0 50.0 50.0 50.0 50.0 50.0 50.0 50.0 50.0 50.0 50.0 50.0 50.0 50.0 50.0 50.0 50.0 50.0 50.0 50.0 50.0 50.0 50.0 50.0 50.0 50.0 50.0 50.0 50.0 50.0 50.0 50.0 50.0 50.0 50.0 50.0 50.0 50.0 50.0 50.0 50.0 50.0 50.0 50.0 50.0 50.0 50.0 50.0 50.0 50.0 50.0 50.0 50.0 50.0 50.0 50.0 50.0 50.0 50.0 50.0 50.0 50.0 50.0 50.0 50.0 50.0 50.0 50.0 50.0 50.0 50.0 50.0 50.0 50.0 50.0 50.0 50.0 50.0 50.0 50.0 50.0 50.0 50.0 50.0 50.0 50.0 50.0 50.0 50.0 50.0 50.0 50.0 50.0 50.0 50.0 50.0 50.0 50.0 50.0 50.0 50.0 50.0 50.0 50.0 50.0 50.0 50.0 50.0 50.0 50.0 50.0 50.0 50.0 50.0 50.0 50.0 50.0 50.0 50.0 50.0 50.0 50.0 50.0 50.0 50.0 50.0 50.0 50.0 50.0 50.0 50.0 50.0 50.0 50.0 50.0 50.0 50.0 50.0 50.0 50.0 50.0 50.0 50.0 50.0 50.0 50.0 50.0 50.0 50.0