4 151 9
300.0440999999999 302.0443999999999 304.0446999999999 306.0449999999999 308.0452999999999 310.0455999999999 312.0458999999999 314.0461999999999 316.04649999999987 318.0467999999999 320.0470999999999 322.04739999999987 324.0476999999999 326.0479999999999 328.04829999999987 330.0485999999999 332.0488999999999 334.04919999999987 336.0494999999999 338.0497999999999 340.0500999999999 342.05039999999985 344.0506999999999 346.0509999999999 348.05129999999986 350.0515999999999 352.0518999999999 354.05219999999986 356.0524999999999 358.0527999999999 360.05309999999986 362.0533999999999 364.0536999999999 366.05399999999986 368.0542999999999 370.0545999999999 372.05489999999986 374.0551999999999 376.0554999999999 378.05579999999986 380.05609999999984 382.0563999999999 384.05669999999986 386.05699999999985 388.0572999999999 390.05759999999987 392.05789999999985 394.0581999999999 396.05849999999987 398.05879999999985 399.99 402.04 403.99 406.05 407.99 410.06 412.01 413.96 416.02 417.97 420.04 422.0 423.95 426.02 427.98 430.05 432.01 433.96 436.03 437.99 440.06 442.01 443.96 446.03 447.98 450.04 451.98 454.04 455.99 458.04 459.98 462.03 463.97 466.02 467.95 470.0 472.05 473.98 476.02 477.96 480.0 482.05 483.98 486.03 487.96 490.01 492.06 493.99 496.05 497.98 500.04 501.98 504.04 505.98 508.04 509.99 512.05 514.0 515.95 518.01 519.96 522.03 523.98 526.04 527.99 530.05 532.0 534.06 536.0 538.06 540.0 542.05 543.99 546.04 547.98 550.03 551.96 554.0 556.04 557.97 560.01 562.05 563.98 566.01 568.05 569.98 572.01 574.05 575.97 578.01 580.05 581.98 584.02 585.95 588.0 590.04 591.97 594.02 595.96 598.01 599.95
0.0 13.54 26.89 39.77 50.0 60.0 70.0 80.0 90.0
72.75349827254115 74.66151583898615 76.47627608810272 78.19604980214868 79.82018180608307 81.34898896211865 82.78364764184633 84.12607594356437 85.37881524501394 86.54491489050437 87.62782298236618 88.63128544052536 89.55925475475647 90.41580920981926 91.20508282822364 91.93120585164674 92.59825526473864 93.21021464352694 93.7709424712388 94.28414799238755 94.75337365698137 95.18198322743298 95.57315466959038 96.0292862155466 96.3746457470999 96.67105250717732 96.9508572039181 97.2163962924239 97.45974265962215 97.66261083222628 97.79629126103276 97.86216375374974 97.9021415447573 97.96845113265474 98.1440104127427 98.44061522860773 98.7576749898566 99.00425997982295 99.14014514074279 99.20678253652068 99.29690590404316 99.39571598584232 99.45291476607296 99.50472634747864 99.46460123145299 99.32229623460316 99.25798857571874 99.31325019525528 99.4268952557291 99.47594085231592 99.37751461121125 99.18551511056003 99.02095446617456 99.03030871706598 99.21168237308605 99.46457240812526 99.63279346507856 99.59389305106387 99.39999841863987 99.1734487342823 99.08030890599993 99.1608063359791 99.34348317627264 99.46408560183663 99.39824557907146 99.11579541436468 98.71913958452679 98.37345794912714 98.20270367557706 98.24766409914699 98.41609719643334 98.58401029528065 98.65891464225267 98.64097543728022 98.61233584208162 98.696944246862 98.94611038171792 99.31887209642836 99.70169392844856 99.95048421491109 99.95174175106011 99.7365292366741 99.40777808412862 99.08928135639151 98.83246920591932 98.54470335868272 98.04043073706089 97.1444174359728 95.77428826032326 94.05365656042673 92.1990043193006 90.4679677351633 89.01512674666175 87.78900057766879 86.47006224248611 84.57394977956758 81.89451703760064 78.51420292083165 74.74222322868954 70.76407408649732 66.35303419910373 61.189588543773006 55.18099075365616 48.419989093542554 41.174561709017 33.88788471048456 27.064985864636657 21.035675197595427 15.90302392839785 11.52274390378485 7.760851189719467 4.761640664100007 2.7312455123395574 1.5356821958530724 0.906980471571406 0.577169623771733 0.40195755536398287 0.2988916141697326 0.2473586468042527 0.20613226136805898 0.18551907794468778 0.1649058833750407 0.16490591447577171 0.17521256573514432 0.2061324621214874 0.3195053634970123 0.4225716629989039 0.4431849682704963 0.4534916447994245 0.4431850578316701 0.4431850973849312 0.43287850210031253 0.42257190027242664 0.40195866328354785 0.38134542126801474 0.3298122731004882 0.20613268073218072 0.092759710432297 0.06183980928641715 0.04122654102020114 0.03091990677829795 0.030919907646210946 0.030919908476950905 0.030919909188604724 0.03091990987294903 0.03091991048776129 0.03091991101444053 0.0206132743472724 0.02061327463645221 0.02061327491303113 0.02061327514990996
72.7214846066433 74.6286625895858 76.44262429114549 78.16164125448655 79.7850585928642 81.31319302906256 82.74722041703464 84.0890580110594 85.3412460705975 86.50683259815766 87.58926417880454 88.59228508414992 89.51984606475729 90.3760236108219 91.16494992576293 91.89075343383041 92.55750932568202 93.16919942445547 93.7296805155325 94.24266021125044 94.7116794028359 95.14010037254782 95.53109968783633 95.89760676329259 96.27244779451608 96.61857056644484 96.89822959045621 97.1032806960588 97.2354616476578 97.32672479813108 97.44964492075314 97.66701433120211 97.9910367147145 98.34222072099477 98.63026996672103 98.8051155441828 98.90826453340956 99.0222115580128 99.1683396242983 99.26289004173849 99.28418825764973 99.19361901764255 99.0764335859383 99.05625427473012 99.14401459538067 99.26846420257947 99.28628434480669 99.15664040003756 98.97222605036461 98.86695247246195 98.95343887305783 99.19326605926112 99.44015486967714 99.54218885524553 99.45611313199593 99.24592078807535 99.084733159571 99.08693856963805 99.24303031705297 99.41803092142145 99.44848416362386 99.26124587182653 98.89805811741068 98.50361200282617 98.26258647202503 98.22728773874063 98.35597161398111 98.53568698051868 98.64311343508639 98.62627215950137 98.58865198475169 98.6226271926812 98.82119356369509 99.17423307249544 99.5578083337094 99.8279403331855 99.88134166751577 99.70794550610262 99.4106144060515 99.10289351176607 98.84648610875075 98.56940561214378 98.05510143754873 97.1490957484804 95.7585223280605 94.03808159373688 92.20416617674168 90.52472883543066 89.11322567582991 87.8768508882544 86.42399563862045 84.3629735096772 81.45670039601343 77.93196812946822 73.98457813878954 69.75886212400637 65.10020013642499 59.68906277157764 53.47393218433405 46.57847954256878 39.311936762035074 32.11751014686429 25.459039638972094 19.65605256702592 14.677636488961072 10.472257128602044 6.96776854447912 4.246631773141339 2.4222311543346033 1.3811881433072624 0.8142830754989181 0.5256767340358528 0.3607587290050107 0.2679923307657117 0.2267628371109758 0.18553330518886266 0.17522595985610812 0.16491860488060184 0.17522606696139456 0.20614836977442985 0.2783003632706392 0.38137465586999114 0.4432192782494657 0.4535267851316637 0.4535268551958019 0.4535269222069447 0.4432195479694141 0.4329121688010741 0.4226047822085694 0.3916825175923359 0.3504528101755214 0.26799334702681854 0.15461155703605867 0.08245950250971551 0.05153719214560163 0.041229755825232535 0.04122975783426464 0.03092231974341058 0.030922320909277923 0.03092232203130787 0.03092232304453415 0.030922323912514968 0.030922324743319848 0.03092232545502928 0.030922326139427064 0.03092232675428737 0.030922327281007765 0.020614885191676938 0.03092232822131902 0.030922328636219822 0.030922328991565832
72.78051192937843 74.68923795016589 76.50467202682032 78.22508429953427 79.84981934999774 81.3791941580757 82.81438553215037 84.15731228271736 85.41051673114129 86.57704935396491 87.6603595338125 88.66419458148474 89.59250845433095 90.44938095139395 91.23894763016222 91.96534026588772 92.63263735702076 93.24482395870622 93.80575998684111 94.31915606319565 94.7885559531035 95.21732466795542 95.60864135359051 96.11483554940149 96.5803915251216 96.957594438992 97.25831071125423 97.49443706271836 97.66777361041413 97.79013109217196 97.86315323917759 97.93914108618462 98.0706003941702 98.23888303569395 98.38427129641852 98.43641156155483 98.40631842039072 98.38683733351046 98.46084191812396 98.66013703383798 98.90370769411476 99.09995210968754 99.1569806880862 99.1161981203946 99.10128607146603 99.16415322364432 99.30531533353609 99.42235204258411 99.41266202181973 99.2558523508837 99.01303051231426 98.81031724341948 98.72780915501878 98.77830312837517 98.86713735192853 98.92450038922621 98.91764025336165 98.88888126489937 98.92142681469817 99.07600692745287 99.31271273922974 99.56867223310263 99.73101617476841 99.77961161569242 99.71368237323291 99.57524637034885 99.38434778769987 99.06911977299555 98.57827321834564 97.8803852049599 96.99653868636474 95.98827956814655 94.91776739010793 93.69229427625501 92.11550751430515 90.04318905716698 87.42351520934335 84.38053956000952 80.89345427348859 76.9933699677866 72.69049962882224 68.0572089255825 63.09341915950656 57.69600682187966 51.7926644872883 45.600207308264984 39.39729752414159 33.45230148707496 27.84783902258882 22.718090273369263 18.135338118357065 14.120234644788376 10.579894053673694 7.473044936110183 4.871944898120456 2.962399024271466 1.754735834222153 1.0734879045553731 0.7018974870993214 0.505780018319879 0.39223827452675575 0.34062850010822154 0.30966273129566746 0.3096631219525455 0.3303077304725347 0.3922408370604485 0.5057847389746823 0.6193287778476251 0.6812621805244528 0.7019070058581247 0.7122296167648383 0.7019078732912064 0.681263875396897 0.6502976560962411 0.6090091730282888 0.567720644495832 0.47482106663998724 0.3509548172545507 0.22708847502482027 0.14451088679054797 0.1135442943347193 0.0928998976399718 0.0825777023649781 0.07225550260271857 0.07225551376527761 0.061933306664088014 0.061933314463069385 0.061933321928018883 0.061933328669090425 0.06193333444383375 0.0516111166427028 0.05161112080221535 0.06193334923855715 0.06193335331225634 0.07225558317832059 0.08257781357020529 0.09290004479328834 0.11354450421393601 0.14451119262989298 0.20644456839077838 0.2993446339752011 0.4438558490428261 0.6399782181400709 0.8670672832430015 1.0838341280420405 1.2696342895232582 1.4347899939009674 1.5689790118361815 1.6825235691912954 1.785745898009929 1.8786459952175287
72.67064653052904 74.57649124504357 76.38918484373723 78.10700007810237 79.72928251921189 81.25634866843563 82.68937355771158 84.0302731010061 85.28158578193741 86.44635747221905 87.52803234747986 88.53035206178924 89.45726460382322 90.31284361398764 91.10121840696421 91.82651452090757 92.4928042975944 93.10406677655277 93.66415604696604 94.1767771292569 94.64546843928866 95.07358990881869 95.46431588462495 95.88092182308493 96.29657057914973 96.66353076002976 96.98398919295552 97.21932768759588 97.41194559503732 97.56365521348583 97.69660222351153 97.80220328831338 97.92299722351159 98.05024044219537 98.20586981154864 98.37057832821041 98.53516114263773 98.70059612249257 98.82644024861129 98.91340626361026 98.97249952589468 98.95256937711656 98.63651790609529 97.71346478260295 95.90309042071246 93.20484867357594 89.7532849321021 85.80786100757038 81.56612492249725 77.17391758807321 72.73501754943564 68.31401175739944 63.982299219971516 59.9394097502061 56.42371066150492 53.73870266164059 51.89429410153096 50.766680574151245 49.98191599257283 49.1961093993921 47.95196690179686 46.01989167274435 43.28553849763815 39.92598557344016 36.15949888321362 32.15296471325972 28.02075193181482 23.835927247942994 19.629849948779952 15.527439609083283 11.705887615069239 8.477658794927681 6.019932247442525 4.374463568166393 3.3954952136832475 2.8435294809017106 2.645677815895419 2.718639223761193 2.9999240888117704 3.4062138458532685 3.7812574392176237 4.052140066222376 4.177184867288113 4.198060088244956 4.156426915978788 4.052288552286161 3.8856417775079426 3.6252325516178763 3.229393034014757 2.7189545098163577 2.146005208894461 1.6355548928471606 1.260527949008444 1.0521800357253983 0.9375890668210849 0.916756477572774 0.9480120811533341 1.0417738983123546 1.2188781518148388 1.4897427518726307 1.8960396583352739 2.448186847639593 3.135767370902049 3.9171096973253317 4.708871620705015 5.4693809000791465 6.125712684481508 6.677865928389152 7.11542268828796 7.459218735195894 7.688417454441876 7.80301918596519 7.813441131405262 7.7509374222952125 7.698851037993212 7.761361754375558 8.063484660934485 8.688563858710781 9.719942877466458 11.178458226815575 13.012020074411916 15.158121198797897 17.491745905610443 19.91913293874751 22.315266394494845 24.575966948049707 26.649144285484176 28.49312682010447 30.118332213089126 31.48308835508598 32.61864938360023 33.61877676274809 34.53556016820443 35.52526935738037 36.69208391407242 38.10892953507131 39.848732251100316 41.880238100602405 44.15135715478057 46.5579099302222 48.974880678811324 51.26683569142381 53.32959539836688 55.1110697695834 56.580005017606396 57.73640103894983 58.63234763300884 59.27826288139361 59.726236531918104 60.00752259546201 60.19504679530822
50.0 50.0 50.0 50.0 50.0 50.0 50.0 50.0 50.0 50.0 50.0 50.0 50.0 50.0 50.0 50.0 50.0 50.0 50.0 50.0 50.0 50.0 50.0 50.0 50.0 50.0 50.0 50.0 50.0 50.0 50.0 50.0 50.0 50.0 50.0 50.0 50.0 50.0 50.0 50.0 50.0 50.0 50.0 50.0 50.0 50.0 50.0 50.0 50.0 50.0 50.0 50.0 50.0 50.0 50.0 50.0 50.0 50.0 50.0 50.0 50.0 50.0 50.0 50.0 50.0 50.0 50.0 50.0 50.0 50.0 50.0 50.0 50.0 50.0 50.0 50.0 50.0 50.0 50.0 50.0 50.0 50.0 50.0 50.0 50.0 50.0 50.0 50.0 50.0 50.0 50.0 50.0 50.0 50.0 50.0 50.0 50.0 50.0 50.0 50.0 50.0 50.0 50.0 50.0 50.0 50.0 50.0 50.0 50.0 50.0 50.0 50.0 50.0 50.0 50.0 50.0 50.0 50.0 50.0 50.0 50.0 50.0 50.0 50.0 50.0 50.0 50.0 50.0 50.0 50.0 50.0 50.0 50.0 50.0 50.0 50.0 50.0 50.0 50.0 50.0 50.0 50.0 50.0 50.0 50.0 50.0 50.0 50.0 50.0 50.0 50.0
50.0 50.0 50.0 50.0 50.0 50.0 50.0 50.0 50.0 50.0 50.0 50.0 50.0 50.0 50.0 50.0 50.0 50.0 50.0 50.0 50.0 50.0 50.0 50.0 50.0 50.0 50.0 50.0 50.0 50.0 50.0 50.0 50.0 50.0 50.0 50.0 50.0 50.0 50.0 50.0 50.0 50.0 50.0 50.0 50.0 50.0 50.0 50.0 50.0 50.0 50.0 50.0 50.0 50.0 50.0 50.0 50.0 50.0 50.0 50.0 50.0 50.0 50.0 50.0 50.0 50.0 50.0 50.0 50.0 50.0 50.0 50.0 50.0 50.0 50.0 50.0 50.0 50.0 50.0 50.0 50.0 50.0 50.0 50.0 50.0 50.0 50.0 50.0 50.0 50.0 50.0 50.0 50.0 50.0 50.0 50.0 50.0 50.0 50.0 50.0 50.0 50.0 50.0 50.0 50.0 50.0 50.0 50.0 50.0 50.0 50.0 50.0 50.0 50.0 50.0 50.0 50.0 50.0 50.0 50.0 50.0 50.0 50.0 50.0 50.0 50.0 50.0 50.0 50.0 50.0 50.0 50.0 50.0 50.0 50.0 50.0 50.0 50.0 50.0 50.0 50.0 50.0 50.0 50.0 50.0 50.0 50.0 50.0 50.0 50.0 50.0
50.0 50.0 50.0 50.0 50.0 50.0 50.0 50.0 50.0 50.0 50.0 50.0 50.0 50.0 50.0 50.0 50.0 50.0 50.0 50.0 50.0 50.0 50.0 50.0 50.0 50.0 50.0 50.0 50.0 50.0 50.0 50.0 50.0 50.0 50.0 50.0 50.0 50.0 50.0 50.0 50.0 50.0 50.0 50.0 50.0 50.0 50.0 50.0 50.0 50.0 50.0 50.0 50.0 50.0 50.0 50.0 50.0 50.0 50.0 50.0 50.0 50.0 50.0 50.0 50.0 50.0 50.0 50.0 50.0 50.0 50.0 50.0 50.0 50.0 50.0 50.0 50.0 50.0 50.0 50.0 50.0 50.0 50.0 50.0 50.0 50.0 50.0 50.0 50.0 50.0 50.0 50.0 50.0 50.0 50.0 50.0 50.0 50.0 50.0 50.0 50.0 50.0 50.0 50.0 50.0 50.0 50.0 50.0 50.0 50.0 50.0 50.0 50.0 50.0 50.0 50.0 50.0 50.0 50.0 50.0 50.0 50.0 50.0 50.0 50.0 50.0 50.0 50.0 50.0 50.0 50.0 50.0 50.0 50.0 50.0 50.0 50.0 50.0 50.0 50.0 50.0 50.0 50.0 50.0 50.0 50.0 50.0 50.0 50.0 50.0 50.0
50.0 50.0 50.0 50.0 50.0 50.0 50.0 50.0 50.0 50.0 50.0 50.0 50.0 50.0 50.0 50.0 50.0 50.0 50.0 50.0 50.0 50.0 50.0 50.0 50.0 50.0 50.0 50.0 50.0 50.0 50.0 50.0 50.0 50.0 50.0 50.0 50.0 50.0 50.0 50.0 50.0 50.0 50.0 50.0 50.0 50.0 50.0 50.0 50.0 50.0 50.0 50.0 50.0 50.0 50.0 50.0 50.0 50.0 50.0 50.0 50.0 50.0 50.0 50.0 50.0 50.0 50.0 50.0 50.0 50.0 50.0 50.0 50.0 50.0 50.0 50.0 50.0 50.0 50.0 50.0 50.0 50.0 50.0 50.0 50.0 50.0 50.0 50.0 50.0 50.0 50.0 50.0 50.0 50.0 50.0 50.0 50.0 50.0 50.0 50.0 50.0 50.0 50.0 50.0 50.0 50.0 50.0 50.0 50.0 50.0 50.0 50.0 50.0 50.0 50.0 50.0 50.0 50.0 50.0 50.0 50.0 50.0 50.0 50.0 50.0 50.0 50.0 50.0 50.0 50.0 50.0 50.0 50.0 50.0 50.0 50.0 50.0 50.0 50.0 50.0 50.0 50.0 50.0 50.0 50.0 50.0 50.0 50.0 50.0 50.0 50.0
50.0 50.0 50.0 50.0 50.0 50.0 50.0 50.0 50.0 50.0 50.0 50.0 50.0 50.0 50.0 50.0 50.0 50.0 50.0 50.0 50.0 50.0 50.0 50.0 50.0 50.0 50.0 50.0 50.0 50.0 50.0 50.0 50.0 50.0 50.0 50.0 50.0 50.0 50.0 50.0 50.0 50.0 50.0 50.0 50.0 50.0 50.0 50.0 50.0 50.0 50.0 50.0 50.0 50.0 50.0 50.0 50.0 50.0 50.0 50.0 50.0 50.0 50.0 50.0 50.0 50.0 50.0 50.0 50.0 50.0 50.0 50.0 50.0 50.0 50.0 50.0 50.0 50.0 50.0 50.0 50.0 50.0 50.0 50.0 50.0 50.0 50.0 50.0 50.0 50.0 50.0 50.0 50.0 50.0 50.0 50.0 50.0 50.0 50.0 50.0 50.0 50.0 50.0 50.0 50.0 50.0 50.0 50.0 50.0 50.0 50.0 50.0 50.0 50.0 50.0 50.0 50.0 50.0 50.0 50.0 50.0 50.0 50.0 50.0 50.0 50.0 50.0 50.0 50.0 50.0 50.0 50.0 50.0 50.0 50.0 50.0 50.0 50.0 50.0 50.0 50.0 50.0 50.0 50.0 50.0 50.0 50.0 50.0 50.0 50.0 50.0