4 151 9
300.0440999999999 302.0443999999999 304.0446999999999 306.0449999999999 308.0452999999999 310.0455999999999 312.0458999999999 314.0461999999999 316.04649999999987 318.0467999999999 320.0470999999999 322.04739999999987 324.0476999999999 326.0479999999999 328.04829999999987 330.0485999999999 332.0488999999999 334.04919999999987 336.0494999999999 338.0497999999999 340.0500999999999 342.05039999999985 344.0506999999999 346.0509999999999 348.05129999999986 350.0515999999999 352.0518999999999 354.05219999999986 356.0524999999999 358.0527999999999 360.05309999999986 362.0533999999999 364.0536999999999 366.05399999999986 368.0542999999999 370.0545999999999 372.05489999999986 374.0551999999999 376.0554999999999 378.05579999999986 380.05609999999984 382.0563999999999 384.05669999999986 386.05699999999985 388.0572999999999 390.05759999999987 392.05789999999985 394.0581999999999 396.05849999999987 398.05879999999985 399.99 402.04 403.99 406.05 407.99 410.06 412.01 413.96 416.02 417.97 420.04 422.0 423.95 426.02 427.98 430.05 432.01 433.96 436.03 437.99 440.06 442.01 443.96 446.03 447.98 450.04 451.98 454.04 455.99 458.04 459.98 462.03 463.97 466.02 467.95 470.0 472.05 473.98 476.02 477.96 480.0 482.05 483.98 486.03 487.96 490.01 492.06 493.99 496.05 497.98 500.04 501.98 504.04 505.98 508.04 509.99 512.05 514.0 515.95 518.01 519.96 522.03 523.98 526.04 527.99 530.05 532.0 534.06 536.0 538.06 540.0 542.05 543.99 546.04 547.98 550.03 551.96 554.0 556.04 557.97 560.01 562.05 563.98 566.01 568.05 569.98 572.01 574.05 575.97 578.01 580.05 581.98 584.02 585.95 588.0 590.04 591.97 594.02 595.96 598.01 599.95
0.0 13.54 26.89 39.77 50.0 60.0 70.0 80.0 90.0
72.75349827254115 74.66151583898615 76.47627608810272 78.19604980214868 79.82018180608307 81.34898896211865 82.78364764184633 84.12607594356437 85.37881524501394 86.54491489050437 87.62782298236618 88.63128544052536 89.55925475475647 90.41580920981926 91.20508282822364 91.93120585164674 92.59825526473864 93.21021464352694 93.7709424712388 94.28414799238755 94.75337365698137 95.18198322743298 95.57315466959038 95.92987701656571 96.25495047190168 96.5509891010413 96.82042554256543 97.06551725006628 97.28835384973142 97.49086526647186 97.77604777288101 97.96355430881994 98.11539172341513 98.26335305115659 98.40874163701197 98.54255228486599 98.64542716748748 98.68762611421121 98.6698990408795 98.63386515773907 98.6314456623932 98.74536067451787 98.98668974539048 99.25362588556406 99.45434080219454 99.54812204249498 99.57632063094815 99.63169359161986 99.69903730109289 99.72760374598393 99.75261431821274 99.68941249162974 99.52495641577907 99.44182049232906 99.47921024507322 99.57777574971753 99.61220817717255 99.5012475691559 99.29704658185204 99.12196750051244 99.1214979764244 99.2946821779531 99.53916285493213 99.70097842246852 99.65575398730739 99.45572695132937 99.2239123946741 99.12550134951317 99.20203878431929 99.380973982841 99.49793243571575 99.42889834337983 99.14319338775512 98.7440162556624 98.39594513647204 98.22293511809234 98.26599756301418 98.43264850229131 98.59904987156547 98.67263494770323 98.65326567511069 98.62353634996602 98.70699756269792 98.95530728903495 99.32714684115228 99.70926636637266 99.95733603687098 99.95795721530874 99.74212437139875 99.41283927042255 99.09383261011351 98.8366154682406 98.54841286923464 98.04376173930065 97.14741438589678 95.77695775061194 94.05604863895589 92.20111043971643 90.4698339080856 89.01679404093757 87.7904854470279 86.47139091835196 84.57512329557386 81.89553710883123 78.51509664562991 74.74298659380597 70.76473455696697 66.35358986875029 61.190053832079094 55.18136928520938 48.42029068964416 41.17479318848383 33.88805752668855 27.065110377920593 21.035762982695907 15.903084454996142 11.522783253767509 7.760875361027885 4.761653950981865 2.7312524631267814 1.53568570076436 0.9069823585627237 0.5771707006652009 0.4019582390394487 0.29889207007615665 0.24735899109446113 0.2061325185360507 0.18551928904346357 0.1649060526543362 0.1649060680303889 0.17521271291962398 0.2061326200477679 0.3195055831328104 0.4225719280673195 0.44318521931147653 0.4534918755131712 0.4431852635741885 0.4431852831765301 0.43287866500492006 0.4225720454570616 0.4019587881178734 0.38134552763660173 0.3298123570874764 0.20613272792403153 0.09275972961884711 0.06183982097552258 0.041226548019254045 0.030919911520908595 0.03091991195467831 0.03091991236954669 0.030919912724864933
72.7214846066433 74.6286625895858 76.44262429114549 78.16164125448655 79.7850585928642 81.31319302906256 82.74722041703464 84.0890580110594 85.3412460705975 86.50683259815766 87.58926417880454 88.59228508414992 89.51984606475729 90.3760236108219 91.16494992576293 91.89075343383041 92.55750932568202 93.16919942445547 93.7296805155325 94.24266021125044 94.7116794028359 95.14010037254782 95.53109968783633 95.88766506655165 96.21259548006503 96.50850384355432 96.7778217251683 97.02280558515355 97.24554413020111 97.44796643599858 97.64197308669209 97.85967144003651 98.06212566248144 98.21001297855703 98.29423869386311 98.31577943748441 98.30616098331969 98.3378203702279 98.47313889291146 98.72342473292696 99.00774470985593 99.23459964933753 99.35321203465224 99.40497167433054 99.47237398961086 99.57643255067434 99.63263713256754 99.61893306663534 99.4963236029104 99.35008272471872 99.30302500373988 99.36810126123183 99.47101454326862 99.4701686669265 99.32233874288926 99.12241658300879 99.00238557331747 99.07664382277366 99.30480624628862 99.54159553779195 99.63384946495401 99.53931742593936 99.32034726371499 99.15254304498639 99.14848462032089 99.298670845697 99.468619035612 99.4938445389867 99.30252008432865 98.93538082694651 98.53713199521117 98.2928890179695 98.25444010738609 98.380756768819 98.55821125179554 98.66343560957137 98.64467627336576 98.60523231032454 98.63767266020308 98.83493643696305 99.18658975191504 99.56911622949822 99.83810885279952 99.89062550331764 99.71625266644983 99.41816473621064 99.1096872295493 98.85263284306221 98.57493527222267 98.06009375449827 97.15355788785172 95.76253963083822 94.04162146187859 92.20729888721368 90.52752156491901 89.1157095041606 87.87908587130455 86.42596983935046 84.36471374879996 81.4582261174864 77.93328627628401 73.98571496604362 69.75983007148305 65.10101101905386 59.689742210374696 53.47447832990886 46.57891427884784 39.31226597757541 32.117754369815415 25.459214283350278 19.65617499970173 14.677719005236362 10.472310533402599 6.967800599908505 4.2466494949873645 2.422240373299041 1.381192860042264 0.8142856115979716 0.5256782008841837 0.3607596471052522 0.26799294240876365 0.2267633088956704 0.18553365136024147 0.17522625789177915 0.16491885643483706 0.17522631085268317 0.2061486269625182 0.2783006799435476 0.3813750473589529 0.44321969095974856 0.4535271661094983 0.45352720266076985 0.45352723397243877 0.4432198259897208 0.4329124140230536 0.4226049972086335 0.3916826994255141 0.35045295709198654 0.2679934478804087 0.15461161015653938 0.08245952811875773 0.05153720652085828 0.041229766324426466 0.04122976727337237 0.030922326139427064 0.03092232675428737 0.030922327281007765 0.030922327787515407 0.03092232822131902 0.030922328636219822 0.030922328991565832
72.78051192937843 74.68923795016589 76.50467202682032 78.22508429953427 79.84981934999774 81.3791941580757 82.81438553215037 84.15731228271736 85.41051673114129 86.57704935396491 87.6603595338125 88.66419458148474 89.59250845433095 90.44938095139395 91.23894763016222 91.96534026588772 92.63263735702076 93.24482395870622 93.80575998684111 94.31915606319565 94.7885559531035 95.21732466795542 95.60864135359051 95.96549615296053 96.29069030933462 96.58683885876849 96.85637534309117 97.10155805409613 97.32447739385732 97.52706400387433 97.86315323917759 98.17269217431135 98.40621481012037 98.57496878524589 98.69019253801186 98.75289452757934 98.77423071275068 98.75509748572571 98.74751172926126 98.8035830737667 98.90370769411476 98.98709369026456 98.98246275955348 98.90050483951084 98.83411130603074 98.86602338293464 99.0276389132787 99.23716968157763 99.40237085597896 99.43085229798649 99.3631181825949 99.32527616171956 99.36649072509506 99.48923490222077 99.58849440994761 99.56352091684987 99.39181818704805 99.13630965838952 98.92142681469817 98.82852314661827 98.86926033551356 98.9498489128223 98.99868582536222 98.98533578664161 98.95030429588766 98.97688703658586 99.12642100531717 99.35801118662228 99.61007427777986 99.76865323073552 99.81356582055385 99.7444324129977 99.60277134695822 99.40939208758282 99.09176598166681 98.59858203463305 97.89865013290415 97.01285125539253 96.00292315029229 94.93096742140769 93.70396792987039 92.12597010460259 90.05236089754536 87.43164110700226 84.38756971862679 80.89959820782727 76.99864802989161 72.69501986222431 68.06102687729825 63.096631458930624 57.698656847817865 51.79483731545912 45.60192383329793 39.39863607891238 33.45333350595 27.848615217715732 22.718668065429174 18.135752387536446 14.120525916939288 10.580092219956652 7.473171335720294 4.872019759123653 2.9624401293952194 1.7547576910644245 1.0735001240357378 0.7019046557923816 0.5057847389746823 0.3922415593034959 0.3406310902622264 0.3096648555256432 0.309665050767321 0.33030958743115596 0.39224283734972853 0.505787065852632 0.6193313624016497 0.6812647733949985 0.7019094028591116 0.712231835016588 0.701909831894899 0.6812656091554404 0.650299140280665 0.6090104400842595 0.5677217037592245 0.4748218742464363 0.35095535257420557 0.22708879110165608 0.14451106708049524 0.1135444235347013 0.09289999300363563 0.082577779258445 0.07225556329978391 0.07225556912310149 0.06193334923855715 0.06193335331225634 0.06193335700998908 0.06193336017765396 0.06193336319552556 0.05161113827906182 0.05161114022496178 0.06193337051723351 0.06193337254659335 0.0722556033325531 0.08257783459871884 0.09290006606175018 0.11354452769964235 0.14451121994573674 0.20644460343898813 0.29934467988979774 0.4438559108909552 0.6399782987087607 0.8670673824080901
72.67064653052904 74.57649124504357 76.38918484373723 78.10700007810237 79.72928251921189 81.25634866843563 82.68937355771158 84.0302731010061 85.28158578193741 86.44635747221905 87.52803234747986 88.53035206178924 89.45726460382322 90.31284361398764 91.10121840696421 91.82651452090757 92.4928042975944 93.10406677655277 93.66415604696604 94.1767771292569 94.64546843928866 95.07358990881869 95.46431588462495 95.82063199590628 96.14533525733135 96.44103675744338 96.71016636453244 96.95497896140078 97.17756179456804 97.37984259114515 97.6249846493609 97.88419193195863 98.10775759563141 98.29693357256676 98.41170898533096 98.49422417925666 98.54547572037694 98.58702849097088 98.60944367341044 98.65487671247695 98.71378847527282 98.80759909966996 98.9162643329298 99.02999459666944 99.1492964660983 99.23312620662144 99.28185155262595 99.30619345067802 99.25453836233082 98.90895199763825 97.95689033018722 96.11985190515409 93.39502663194737 89.91951355135882 85.95125251735975 81.68990166509165 77.27963443989013 72.82557846658834 68.39082904501116 64.04756869977977 59.99460326068095 56.47091434621988 53.77900237585346 51.929808615467934 50.798213374949405 50.00993831534536 49.221142468111736 47.97383872052135 46.03902738650194 43.30187383941535 39.939572067429296 36.17064987074181 32.161852560731 28.027813004608955 23.841375902211514 19.633894034797528 15.530337100393975 11.707856273975407 8.478952112127713 6.020769427838499 4.375008607359235 3.3958808781195224 2.843819124113853 2.6459237280749845 2.7188657269936427 3.0001519358828124 3.4064473491825664 3.7814925753945086 4.052367387844324 4.17739754190176 4.198252908662465 4.156601288191192 4.052441092266816 3.8857737953027085 3.625344391708195 3.2294830459949995 2.7190236613298926 2.1460542305234505 1.635588631067775 1.2605515592768413 1.0521978323728718 0.9376034735640993 0.9167691981374763 0.9480238895122478 1.041785756793145 1.2188906005890667 1.4897566562599587 1.8960555366097123 2.448205463759401 3.13578888169548 3.9171340960300074 4.708898093533064 5.469408791983684 6.125740866007506 6.677893796148375 7.115449769447659 7.459244208306321 7.688441400154144 7.803040959509515 7.813461015947514 7.750955112379876 7.698867055609378 7.761376235663956 8.06349837583189 8.688577111582026 9.719956406329112 11.17847217291811 13.01203488055228 15.158136758922408 17.491762193312162 19.9191496714927 22.315283491108275 24.575983842170217 26.649161001812015 28.493142959962544 30.118347535782167 31.48310297067324 32.61866305795674 33.618789414458924 34.53557203371819 35.525280390288586 36.6920941485866 38.10893923954406 39.848741374037154 41.88024676317027 44.1513655003734 46.55791783438459 48.97488819076122 51.266842835089655 53.32960211218229 55.111076072547675
50.0 50.0 50.0 50.0 50.0 50.0 50.0 50.0 50.0 50.0 50.0 50.0 50.0 50.0 50.0 50.0 50.0 50.0 50.0 50.0 50.0 50.0 50.0 50.0 50.0 50.0 50.0 50.0 50.0 50.0 50.0 50.0 50.0 50.0 50.0 50.0 50.0 50.0 50.0 50.0 50.0 50.0 50.0 50.0 50.0 50.0 50.0 50.0 50.0 50.0 50.0 50.0 50.0 50.0 50.0 50.0 50.0 50.0 50.0 50.0 50.0 50.0 50.0 50.0 50.0 50.0 50.0 50.0 50.0 50.0 50.0 50.0 50.0 50.0 50.0 50.0 50.0 50.0 50.0 50.0 50.0 50.0 50.0 50.0 50.0 50.0 50.0 50.0 50.0 50.0 50.0 50.0 50.0 50.0 50.0 50.0 50.0 50.0 50.0 50.0 50.0 50.0 50.0 50.0 50.0 50.0 50.0 50.0 50.0 50.0 50.0 50.0 50.0 50.0 50.0 50.0 50.0 50.0 50.0 50.0 50.0 50.0 50.0 50.0 50.0 50.0 50.0 50.0 50.0 50.0 50.0 50.0 50.0 50.0 50.0 50.0 50.0 50.0 50.0 50.0 50.0 50.0 50.0 50.0 50.0 50.0 50.0 50.0 50.0 50.0 50.0
50.0 50.0 50.0 50.0 50.0 50.0 50.0 50.0 50.0 50.0 50.0 50.0 50.0 50.0 50.0 50.0 50.0 50.0 50.0 50.0 50.0 50.0 50.0 50.0 50.0 50.0 50.0 50.0 50.0 50.0 50.0 50.0 50.0 50.0 50.0 50.0 50.0 50.0 50.0 50.0 50.0 50.0 50.0 50.0 50.0 50.0 50.0 50.0 50.0 50.0 50.0 50.0 50.0 50.0 50.0 50.0 50.0 50.0 50.0 50.0 50.0 50.0 50.0 50.0 50.0 50.0 50.0 50.0 50.0 50.0 50.0 50.0 50.0 50.0 50.0 50.0 50.0 50.0 50.0 50.0 50.0 50.0 50.0 50.0 50.0 50.0 50.0 50.0 50.0 50.0 50.0 50.0 50.0 50.0 50.0 50.0 50.0 50.0 50.0 50.0 50.0 50.0 50.0 50.0 50.0 50.0 50.0 50.0 50.0 50.0 50.0 50.0 50.0 50.0 50.0 50.0 50.0 50.0 50.0 50.0 50.0 50.0 50.0 50.0 50.0 50.0 50.0 50.0 50.0 50.0 50.0 50.0 50.0 50.0 50.0 50.0 50.0 50.0 50.0 50.0 50.0 50.0 50.0 50.0 50.0 50.0 50.0 50.0 50.0 50.0 50.0
50.0 50.0 50.0 50.0 50.0 50.0 50.0 50.0 50.0 50.0 50.0 50.0 50.0 50.0 50.0 50.0 50.0 50.0 50.0 50.0 50.0 50.0 50.0 50.0 50.0 50.0 50.0 50.0 50.0 50.0 50.0 50.0 50.0 50.0 50.0 50.0 50.0 50.0 50.0 50.0 50.0 50.0 50.0 50.0 50.0 50.0 50.0 50.0 50.0 50.0 50.0 50.0 50.0 50.0 50.0 50.0 50.0 50.0 50.0 50.0 50.0 50.0 50.0 50.0 50.0 50.0 50.0 50.0 50.0 50.0 50.0 50.0 50.0 50.0 50.0 50.0 50.0 50.0 50.0 50.0 50.0 50.0 50.0 50.0 50.0 50.0 50.0 50.0 50.0 50.0 50.0 50.0 50.0 50.0 50.0 50.0 50.0 50.0 50.0 50.0 50.0 50.0 50.0 50.0 50.0 50.0 50.0 50.0 50.0 50.0 50.0 50.0 50.0 50.0 50.0 50.0 50.0 50.0 50.0 50.0 50.0 50.0 50.0 50.0 50.0 50.0 50.0 50.0 50.0 50.0 50.0 50.0 50.0 50.0 50.0 50.0 50.0 50.0 50.0 50.0 50.0 50.0 50.0 50.0 50.0 50.0 50.0 50.0 50.0 50.0 50.0
50.0 50.0 50.0 50.0 50.0 50.0 50.0 50.0 50.0 50.0 50.0 50.0 50.0 50.0 50.0 50.0 50.0 50.0 50.0 50.0 50.0 50.0 50.0 50.0 50.0 50.0 50.0 50.0 50.0 50.0 50.0 50.0 50.0 50.0 50.0 50.0 50.0 50.0 50.0 50.0 50.0 50.0 50.0 50.0 50.0 50.0 50.0 50.0 50.0 50.0 50.0 50.0 50.0 50.0 50.0 50.0 50.0 50.0 50.0 50.0 50.0 50.0 50.0 50.0 50.0 50.0 50.0 50.0 50.0 50.0 50.0 50.0 50.0 50.0 50.0 50.0 50.0 50.0 50.0 50.0 50.0 50.0 50.0 50.0 50.0 50.0 50.0 50.0 50.0 50.0 50.0 50.0 50.0 50.0 50.0 50.0 50.0 50.0 50.0 50.0 50.0 50.0 50.0 50.0 50.0 50.0 50.0 50.0 50.0 50.0 50.0 50.0 50.0 50.0 50.0 50.0 50.0 50.0 50.0 50.0 50.0 50.0 50.0 50.0 50.0 50.0 50.0 50.0 50.0 50.0 50.0 50.0 50.0 50.0 50.0 50.0 50.0 50.0 50.0 50.0 50.0 50.0 50.0 50.0 50.0 50.0 50.0 50.0 50.0 50.0 50.0
50.0 50.0 50.0 50.0 50.0 50.0 50.0 50.0 50.0 50.0 50.0 50.0 50.0 50.0 50.0 50.0 50.0 50.0 50.0 50.0 50.0 50.0 50.0 50.0 50.0 50.0 50.0 50.0 50.0 50.0 50.0 50.0 50.0 50.0 50.0 50.0 50.0 50.0 50.0 50.0 50.0 50.0 50.0 50.0 50.0 50.0 50.0 50.0 50.0 50.0 50.0 50.0 50.0 50.0 50.0 50.0 50.0 50.0 50.0 50.0 50.0 50.0 50.0 50.0 50.0 50.0 50.0 50.0 50.0 50.0 50.0 50.0 50.0 50.0 50.0 50.0 50.0 50.0 50.0 50.0 50.0 50.0 50.0 50.0 50.0 50.0 50.0 50.0 50.0 50.0 50.0 50.0 50.0 50.0 50.0 50.0 50.0 50.0 50.0 50.0 50.0 50.0 50.0 50.0 50.0 50.0 50.0 50.0 50.0 50.0 50.0 50.0 50.0 50.0 50.0 50.0 50.0 50.0 50.0 50.0 50.0 50.0 50.0 50.0 50.0 50.0 50.0 50.0 50.0 50.0 50.0 50.0 50.0 50.0 50.0 50.0 50.0 50.0 50.0 50.0 50.0 50.0 50.0 50.0 50.0 50.0 50.0 50.0 50.0 50.0 50.0