4 151 9
300.0440999999999 302.0443999999999 304.0446999999999 306.0449999999999 308.0452999999999 310.0455999999999 312.0458999999999 314.0461999999999 316.04649999999987 318.0467999999999 320.0470999999999 322.04739999999987 324.0476999999999 326.0479999999999 328.04829999999987 330.0485999999999 332.0488999999999 334.04919999999987 336.0494999999999 338.0497999999999 340.0500999999999 342.05039999999985 344.0506999999999 346.0509999999999 348.05129999999986 350.0515999999999 352.0518999999999 354.05219999999986 356.0524999999999 358.0527999999999 360.05309999999986 362.0533999999999 364.0536999999999 366.05399999999986 368.0542999999999 370.0545999999999 372.05489999999986 374.0551999999999 376.0554999999999 378.05579999999986 380.05609999999984 382.0563999999999 384.05669999999986 386.05699999999985 388.0572999999999 390.05759999999987 392.05789999999985 394.0581999999999 396.05849999999987 398.05879999999985 399.99 402.04 403.99 406.05 407.99 410.06 412.01 413.96 416.02 417.97 420.04 422.0 423.95 426.02 427.98 430.05 432.01 433.96 436.03 437.99 440.06 442.01 443.96 446.03 447.98 450.04 451.98 454.04 455.99 458.04 459.98 462.03 463.97 466.02 467.95 470.0 472.05 473.98 476.02 477.96 480.0 482.05 483.98 486.03 487.96 490.01 492.06 493.99 496.05 497.98 500.04 501.98 504.04 505.98 508.04 509.99 512.05 514.0 515.95 518.01 519.96 522.03 523.98 526.04 527.99 530.05 532.0 534.06 536.0 538.06 540.0 542.05 543.99 546.04 547.98 550.03 551.96 554.0 556.04 557.97 560.01 562.05 563.98 566.01 568.05 569.98 572.01 574.05 575.97 578.01 580.05 581.98 584.02 585.95 588.0 590.04 591.97 594.02 595.96 598.01 599.95
0.0 13.54 26.89 39.77 50.0 60.0 70.0 80.0 90.0
72.75349827254115 74.66151583898615 76.47627608810272 78.19604980214868 79.82018180608307 81.34898896211865 82.78364764184633 84.12607594356437 85.37881524501394 86.54491489050437 87.62782298236618 88.63128544052536 89.55925475475647 90.41580920981926 91.20508282822364 91.93120585164674 92.59825526473864 93.21021464352694 93.7709424712388 94.28414799238755 94.75337365698137 95.18198322743298 95.57315466959038 95.92987701656571 96.25495047190168 96.5509891010413 96.82042554256543 97.06551725006628 97.38917079672596 97.61209743053381 97.79629126103276 97.97369336432695 98.14585603465196 98.30402917784652 98.42910557734037 98.49158375673687 98.49236195516593 98.47313220524842 98.48588969745472 98.61340382278259 98.86691620943857 99.14489061188753 99.35569884043387 99.45873773901636 99.49538251922834 99.55838685194462 99.63263713256754 99.66748505548227 99.69903730109289 99.64039787377047 99.4803260271136 99.40147113101847 99.44267038319059 99.54469843614484 99.58210558045289 99.47486362099727 99.27255092672343 99.09978381422137 99.10143809195519 99.27641120182207 99.52309141306272 99.68601156218482 99.64215215948974 99.44348622612951 99.21283952514156 99.11579541436468 99.19300793690999 99.37274849484557 99.49050665076035 99.42218525133897 99.13732068928827 98.7385629870061 98.39101576176196 98.21850808191317 98.2619889853804 98.42902604364437 98.59574923268873 98.66966178909541 98.6505752947843 98.62110876757389 98.70479250352138 98.95331202010173 99.32533331690149 99.70762320572935 99.95579966926086 99.95660718216521 99.74091124495695 99.41173886986988 99.09284209867731 98.8356965170384 98.54760555568437 98.04303680389705 97.14676215283474 95.77637736185441 94.05551704707129 92.20065253814423 90.46942745482738 89.01643090407231 87.79016236375864 86.47110130872598 84.57486775983928 81.89531254317336 78.51490242087274 74.74281841344627 70.76459091216788 66.35346769041958 61.18995471376535 55.18128613813128 48.42022450785036 41.17474230377503 33.88801953757982 27.06508308209225 21.035743738434103 15.903071330210004 11.522774627464 7.76087011964491 4.761651040465643 2.731250957068246 1.535684932243069 0.9069819500194595 0.5771704647168064 0.40195809072666167 0.2988919699873362 0.24735891633196844 0.2061324621214874 0.18551924332084585 0.16490601482884057 0.16490603470530096 0.1752126809452322 0.20613258503798612 0.3195055353240202 0.4225718710979241 0.4431851637003498 0.45349182524297704 0.44318521931147653 0.44318524197878095 0.4328786295375795 0.4225720141915752 0.4019587603617115 0.3813455044368605 0.32981233896851153 0.20613271764140634 0.09275972543085273 0.06183981837720945 0.041226546497265384 0.03091991048776129 0.03091991101444053 0.030919911520908595 0.03091991195467831 0.03091991236954669 0.030919912724864933
72.7214846066433 74.6286625895858 76.44262429114549 78.16164125448655 79.7850585928642 81.31319302906256 82.74722041703464 84.0890580110594 85.3412460705975 86.50683259815766 87.58926417880454 88.59228508414992 89.51984606475729 90.3760236108219 91.16494992576293 91.89075343383041 92.55750932568202 93.16919942445547 93.7296805155325 94.24266021125044 94.7116794028359 95.14010037254782 95.53109968783633 95.88766506655165 96.21259548006503 96.50850384355432 96.7778217251683 97.02280558515355 97.25562661274441 97.50858725493232 97.7431984371863 97.92051052703684 98.03165897058132 98.0778052361193 98.09058337697952 98.14247289969539 98.2959558384029 98.56254583487369 98.86163341927468 99.10198901058457 99.2329950080583 99.29607059687994 99.37371414196438 99.48702282717771 99.55165324539358 99.54563571586485 99.43005844294767 99.29019161483248 99.2496894605359 99.31924462351084 99.42640834398061 99.42980780310384 99.28585650171962 99.0894905286687 98.97246726368721 99.0503724633866 99.28030867692317 99.51931793794193 99.6136858924668 99.52100143506354 99.3043111514782 99.13765851444306 99.13495202875212 99.2864494505115 99.45751885809851 99.48410253728561 99.29348008961453 98.9271922194626 98.52977791724787 98.28625262531169 98.24862005378421 98.37532356164742 98.55327374798539 98.65898871945879 98.64065224824205 98.60160350035292 98.63437072841451 98.83195838796115 99.18388482726928 99.56666537200208 99.83587852522871 99.88861137525068 99.71443203786882 99.41652637278186 99.10816389049938 98.85129773844042 98.57373634186871 98.05900832748347 97.15258677080416 95.7616492614088 94.04085106819 92.20661710660625 90.52691377681715 89.11516948120385 87.87858919076619 86.42554061905929 84.36433472397698 81.45789381519222 77.93299946911137 73.98546717339205 69.75961929875548 65.10083250564662 59.68959455436737 53.47435800615128 46.578819728662275 39.312193591031686 32.11770234407831 25.459175921502688 19.656148133259947 14.677700866190607 10.472298793758238 6.967793572710519 4.246645610001841 2.4222383742285483 1.38119182603958 0.8142850616622307 0.5256778795683243 0.3607594481763165 0.2679928082938976 0.22676320675187284 0.18553357551375946 0.17522619323756347 0.16491880120910352 0.17522625789177915 0.20614857054354632 0.2783006113542615 0.38137495988065867 0.44321960139157585 0.4535270833457818 0.4535271256332311 0.4535271661094983 0.4432197662366614 0.4329123597009642 0.42260495036229195 0.39168266030657234 0.3504529245144765 0.2679934259227202 0.1546115987170529 0.08245952242474112 0.051537203385513125 0.041229764059378865 0.04122976521668662 0.030922324743319848 0.03092232545502928 0.030922326139427064 0.03092232675428737 0.030922327281007765 0.030922327787515407 0.03092232822131902 0.030922328636219822 0.030922328991565832
72.78051192937843 74.68923795016589 76.50467202682032 78.22508429953427 79.84981934999774 81.3791941580757 82.81438553215037 84.15731228271736 85.41051673114129 86.57704935396491 87.6603595338125 88.66419458148474 89.59250845433095 90.44938095139395 91.23894763016222 91.96534026588772 92.63263735702076 93.24482395870622 93.80575998684111 94.31915606319565 94.7885559531035 95.21732466795542 95.60864135359051 95.96549615296053 96.29069030933462 96.58683885876849 96.85637534309117 97.10155805409613 97.47593160704416 97.82048498697553 98.08616850448337 98.28439052080674 98.42655507775372 98.51386228532735 98.55762666665474 98.55892109679013 98.56983499477292 98.64257355032662 98.75774993680187 98.85481380231268 98.86269433823912 98.79215642035213 98.7360845075073 98.7772515361487 98.94714678371491 99.16415322364432 99.33616826912025 99.37091249786009 99.30975036341205 99.27644057995461 99.32193139785599 99.44886630211158 99.55191440673012 99.53044833838572 99.36178219171305 99.11002247789114 98.89702382146224 98.80640513373598 98.8492514980729 98.93164138863268 98.98270164809212 98.97047635683164 98.93679875358141 98.96470524562731 99.11535901531366 99.34828248512841 99.60100628490133 99.76039565560237 99.80611647907236 99.73769801719821 99.59687142561621 99.40390207266779 99.08680174818616 98.59413806755593 97.89465654052191 97.00928104726299 95.99970941769706 94.9281070050107 93.70141252219993 92.12370245743477 90.05034917811643 87.42987819360167 84.38602896255941 80.89826502144771 76.99746454268049 72.69403804257816 68.06019907628757 63.09593304242187 57.69808010981152 51.79435574364695 45.6015502600464 39.398344765465815 33.453108905323354 27.848446460808386 22.718539662633745 18.13566231932044 14.12046247774062 10.580049059319784 7.4731438332339515 4.87200344177516 2.9624311786626025 1.7547528793453833 1.0734974684916474 0.7019030764257699 0.5057837122860688 0.3922408370604485 0.34063053849315345 0.30966438892381254 0.30966462751111484 0.3303091792273528 0.39224239763860663 0.5057865557539575 0.6193307958153608 0.6812642111484432 0.7019088773885365 0.712231354003862 0.7019094028591116 0.6812652334941278 0.6502988148438035 0.6090101657601663 0.5677214716735964 0.4748216990487448 0.35095523505115694 0.22708872246568693 0.14451102753055522 0.11354439555082804 0.09289997169460408 0.08257776257069185 0.07225555011393883 0.07225555685113937 0.061933339971243354 0.06193334496265842 0.06193334923855715 0.06193335331225634 0.06193335700998908 0.0516111334813783 0.051611135996271304 0.06193336593487418 0.06193336826995413 0.07225559893677243 0.08257783006212446 0.09290006142756826 0.1135445225732384 0.14451121387383362 0.20644459581753152 0.29934466988759745 0.4438558973938244 0.6399782811437056 0.867067360810238 1.0838342155551592 1.2696343813832747
72.67064653052904 74.57649124504357 76.38918484373723 78.10700007810237 79.72928251921189 81.25634866843563 82.68937355771158 84.0302731010061 85.28158578193741 86.44635747221905 87.52803234747986 88.53035206178924 89.45726460382322 90.31284361398764 91.10121840696421 91.82651452090757 92.4928042975944 93.10406677655277 93.66415604696604 94.1767771292569 94.64546843928866 95.07358990881869 95.46431588462495 95.82063199590628 96.14533525733135 96.44103675744338 96.71016636453244 96.95497896140078 97.23870539469047 97.53301977642904 97.78868196170525 98.00717489742648 98.14881545610248 98.25581805083819 98.32937331581803 98.39118597005145 98.43201536524566 98.49410951972587 98.5681109924198 98.67555907656761 98.79657601147181 98.92150431766372 99.05095705696122 99.14402473804527 99.20115279270192 99.23312620662144 99.1884342328169 98.84932681414206 97.90427779440458 96.0725923447648 93.35314511309906 89.88302794677922 85.919681630459 81.66276626793346 77.25628069929189 72.80626789175813 68.37395766544937 64.0332347311594 59.982461749154645 56.46052326881789 53.770319299909396 51.922013043123464 50.79128002163938 50.00378323578438 49.21564964611311 47.96914133224985 46.03483622837359 43.298289863235894 39.936591275104036 36.16820775475938 32.1599474691582 28.026265131634382 23.840181512795745 19.633009109508688 15.529703569330437 11.707425408547705 8.478668276137288 6.02058801277383 4.374889296183833 3.3957972897497415 2.8437555947835023 2.645870377430548 2.718816085691266 3.000102494825179 3.4063949912908855 3.7814415025189616 4.052318100403726 4.177351302295311 4.198210944219184 4.156562641443397 4.0524078944657544 3.8857450638980313 3.625320051693707 3.2294634759888465 2.719008293781146 2.1460435724999027 1.6355812828689391 1.260546416957949 1.0521939601136643 0.9376003333464109 0.9167664282060666 0.9480212899370337 1.0417831797016774 1.2188878579443188 1.4897536322141973 1.8960520453607705 2.4482014980495825 3.135784156700678 3.9171287420150405 4.708892274173944 5.469402660680197 6.125734688047438 6.677887686974364 7.115443897080148 7.459238624090853 7.688436207690151 7.80303618997407 7.813456707473724 7.750951233478076 7.698863587713616 7.761373062799741 8.063495400597644 8.688574202072134 9.719953468541542 11.178469113582151 13.012031673638866 15.15813328200918 17.491758658484606 19.919146036467108 22.315279701056973 24.575980164775775 26.649157409082612 28.49313938462719 30.11834419712218 31.483099826327898 32.618660025781374 33.6187866599479 34.535569478481825 35.52527793718777 36.692091916366664 38.10893714594593 39.84873938624183 41.88024487232562 44.15136364527306 46.5579161155741 48.97488655433113 51.26684127612589 53.32960064848047 55.1110746997814 56.58000958610315 57.736405216268295
50.0 50.0 50.0 50.0 50.0 50.0 50.0 50.0 50.0 50.0 50.0 50.0 50.0 50.0 50.0 50.0 50.0 50.0 50.0 50.0 50.0 50.0 50.0 50.0 50.0 50.0 50.0 50.0 50.0 50.0 50.0 50.0 50.0 50.0 50.0 50.0 50.0 50.0 50.0 50.0 50.0 50.0 50.0 50.0 50.0 50.0 50.0 50.0 50.0 50.0 50.0 50.0 50.0 50.0 50.0 50.0 50.0 50.0 50.0 50.0 50.0 50.0 50.0 50.0 50.0 50.0 50.0 50.0 50.0 50.0 50.0 50.0 50.0 50.0 50.0 50.0 50.0 50.0 50.0 50.0 50.0 50.0 50.0 50.0 50.0 50.0 50.0 50.0 50.0 50.0 50.0 50.0 50.0 50.0 50.0 50.0 50.0 50.0 50.0 50.0 50.0 50.0 50.0 50.0 50.0 50.0 50.0 50.0 50.0 50.0 50.0 50.0 50.0 50.0 50.0 50.0 50.0 50.0 50.0 50.0 50.0 50.0 50.0 50.0 50.0 50.0 50.0 50.0 50.0 50.0 50.0 50.0 50.0 50.0 50.0 50.0 50.0 50.0 50.0 50.0 50.0 50.0 50.0 50.0 50.0 50.0 50.0 50.0 50.0 50.0 50.0
50.0 50.0 50.0 50.0 50.0 50.0 50.0 50.0 50.0 50.0 50.0 50.0 50.0 50.0 50.0 50.0 50.0 50.0 50.0 50.0 50.0 50.0 50.0 50.0 50.0 50.0 50.0 50.0 50.0 50.0 50.0 50.0 50.0 50.0 50.0 50.0 50.0 50.0 50.0 50.0 50.0 50.0 50.0 50.0 50.0 50.0 50.0 50.0 50.0 50.0 50.0 50.0 50.0 50.0 50.0 50.0 50.0 50.0 50.0 50.0 50.0 50.0 50.0 50.0 50.0 50.0 50.0 50.0 50.0 50.0 50.0 50.0 50.0 50.0 50.0 50.0 50.0 50.0 50.0 50.0 50.0 50.0 50.0 50.0 50.0 50.0 50.0 50.0 50.0 50.0 50.0 50.0 50.0 50.0 50.0 50.0 50.0 50.0 50.0 50.0 50.0 50.0 50.0 50.0 50.0 50.0 50.0 50.0 50.0 50.0 50.0 50.0 50.0 50.0 50.0 50.0 50.0 50.0 50.0 50.0 50.0 50.0 50.0 50.0 50.0 50.0 50.0 50.0 50.0 50.0 50.0 50.0 50.0 50.0 50.0 50.0 50.0 50.0 50.0 50.0 50.0 50.0 50.0 50.0 50.0 50.0 50.0 50.0 50.0 50.0 50.0
50.0 50.0 50.0 50.0 50.0 50.0 50.0 50.0 50.0 50.0 50.0 50.0 50.0 50.0 50.0 50.0 50.0 50.0 50.0 50.0 50.0 50.0 50.0 50.0 50.0 50.0 50.0 50.0 50.0 50.0 50.0 50.0 50.0 50.0 50.0 50.0 50.0 50.0 50.0 50.0 50.0 50.0 50.0 50.0 50.0 50.0 50.0 50.0 50.0 50.0 50.0 50.0 50.0 50.0 50.0 50.0 50.0 50.0 50.0 50.0 50.0 50.0 50.0 50.0 50.0 50.0 50.0 50.0 50.0 50.0 50.0 50.0 50.0 50.0 50.0 50.0 50.0 50.0 50.0 50.0 50.0 50.0 50.0 50.0 50.0 50.0 50.0 50.0 50.0 50.0 50.0 50.0 50.0 50.0 50.0 50.0 50.0 50.0 50.0 50.0 50.0 50.0 50.0 50.0 50.0 50.0 50.0 50.0 50.0 50.0 50.0 50.0 50.0 50.0 50.0 50.0 50.0 50.0 50.0 50.0 50.0 50.0 50.0 50.0 50.0 50.0 50.0 50.0 50.0 50.0 50.0 50.0 50.0 50.0 50.0 50.0 50.0 50.0 50.0 50.0 50.0 50.0 50.0 50.0 50.0 50.0 50.0 50.0 50.0 50.0 50.0
50.0 50.0 50.0 50.0 50.0 50.0 50.0 50.0 50.0 50.0 50.0 50.0 50.0 50.0 50.0 50.0 50.0 50.0 50.0 50.0 50.0 50.0 50.0 50.0 50.0 50.0 50.0 50.0 50.0 50.0 50.0 50.0 50.0 50.0 50.0 50.0 50.0 50.0 50.0 50.0 50.0 50.0 50.0 50.0 50.0 50.0 50.0 50.0 50.0 50.0 50.0 50.0 50.0 50.0 50.0 50.0 50.0 50.0 50.0 50.0 50.0 50.0 50.0 50.0 50.0 50.0 50.0 50.0 50.0 50.0 50.0 50.0 50.0 50.0 50.0 50.0 50.0 50.0 50.0 50.0 50.0 50.0 50.0 50.0 50.0 50.0 50.0 50.0 50.0 50.0 50.0 50.0 50.0 50.0 50.0 50.0 50.0 50.0 50.0 50.0 50.0 50.0 50.0 50.0 50.0 50.0 50.0 50.0 50.0 50.0 50.0 50.0 50.0 50.0 50.0 50.0 50.0 50.0 50.0 50.0 50.0 50.0 50.0 50.0 50.0 50.0 50.0 50.0 50.0 50.0 50.0 50.0 50.0 50.0 50.0 50.0 50.0 50.0 50.0 50.0 50.0 50.0 50.0 50.0 50.0 50.0 50.0 50.0 50.0 50.0 50.0
50.0 50.0 50.0 50.0 50.0 50.0 50.0 50.0 50.0 50.0 50.0 50.0 50.0 50.0 50.0 50.0 50.0 50.0 50.0 50.0 50.0 50.0 50.0 50.0 50.0 50.0 50.0 50.0 50.0 50.0 50.0 50.0 50.0 50.0 50.0 50.0 50.0 50.0 50.0 50.0 50.0 50.0 50.0 50.0 50.0 50.0 50.0 50.0 50.0 50.0 50.0 50.0 50.0 50.0 50.0 50.0 50.0 50.0 50.0 50.0 50.0 50.0 50.0 50.0 50.0 50.0 50.0 50.0 50.0 50.0 50.0 50.0 50.0 50.0 50.0 50.0 50.0 50.0 50.0 50.0 50.0 50.0 50.0 50.0 50.0 50.0 50.0 50.0 50.0 50.0 50.0 50.0 50.0 50.0 50.0 50.0 50.0 50.0 50.0 50.0 50.0 50.0 50.0 50.0 50.0 50.0 50.0 50.0 50.0 50.0 50.0 50.0 50.0 50.0 50.0 50.0 50.0 50.0 50.0 50.0 50.0 50.0 50.0 50.0 50.0 50.0 50.0 50.0 50.0 50.0 50.0 50.0 50.0 50.0 50.0 50.0 50.0 50.0 50.0 50.0 50.0 50.0 50.0 50.0 50.0 50.0 50.0 50.0 50.0 50.0 50.0