4 151 9
300.0440999999999 302.0443999999999 304.0446999999999 306.0449999999999 308.0452999999999 310.0455999999999 312.0458999999999 314.0461999999999 316.04649999999987 318.0467999999999 320.0470999999999 322.04739999999987 324.0476999999999 326.0479999999999 328.04829999999987 330.0485999999999 332.0488999999999 334.04919999999987 336.0494999999999 338.0497999999999 340.0500999999999 342.05039999999985 344.0506999999999 346.0509999999999 348.05129999999986 350.0515999999999 352.0518999999999 354.05219999999986 356.0524999999999 358.0527999999999 360.05309999999986 362.0533999999999 364.0536999999999 366.05399999999986 368.0542999999999 370.0545999999999 372.05489999999986 374.0551999999999 376.0554999999999 378.05579999999986 380.05609999999984 382.0563999999999 384.05669999999986 386.05699999999985 388.0572999999999 390.05759999999987 392.05789999999985 394.0581999999999 396.05849999999987 398.05879999999985 399.99 402.04 403.99 406.05 407.99 410.06 412.01 413.96 416.02 417.97 420.04 422.0 423.95 426.02 427.98 430.05 432.01 433.96 436.03 437.99 440.06 442.01 443.96 446.03 447.98 450.04 451.98 454.04 455.99 458.04 459.98 462.03 463.97 466.02 467.95 470.0 472.05 473.98 476.02 477.96 480.0 482.05 483.98 486.03 487.96 490.01 492.06 493.99 496.05 497.98 500.04 501.98 504.04 505.98 508.04 509.99 512.05 514.0 515.95 518.01 519.96 522.03 523.98 526.04 527.99 530.05 532.0 534.06 536.0 538.06 540.0 542.05 543.99 546.04 547.98 550.03 551.96 554.0 556.04 557.97 560.01 562.05 563.98 566.01 568.05 569.98 572.01 574.05 575.97 578.01 580.05 581.98 584.02 585.95 588.0 590.04 591.97 594.02 595.96 598.01 599.95
0.0 13.54 26.89 39.77 50.0 60.0 70.0 80.0 90.0
72.75349827254115 74.66151583898615 76.47627608810272 78.19604980214868 79.82018180608307 81.34898896211865 82.78364764184633 84.12607594356437 85.37881524501394 86.54491489050437 87.62782298236618 88.63128544052536 89.55925475475647 90.41580920981926 91.20508282822364 91.93120585164674 92.59825526473864 93.21021464352694 93.7709424712388 94.28414799238755 94.75337365698137 95.18198322743298 95.57315466959038 95.92987701656571 96.25495047190168 96.5509891010413 96.82042554256543 97.06551725006628 97.28835384973142 97.49086526647186 97.67483033212235 97.8418856427357 97.9935344784678 98.13115563941439 98.25601208454894 98.36925928922695 98.47195326018974 98.56505816623248 98.64945355827675 98.72594116504327 98.89762975905319 98.9809808939923 99.03794100859096 99.09979199547485 99.16704878295782 99.2299129495565 99.2682573516939 99.2516159895073 99.18028038531389 99.09563399020229 99.04851808032373 99.12381339042904 99.3295270883814 99.565274024908 99.7364485835224 99.8041824329021 99.80776841227963 99.84094766948512 99.88885746113186 99.89917193144052 99.90907673321317 99.83018554584915 99.65245108994549 99.55678279251866 99.58365163300132 99.67204702030688 99.69778074705731 99.57878778262257 99.36687756514276 99.18522045747567 99.17853346030857 99.34647024112626 99.58625692087438 99.74351219396974 99.69428937012954 99.49039431023726 99.2552525720378 99.15399328821681 99.22766003483527 99.40430670553998 99.51891639241029 99.44797552530534 99.1604437824472 98.75949903674464 98.40993205915784 98.23552733894203 98.27746741391914 98.44297425720477 98.60845691109148 98.6811047080962 98.66097343490553 98.63049113983968 98.71331295351699 98.96102178290391 99.33235517200012 99.71398539085015 99.96160593351227 99.96183435667446 99.74562002306362 99.41600038426347 99.09667968691869 98.83917031072649 98.55073470049688 98.04583998443387 97.1492912814003 95.77862305794801 94.05752513353927 92.2024254373781 90.47099419538324 89.01783461269208 87.79140827892488 86.47221898657806 84.57585160097513 81.8961793842182 78.51565036853378 74.74346627843941 70.76514295202836 66.35393834568063 61.19034525320202 55.18160636822939 48.420479343563514 41.17493775520548 33.88816542477108 27.065188095322885 21.035817759497785 15.903121802448064 11.522807786165234 7.760890258318226 4.761662270393957 2.7312567517533157 1.5356878955896456 0.9069835282101786 0.577171375981851 0.40195866328354785 0.2988923572100656 0.2473592048253661 0.20613268073218072 0.185519420864594 0.16490615809711243 0.16490616408080455 0.17521280507702175 0.20613271764140634 0.3195057209284927 0.42257209224426456 0.44318537484560283 0.45349202048716564 0.44318539120698097 0.4431853984663565 0.43287876736549635 0.42257213571713814 0.40195886542324416
72.7214846066433 74.6286625895858 76.44262429114549 78.16164125448655 79.7850585928642 81.31319302906256 82.74722041703464 84.0890580110594 85.3412460705975 86.50683259815766 87.58926417880454 88.59228508414992 89.51984606475729 90.3760236108219 91.16494992576293 91.89075343383041 92.55750932568202 93.16919942445547 93.7296805155325 94.24266021125044 94.7116794028359 95.14010037254782 95.53109968783633 95.88766506655165 96.21259548006503 96.50850384355432 96.7778217251683 97.02280558515355 97.24554413020111 97.44796643599858 97.63185055164269 97.79883235303618 97.9504144588477 98.08797506246067 98.21277656710969 98.3259739397073 98.42862272232102 98.52168665948356 98.60604491508836 98.68249886507209 98.76201711181699 98.87601912200665 98.98417410303365 99.04599788062424 99.05166351575343 99.00155830089724 98.92684909945415 98.89981114081658 98.98250247296353 99.18561285161002 99.42640834398061 99.61492742871987 99.69731881627295 99.71709502687749 99.75453292308002 99.83256576214154 99.86421581177986 99.82816034387326 99.68575780990837 99.52100143506354 99.45878223591998 99.50842058659349 99.59844011615928 99.58516373975986 99.42661543432075 99.21625676054653 99.087434270794 99.15385314727223 99.37464268658954 99.6051162730777 99.69117976091896 99.59123308089687 99.36733780341103 99.19484284661692 99.18682384970013 99.3332834594379 99.50003650431952 99.52244235167265 99.32816728649433 98.95860893302597 98.55791332061135 98.31174823653696 98.27153586367743 98.39618259184621 98.57222124050918 98.67608430276599 98.6561903245888 98.61557616957766 98.64708338461345 98.84342012882472 99.19433918021268 99.57613770030439 99.84449661346098 99.89639401015818 99.72148140049998 99.42286998347596 99.11392091701437 98.85646711141446 98.57839001753487 98.06321185394985 97.15634921839083 95.76501501107707 94.04383711173335 92.2092534161583 90.52927056358504 89.11725899005243 87.88046539974701 86.42720247036438 84.36579573714351 81.45917833251711 77.93410549173822 73.98642346881081 69.7604307973118 65.10152158139365 59.69016316862094 53.47482151776776 46.57918309351485 39.312472438413465 32.117907332453264 25.459323667142083 19.656251583596624 14.677770539428847 10.472343876778075 6.967820607931924 4.246660553197054 2.422246061787091 1.381195800648872 0.8142871746496394 0.5256791193326107 0.3607602135718883 0.2679933254283399 0.22676360133038492 0.18553386844327038 0.17522644283314545 0.1649190148659252 0.17522646225723826 0.20614878917132323 0.2783008776906952 0.3813752912144277 0.4432199491154128 0.45352740465316754 0.4535274173835529 0.4535274295686911 0.44321999818875296 0.43291256595197886 0.42260513230859403 0.39168281222609835 0.3504530482585079 0.26799351125143156 0.1546116431810991 0.08245954397750888
72.78051192937843 74.68923795016589 76.50467202682032 78.22508429953427 79.84981934999774 81.3791941580757 82.81438553215037 84.15731228271736 85.41051673114129 86.57704935396491 87.6603595338125 88.66419458148474 89.59250845433095 90.44938095139395 91.23894763016222 91.96534026588772 92.63263735702076 93.24482395870622 93.80575998684111 94.31915606319565 94.7885559531035 95.21732466795542 95.60864135359051 95.96549615296053 96.29069030933462 96.58683885876849 96.85637534309117 97.10155805409613 97.32447739385732 97.52706400387433 97.71109737646911 97.87821471536896 98.0299198589035 98.16759211912233 98.29249492394051 98.40578417774601 98.50851627937959 98.60165575563602 98.68608248401756 98.76259849092992 98.98573440586605 99.19229081648815 99.3314986166189 99.41406027018647 99.45066845703529 99.44172238568439 99.39787414028856 99.31947295313607 99.2582945342082 99.26614646541917 99.32193139785599 99.36647287518358 99.3252854625095 99.21104420810728 99.11445977182079 99.12032926059476 99.2578113797019 99.44559515025222 99.59162618336144 99.6019099617264 99.51896967119076 99.4655350130559 99.49378239960865 99.60425201707082 99.69305053330467 99.65777869224718 99.47720142935763 99.21356547980892 98.99099364211932 98.89158884717854 98.92615067938073 99.00145712500517 99.0455241802844 99.02756425541833 98.98856689191294 99.01138748589798 99.15773038972623 99.38656995632235 99.63580091302104 99.79207697299313 99.8346163438304 99.763570135681 99.62010170580031 99.42497919770426 99.10585181485497 98.61122241357259 97.91007710610616 97.02302807112146 96.01208250115685 94.93911600838277 93.71128900202835 92.132466695454 90.05812255444194 87.43669012954331 84.39199467591709 80.90342701128831 77.00193719586623 72.69783953637975 68.06341220489595 63.09863779570246 57.700314594856955 51.796176167971375 45.60299822880864 39.39947121642887 33.4539798269214 27.84909943129184 22.719024703740327 18.136011044637957 14.120707014506836 10.580215897126145 7.473249891851348 4.87206641460955 2.9624656399834763 1.7547714529581109 1.0735076948295261 0.7019091604675741 0.5057876579425951 0.3922436192844978 0.3406327125372304 0.3096661859797456 0.3096662572765071 0.3303107471643442 0.392244086233646 0.5057885182190299 0.6193329751309509 0.6812663733049683 0.7019108972481198 0.7122332021722172 0.7019110582496916 0.6812666788821713 0.6503000696980553 0.6090112254661411 0.5677223680201072 0.4748223753939654 0.3509556897232715 0.22708898731806454 0.14451118078955966 0.11354450421393601 0.0929000524049312 0.08257782735631135 0.0722556013043589 0.0722556033325531 0.061933375949039124 0.061933377374500116 0.061933378745259456 0.06193337997674431 0.06193338103169643 0.05161115170513755 0.051611152429180844 0.0619333837460091 0.061933384457720723
72.67064653052904 74.57649124504357 76.38918484373723 78.10700007810237 79.72928251921189 81.25634866843563 82.68937355771158 84.0302731010061 85.28158578193741 86.44635747221905 87.52803234747986 88.53035206178924 89.45726460382322 90.31284361398764 91.10121840696421 91.82651452090757 92.4928042975944 93.10406677655277 93.66415604696604 94.1767771292569 94.64546843928866 95.07358990881869 95.46431588462495 95.82063199590628 96.14533525733135 96.44103675744338 96.71016636453244 96.95497896140078 97.17756179456804 97.37984259114515 97.56359815723177 97.7304632251238 97.8819393630405 98.01940380089894 98.14411805941393 98.25723629808469 98.35981332107121 98.45281219917251 98.53711148167683 98.6135119842956 98.74483380134745 98.90079427802848 99.03023509941794 99.13365836155656 99.17003899673975 99.18124774248162 99.16767482841487 99.15044346094983 99.11951230553818 99.11674391359969 99.13120908759345 99.18629035135508 99.25885775967957 99.3409405523454 99.43053897216349 99.48837635616155 99.51261489196945 99.51476388833419 99.44351222673869 99.07911180076428 98.11053614420169 96.25558432433091 93.51466866865884 90.02346734120914 86.04149115199465 81.76723830739267 77.34602205481995 72.88233062837615 68.43892512646251 64.08843954010632 60.029124744892435 56.500367275777236 53.804446349979386 51.95196256669992 50.81785628086063 50.02737031784219 49.23668911707735 47.98762798416788 46.05091804387791 43.312040278464494 39.94799526005396 36.17758984573344 32.16744855407904 28.03220768602277 23.8447649390362 19.636411108121884 15.532149839850785 11.709084448329003 8.479761063509716 6.021286232466876 4.3753504259013285 3.3961203507527027 2.8440010750355804 2.6460765254876355 2.719008293781146 3.000293926601805 3.4065928630454976 3.781639250873847 4.052509410734806 4.177530374132342 4.198373529170964 4.1567087328008405 4.052536569039526 3.8858561625062467 3.6254144336401444 3.229539198141972 2.719066344642302 2.1460848381406636 1.6356096077030888 1.2605662946350602 1.0522088928165712 0.9376124522521591 0.9167770927515507 0.9480313245011617 1.0417931039233033 1.2188984231703897 1.4897652538935806 1.8960654943469568 2.448217123477618 3.1358023544002687 3.917149357869399 4.7089146267056 5.469426206340372 6.1257584560583345 6.67791118528067 7.115466479660004 7.459260089291115 7.688456158404789 7.803054592737377 7.8134732846838135 7.7509661901624325 7.698876984093843 7.761385316836291 8.063506886396599 8.688585458357865 9.719964804871935 11.178480968740034 13.012044126281692 15.158146451204749 17.491772381482004 19.919160148455067 22.315294056295425 24.575994441247797 26.649171355499874 28.49315295952007 30.118357164129186 31.483112037482712 32.618671543346814 33.61879736411996 34.53557941040912 35.525287222568544
50.0 50.0 50.0 50.0 50.0 50.0 50.0 50.0 50.0 50.0 50.0 50.0 50.0 50.0 50.0 50.0 50.0 50.0 50.0 50.0 50.0 50.0 50.0 50.0 50.0 50.0 50.0 50.0 50.0 50.0 50.0 50.0 50.0 50.0 50.0 50.0 50.0 50.0 50.0 50.0 50.0 50.0 50.0 50.0 50.0 50.0 50.0 50.0 50.0 50.0 50.0 50.0 50.0 50.0 50.0 50.0 50.0 50.0 50.0 50.0 50.0 50.0 50.0 50.0 50.0 50.0 50.0 50.0 50.0 50.0 50.0 50.0 50.0 50.0 50.0 50.0 50.0 50.0 50.0 50.0 50.0 50.0 50.0 50.0 50.0 50.0 50.0 50.0 50.0 50.0 50.0 50.0 50.0 50.0 50.0 50.0 50.0 50.0 50.0 50.0 50.0 50.0 50.0 50.0 50.0 50.0 50.0 50.0 50.0 50.0 50.0 50.0 50.0 50.0 50.0 50.0 50.0 50.0 50.0 50.0 50.0 50.0 50.0 50.0 50.0 50.0 50.0 50.0 50.0 50.0 50.0 50.0 50.0 50.0 50.0 50.0 50.0 50.0 50.0 50.0 50.0 50.0 50.0 50.0 50.0 50.0 50.0 50.0 50.0 50.0 50.0
50.0 50.0 50.0 50.0 50.0 50.0 50.0 50.0 50.0 50.0 50.0 50.0 50.0 50.0 50.0 50.0 50.0 50.0 50.0 50.0 50.0 50.0 50.0 50.0 50.0 50.0 50.0 50.0 50.0 50.0 50.0 50.0 50.0 50.0 50.0 50.0 50.0 50.0 50.0 50.0 50.0 50.0 50.0 50.0 50.0 50.0 50.0 50.0 50.0 50.0 50.0 50.0 50.0 50.0 50.0 50.0 50.0 50.0 50.0 50.0 50.0 50.0 50.0 50.0 50.0 50.0 50.0 50.0 50.0 50.0 50.0 50.0 50.0 50.0 50.0 50.0 50.0 50.0 50.0 50.0 50.0 50.0 50.0 50.0 50.0 50.0 50.0 50.0 50.0 50.0 50.0 50.0 50.0 50.0 50.0 50.0 50.0 50.0 50.0 50.0 50.0 50.0 50.0 50.0 50.0 50.0 50.0 50.0 50.0 50.0 50.0 50.0 50.0 50.0 50.0 50.0 50.0 50.0 50.0 50.0 50.0 50.0 50.0 50.0 50.0 50.0 50.0 50.0 50.0 50.0 50.0 50.0 50.0 50.0 50.0 50.0 50.0 50.0 50.0 50.0 50.0 50.0 50.0 50.0 50.0 50.0 50.0 50.0 50.0 50.0 50.0
50.0 50.0 50.0 50.0 50.0 50.0 50.0 50.0 50.0 50.0 50.0 50.0 50.0 50.0 50.0 50.0 50.0 50.0 50.0 50.0 50.0 50.0 50.0 50.0 50.0 50.0 50.0 50.0 50.0 50.0 50.0 50.0 50.0 50.0 50.0 50.0 50.0 50.0 50.0 50.0 50.0 50.0 50.0 50.0 50.0 50.0 50.0 50.0 50.0 50.0 50.0 50.0 50.0 50.0 50.0 50.0 50.0 50.0 50.0 50.0 50.0 50.0 50.0 50.0 50.0 50.0 50.0 50.0 50.0 50.0 50.0 50.0 50.0 50.0 50.0 50.0 50.0 50.0 50.0 50.0 50.0 50.0 50.0 50.0 50.0 50.0 50.0 50.0 50.0 50.0 50.0 50.0 50.0 50.0 50.0 50.0 50.0 50.0 50.0 50.0 50.0 50.0 50.0 50.0 50.0 50.0 50.0 50.0 50.0 50.0 50.0 50.0 50.0 50.0 50.0 50.0 50.0 50.0 50.0 50.0 50.0 50.0 50.0 50.0 50.0 50.0 50.0 50.0 50.0 50.0 50.0 50.0 50.0 50.0 50.0 50.0 50.0 50.0 50.0 50.0 50.0 50.0 50.0 50.0 50.0 50.0 50.0 50.0 50.0 50.0 50.0
50.0 50.0 50.0 50.0 50.0 50.0 50.0 50.0 50.0 50.0 50.0 50.0 50.0 50.0 50.0 50.0 50.0 50.0 50.0 50.0 50.0 50.0 50.0 50.0 50.0 50.0 50.0 50.0 50.0 50.0 50.0 50.0 50.0 50.0 50.0 50.0 50.0 50.0 50.0 50.0 50.0 50.0 50.0 50.0 50.0 50.0 50.0 50.0 50.0 50.0 50.0 50.0 50.0 50.0 50.0 50.0 50.0 50.0 50.0 50.0 50.0 50.0 50.0 50.0 50.0 50.0 50.0 50.0 50.0 50.0 50.0 50.0 50.0 50.0 50.0 50.0 50.0 50.0 50.0 50.0 50.0 50.0 50.0 50.0 50.0 50.0 50.0 50.0 50.0 50.0 50.0 50.0 50.0 50.0 50.0 50.0 50.0 50.0 50.0 50.0 50.0 50.0 50.0 50.0 50.0 50.0 50.0 50.0 50.0 50.0 50.0 50.0 50.0 50.0 50.0 50.0 50.0 50.0 50.0 50.0 50.0 50.0 50.0 50.0 50.0 50.0 50.0 50.0 50.0 50.0 50.0 50.0 50.0 50.0 50.0 50.0 50.0 50.0 50.0 50.0 50.0 50.0 50.0 50.0 50.0 50.0 50.0 50.0 50.0 50.0 50.0
50.0 50.0 50.0 50.0 50.0 50.0 50.0 50.0 50.0 50.0 50.0 50.0 50.0 50.0 50.0 50.0 50.0 50.0 50.0 50.0 50.0 50.0 50.0 50.0 50.0 50.0 50.0 50.0 50.0 50.0 50.0 50.0 50.0 50.0 50.0 50.0 50.0 50.0 50.0 50.0 50.0 50.0 50.0 50.0 50.0 50.0 50.0 50.0 50.0 50.0 50.0 50.0 50.0 50.0 50.0 50.0 50.0 50.0 50.0 50.0 50.0 50.0 50.0 50.0 50.0 50.0 50.0 50.0 50.0 50.0 50.0 50.0 50.0 50.0 50.0 50.0 50.0 50.0 50.0 50.0 50.0 50.0 50.0 50.0 50.0 50.0 50.0 50.0 50.0 50.0 50.0 50.0 50.0 50.0 50.0 50.0 50.0 50.0 50.0 50.0 50.0 50.0 50.0 50.0 50.0 50.0 50.0 50.0 50.0 50.0 50.0 50.0 50.0 50.0 50.0 50.0 50.0 50.0 50.0 50.0 50.0 50.0 50.0 50.0 50.0 50.0 50.0 50.0 50.0 50.0 50.0 50.0 50.0 50.0 50.0 50.0 50.0 50.0 50.0 50.0 50.0 50.0 50.0 50.0 50.0 50.0 50.0 50.0 50.0 50.0 50.0