4 151 9
300.0440999999999 302.0443999999999 304.0446999999999 306.0449999999999 308.0452999999999 310.0455999999999 312.0458999999999 314.0461999999999 316.04649999999987 318.0467999999999 320.0470999999999 322.04739999999987 324.0476999999999 326.0479999999999 328.04829999999987 330.0485999999999 332.0488999999999 334.04919999999987 336.0494999999999 338.0497999999999 340.0500999999999 342.05039999999985 344.0506999999999 346.0509999999999 348.05129999999986 350.0515999999999 352.0518999999999 354.05219999999986 356.0524999999999 358.0527999999999 360.05309999999986 362.0533999999999 364.0536999999999 366.05399999999986 368.0542999999999 370.0545999999999 372.05489999999986 374.0551999999999 376.0554999999999 378.05579999999986 380.05609999999984 382.0563999999999 384.05669999999986 386.05699999999985 388.0572999999999 390.05759999999987 392.05789999999985 394.0581999999999 396.05849999999987 398.05879999999985 399.99 402.04 403.99 406.05 407.99 410.06 412.01 413.96 416.02 417.97 420.04 422.0 423.95 426.02 427.98 430.05 432.01 433.96 436.03 437.99 440.06 442.01 443.96 446.03 447.98 450.04 451.98 454.04 455.99 458.04 459.98 462.03 463.97 466.02 467.95 470.0 472.05 473.98 476.02 477.96 480.0 482.05 483.98 486.03 487.96 490.01 492.06 493.99 496.05 497.98 500.04 501.98 504.04 505.98 508.04 509.99 512.05 514.0 515.95 518.01 519.96 522.03 523.98 526.04 527.99 530.05 532.0 534.06 536.0 538.06 540.0 542.05 543.99 546.04 547.98 550.03 551.96 554.0 556.04 557.97 560.01 562.05 563.98 566.01 568.05 569.98 572.01 574.05 575.97 578.01 580.05 581.98 584.02 585.95 588.0 590.04 591.97 594.02 595.96 598.01 599.95
0.0 13.54 26.89 39.77 50.0 60.0 70.0 80.0 90.0
72.75349827254115 74.66151583898615 76.47627608810272 78.19604980214868 79.82018180608307 81.34898896211865 82.78364764184633 84.12607594356437 85.37881524501394 86.54491489050437 87.62782298236618 88.63128544052536 89.55925475475647 90.41580920981926 91.20508282822364 91.93120585164674 92.59825526473864 93.21021464352694 93.7709424712388 94.28414799238755 94.75337365698137 95.18198322743298 95.57315466959038 95.92987701656571 96.25495047190168 96.5509891010413 96.82042554256543 97.06551725006628 97.28835384973142 97.49086526647186 97.67483033212235 97.8418856427357 97.9935344784678 98.13115563941439 98.25601208454894 98.36925928922695 98.47195326018974 98.56505816623248 98.64945355827675 98.72594116504327 98.79525126033782 98.85804860557086 98.91493797690983 98.96646929073086 99.013142344081 99.05541118891283 99.09368816011649 99.12834757801132 99.15972914611262 99.18814106477048 99.2130163457675 99.23693321066918 99.25752680986648 99.3800937260396 99.4174730438454 99.43369876950919 99.45781851787748 99.49095362672169 99.52354062278525 99.53381737067143 99.49219961024438 99.39766359485618 99.29198852399385 99.22719278120472 99.28494187944763 99.47632886266055 99.69778074705731 99.85694082112153 99.91290602662046 99.90641765619006 99.93066653142871 99.96967045095863 99.97248721893307 99.97519171290492 99.89007143710964 99.70678978206689 99.605613721067 99.62801986182502 99.71199901309232 99.73407425836783 99.61166468354953 99.39644807684664 99.21197176196416 99.20264402877011 99.36836997742171 99.60620769312577 99.76152312990114 99.71061305888361 99.50508481151631 99.2685535820765 99.16597580598149 99.2385579086224 99.41413831171693 99.52786787726548 99.45603106555315 99.16774857165478 98.76606553880279 98.41587341704138 98.24088138663384 98.2822910703231 98.44737226931328 98.61242768853296 98.6847191756178 98.66423064974094 98.63343067716961 98.71598532756117 98.96344031692351 99.33456029124191 99.71597958992172 99.963410664409 99.9634736906894 99.74709598952353 99.41733664915989 99.09788129615633 98.84025820874756 98.5517132590234 98.04672369686072 97.15008121254827 95.77932936466337 94.05815086224531 92.20298173850982 90.47149026663169 89.01827395795252 87.79180205482115 86.47256785996396 84.57616170504784 81.89644961437294 78.51588577406143 74.74366836557786 70.76531644354063 66.35408504567877 61.190468261179895 55.18170619655054 48.420558977079686 41.17499886393835 33.88821106107516 27.06522098013533 21.035840999146465 15.903137621490277 11.522818215146218 7.760896601352787 4.761665777516486 2.731258582130663 1.5356888230340349 0.9069840229398384 0.5771716624382108 0.40195884318772696 0.2988924780354497 0.24735929563742648 0.2061327491303113 0.1855194763491896
72.7214846066433 74.6286625895858 76.44262429114549 78.16164125448655 79.7850585928642 81.31319302906256 82.74722041703464 84.0890580110594 85.3412460705975 86.50683259815766 87.58926417880454 88.59228508414992 89.51984606475729 90.3760236108219 91.16494992576293 91.89075343383041 92.55750932568202 93.16919942445547 93.7296805155325 94.24266021125044 94.7116794028359 95.14010037254782 95.53109968783633 95.88766506655165 96.21259548006503 96.50850384355432 96.7778217251683 97.02280558515355 97.24554413020111 97.44796643599858 97.63185055164269 97.79883235303618 97.9504144588477 98.08797506246067 98.21277656710969 98.3259739397073 98.42862272232102 98.52168665948356 98.60604491508836 98.68249886507209 98.75177846189871 98.81454817446422 98.87141251281686 98.9229211513535 98.96957366719589 99.01182391250042 99.05008404071788 99.0847282074557 99.11609596674973 99.14449538333285 99.16935971847911 99.19326605926112 99.21385059667281 99.24381950363806 99.31204840526567 99.37971701023079 99.40383005630346 99.37519148184064 99.29451025808268 99.1914957914089 99.13954199474028 99.1994521931348 99.38214567536927 99.60576472522526 99.77685423713538 99.844664159819 99.84980380042997 99.87504700848473 99.94132027578212 99.96292084787329 99.91786771489727 99.76640648621245 99.59403918593463 99.52459923256036 99.56811345826522 99.65274935706654 99.63400858868579 99.47091369766433 99.25602605688182 99.12350559444324 99.18658975191504 99.40421550910987 99.63198082791503 99.71541495507616 99.61318677222096 99.38724471815047 99.21275470794941 99.20306444734373 99.34795076212404 99.5133703173934 99.53446939560618 99.33907619868891 98.96839645736061 98.56677836557395 98.31971173946971 98.27877517027196 98.40272493705659 98.57817239636826 98.68146236176064 98.6610325694774 98.61998189280325 98.65105571747053 98.8470405415961 99.1976140037008 99.57910542124502 99.84719961099212 99.89883540398169 99.72369515811276 99.4248583604748 99.11571034360173 98.85808831784965 98.57984871213523 98.06452993581921 97.15752729990764 95.76606907263981 94.04477091906573 92.21008452192606 90.53000666664538 89.11791617342456 87.88105003483945 86.42772392682627 84.36625833232101 81.45958037222157 77.93445505410249 73.98672196807877 69.76068657946823 65.10173639476324 59.69034213159571 53.47496609995264 46.57929728946752 39.31255935321878 32.11797189752179 25.459369725270992 19.656283910753434 14.677792323067344 10.472357979609065 6.967829073990725 4.2466652447617195 2.422248471226771 1.3811970507317517 0.8142878401727326 0.5256795065127545 0.3607604553387315 0.2679934872769204 0.22676372502246514 0.1855339605257242 0.175226521259044 0.1649190815334155 0.17522652658747445 0.20614885757479884 0.27830096092409246
72.78051192937843 74.68923795016589 76.50467202682032 78.22508429953427 79.84981934999774 81.3791941580757 82.81438553215037 84.15731228271736 85.41051673114129 86.57704935396491 87.6603595338125 88.66419458148474 89.59250845433095 90.44938095139395 91.23894763016222 91.96534026588772 92.63263735702076 93.24482395870622 93.80575998684111 94.31915606319565 94.7885559531035 95.21732466795542 95.60864135359051 95.96549615296053 96.29069030933462 96.58683885876849 96.85637534309117 97.10155805409613 97.32447739385732 97.52706400387433 97.71109737646911 97.87821471536896 98.0299198589035 98.16759211912233 98.29249492394051 98.40578417774601 98.50851627937959 98.60165575563602 98.68608248401756 98.76259849092992 98.8319343213324 98.89475498346393 98.9516654780477 99.00321592564596 99.04990630888233 99.09219084830062 99.13048203189254 99.16515431896401 99.1965475391636 99.22497000727734 99.24985452456293 99.27378026988956 99.29438151557032 99.4686281841383 99.62971481326299 99.7284294401076 99.77322217718711 99.77549967490576 99.735976816612 99.66378090693506 99.56022105758298 99.47584873506058 99.46283886371826 99.50109931199927 99.52799581387868 99.47208096797593 99.34307950251863 99.23420058078226 99.22830788578919 99.35591705023813 99.53495874134832 99.67219870444288 99.67500709078631 99.5848264969557 99.52520215863306 99.54803457254242 99.6531062284759 99.73746750341633 99.69772496579482 99.51341464201053 99.24632179905646 99.02045229481931 98.91826095611171 98.95019989290883 99.0232808073025 99.0653666239763 99.04544591083645 99.00477502746777 99.02600725823466 99.1710183310004 99.39858058040896 99.6467436116864 99.80194693167897 99.84359622512956 99.77165123989901 99.62744035633516 99.43158994742353 99.11183518789127 98.61659693745466 97.91488273025249 97.0273626460922 96.01594872747503 94.94259341525166 93.71438280690536 92.13521256868265 90.0605606145372 87.43882701743948 84.3938681280364 80.90504501440394 77.0033274073766 72.69903175180806 68.06441936003257 63.09948591365502 57.70101424726964 51.79674627552464 45.603451043319744 39.399826334018066 33.45425184476466 27.849304800771137 22.719175844714005 18.136120467827435 14.120784441275713 10.580268115512819 7.473283412052606 4.872086071030147 2.9624765020988773 1.7547772431202993 1.073510913418994 0.7019110582496916 0.5057888979579755 0.39224448648454124 0.34063339729462133 0.3096667461927857 0.30966676656128167 0.33031123738660845 0.3922446144584751 0.5057891327634587 0.6193336593487417 0.6812670509694956 0.7019115325286465 0.7122337842858234 0.7019115752305158 0.6812671354394304 0.6503004624322513 0.6090115576617179 0.5677226497868229 0.4748225879096727 0.3509558315949354 0.22708907068839573 0.14451122874068792 0.11354453817248801
72.67064653052904 74.57649124504357 76.38918484373723 78.10700007810237 79.72928251921189 81.25634866843563 82.68937355771158 84.0302731010061 85.28158578193741 86.44635747221905 87.52803234747986 88.53035206178924 89.45726460382322 90.31284361398764 91.10121840696421 91.82651452090757 92.4928042975944 93.10406677655277 93.66415604696604 94.1767771292569 94.64546843928866 95.07358990881869 95.46431588462495 95.82063199590628 96.14533525733135 96.44103675744338 96.71016636453244 96.95497896140078 97.17756179456804 97.37984259114515 97.56359815723177 97.7304632251238 97.8819393630405 98.01940380089894 98.14411805941393 98.25723629808469 98.35981332107121 98.45281219917251 98.53711148167683 98.6135119842956 98.6827431491982 98.74546898076427 98.80229356644166 98.85376619636132 98.90038609840099 98.94260680743851 98.98084018879676 99.01546013651877 99.04680596726523 99.07518553040738 99.10003248341452 99.12392211177132 99.14449225896139 99.22655236579921 99.33693281622736 99.42596206735593 99.4918072359544 99.49395360730358 99.4747314122431 99.4329657714813 99.39078184181858 99.33676232368227 99.31314027596633 99.31003295568335 99.3475203983946 99.40555508986094 99.47314871966816 99.55066163841633 99.59675592049415 99.6109724083713 99.60418963569592 99.523964919323 99.15182525199454 98.17546093699146 96.31332589242022 93.565660538242 90.06762233877042 86.0798258435345 81.8000134355515 77.37417873699718 72.90639343549353 68.45929181288804 64.10572487105 60.043717986709495 56.51282210322035 53.81522534989795 51.96134366276038 50.826177067079364 50.034757233460894 49.2432872333407 47.99342717173195 46.05597567692546 43.31632406592654 39.95158848521685 36.18052032299586 32.16981821300825 28.034071542677168 23.846204532369796 19.637481334794625 15.53291218910554 11.709607560268395 8.480102527568631 6.021506778675696 4.375494874671913 3.396221567145652 2.8440780680411555 2.64614119363657 2.719068654149093 3.0003539300540734 3.406654366493097 3.781701268241736 4.052569376956554 4.1775865249246795 4.198424437076573 4.15675448465398 4.052576808660527 3.8858911867294097 3.6254439122678077 3.2295630139491984 2.719084433549735 2.1460977864922777 1.6356185760902198 1.2605725161279713 1.0522136123501562 0.9376162350628087 0.9167804541875262 0.9480344526892339 1.0417962274261232 1.218901718758709 1.489768906279714 1.8960696863031754 2.4482220450095444 3.135808027339226 3.9171558001099758 4.7089216153210485 5.469433571873275 6.125765898992675 6.677918562807497 7.115473557507109 7.459266840465228 7.688462442238409 7.80306033994644 7.813478520956272 7.750970871185266 7.698881183577817 7.761389168895277 8.063510495371151 8.688588970664723 9.719968373326285 11.178484677939363 13.012048017885078
50.0 50.0 50.0 50.0 50.0 50.0 50.0 50.0 50.0 50.0 50.0 50.0 50.0 50.0 50.0 50.0 50.0 50.0 50.0 50.0 50.0 50.0 50.0 50.0 50.0 50.0 50.0 50.0 50.0 50.0 50.0 50.0 50.0 50.0 50.0 50.0 50.0 50.0 50.0 50.0 50.0 50.0 50.0 50.0 50.0 50.0 50.0 50.0 50.0 50.0 50.0 50.0 50.0 50.0 50.0 50.0 50.0 50.0 50.0 50.0 50.0 50.0 50.0 50.0 50.0 50.0 50.0 50.0 50.0 50.0 50.0 50.0 50.0 50.0 50.0 50.0 50.0 50.0 50.0 50.0 50.0 50.0 50.0 50.0 50.0 50.0 50.0 50.0 50.0 50.0 50.0 50.0 50.0 50.0 50.0 50.0 50.0 50.0 50.0 50.0 50.0 50.0 50.0 50.0 50.0 50.0 50.0 50.0 50.0 50.0 50.0 50.0 50.0 50.0 50.0 50.0 50.0 50.0 50.0 50.0 50.0 50.0 50.0 50.0 50.0 50.0 50.0 50.0 50.0 50.0 50.0 50.0 50.0 50.0 50.0 50.0 50.0 50.0 50.0 50.0 50.0 50.0 50.0 50.0 50.0 50.0 50.0 50.0 50.0 50.0 50.0
50.0 50.0 50.0 50.0 50.0 50.0 50.0 50.0 50.0 50.0 50.0 50.0 50.0 50.0 50.0 50.0 50.0 50.0 50.0 50.0 50.0 50.0 50.0 50.0 50.0 50.0 50.0 50.0 50.0 50.0 50.0 50.0 50.0 50.0 50.0 50.0 50.0 50.0 50.0 50.0 50.0 50.0 50.0 50.0 50.0 50.0 50.0 50.0 50.0 50.0 50.0 50.0 50.0 50.0 50.0 50.0 50.0 50.0 50.0 50.0 50.0 50.0 50.0 50.0 50.0 50.0 50.0 50.0 50.0 50.0 50.0 50.0 50.0 50.0 50.0 50.0 50.0 50.0 50.0 50.0 50.0 50.0 50.0 50.0 50.0 50.0 50.0 50.0 50.0 50.0 50.0 50.0 50.0 50.0 50.0 50.0 50.0 50.0 50.0 50.0 50.0 50.0 50.0 50.0 50.0 50.0 50.0 50.0 50.0 50.0 50.0 50.0 50.0 50.0 50.0 50.0 50.0 50.0 50.0 50.0 50.0 50.0 50.0 50.0 50.0 50.0 50.0 50.0 50.0 50.0 50.0 50.0 50.0 50.0 50.0 50.0 50.0 50.0 50.0 50.0 50.0 50.0 50.0 50.0 50.0 50.0 50.0 50.0 50.0 50.0 50.0
50.0 50.0 50.0 50.0 50.0 50.0 50.0 50.0 50.0 50.0 50.0 50.0 50.0 50.0 50.0 50.0 50.0 50.0 50.0 50.0 50.0 50.0 50.0 50.0 50.0 50.0 50.0 50.0 50.0 50.0 50.0 50.0 50.0 50.0 50.0 50.0 50.0 50.0 50.0 50.0 50.0 50.0 50.0 50.0 50.0 50.0 50.0 50.0 50.0 50.0 50.0 50.0 50.0 50.0 50.0 50.0 50.0 50.0 50.0 50.0 50.0 50.0 50.0 50.0 50.0 50.0 50.0 50.0 50.0 50.0 50.0 50.0 50.0 50.0 50.0 50.0 50.0 50.0 50.0 50.0 50.0 50.0 50.0 50.0 50.0 50.0 50.0 50.0 50.0 50.0 50.0 50.0 50.0 50.0 50.0 50.0 50.0 50.0 50.0 50.0 50.0 50.0 50.0 50.0 50.0 50.0 50.0 50.0 50.0 50.0 50.0 50.0 50.0 50.0 50.0 50.0 50.0 50.0 50.0 50.0 50.0 50.0 50.0 50.0 50.0 50.0 50.0 50.0 50.0 50.0 50.0 50.0 50.0 50.0 50.0 50.0 50.0 50.0 50.0 50.0 50.0 50.0 50.0 50.0 50.0 50.0 50.0 50.0 50.0 50.0 50.0
50.0 50.0 50.0 50.0 50.0 50.0 50.0 50.0 50.0 50.0 50.0 50.0 50.0 50.0 50.0 50.0 50.0 50.0 50.0 50.0 50.0 50.0 50.0 50.0 50.0 50.0 50.0 50.0 50.0 50.0 50.0 50.0 50.0 50.0 50.0 50.0 50.0 50.0 50.0 50.0 50.0 50.0 50.0 50.0 50.0 50.0 50.0 50.0 50.0 50.0 50.0 50.0 50.0 50.0 50.0 50.0 50.0 50.0 50.0 50.0 50.0 50.0 50.0 50.0 50.0 50.0 50.0 50.0 50.0 50.0 50.0 50.0 50.0 50.0 50.0 50.0 50.0 50.0 50.0 50.0 50.0 50.0 50.0 50.0 50.0 50.0 50.0 50.0 50.0 50.0 50.0 50.0 50.0 50.0 50.0 50.0 50.0 50.0 50.0 50.0 50.0 50.0 50.0 50.0 50.0 50.0 50.0 50.0 50.0 50.0 50.0 50.0 50.0 50.0 50.0 50.0 50.0 50.0 50.0 50.0 50.0 50.0 50.0 50.0 50.0 50.0 50.0 50.0 50.0 50.0 50.0 50.0 50.0 50.0 50.0 50.0 50.0 50.0 50.0 50.0 50.0 50.0 50.0 50.0 50.0 50.0 50.0 50.0 50.0 50.0 50.0
50.0 50.0 50.0 50.0 50.0 50.0 50.0 50.0 50.0 50.0 50.0 50.0 50.0 50.0 50.0 50.0 50.0 50.0 50.0 50.0 50.0 50.0 50.0 50.0 50.0 50.0 50.0 50.0 50.0 50.0 50.0 50.0 50.0 50.0 50.0 50.0 50.0 50.0 50.0 50.0 50.0 50.0 50.0 50.0 50.0 50.0 50.0 50.0 50.0 50.0 50.0 50.0 50.0 50.0 50.0 50.0 50.0 50.0 50.0 50.0 50.0 50.0 50.0 50.0 50.0 50.0 50.0 50.0 50.0 50.0 50.0 50.0 50.0 50.0 50.0 50.0 50.0 50.0 50.0 50.0 50.0 50.0 50.0 50.0 50.0 50.0 50.0 50.0 50.0 50.0 50.0 50.0 50.0 50.0 50.0 50.0 50.0 50.0 50.0 50.0 50.0 50.0 50.0 50.0 50.0 50.0 50.0 50.0 50.0 50.0 50.0 50.0 50.0 50.0 50.0 50.0 50.0 50.0 50.0 50.0 50.0 50.0 50.0 50.0 50.0 50.0 50.0 50.0 50.0 50.0 50.0 50.0 50.0 50.0 50.0 50.0 50.0 50.0 50.0 50.0 50.0 50.0 50.0 50.0 50.0 50.0 50.0 50.0 50.0 50.0 50.0