4 151 9
300.0440999999999 302.0443999999999 304.0446999999999 306.0449999999999 308.0452999999999 310.0455999999999 312.0458999999999 314.0461999999999 316.04649999999987 318.0467999999999 320.0470999999999 322.04739999999987 324.0476999999999 326.0479999999999 328.04829999999987 330.0485999999999 332.0488999999999 334.04919999999987 336.0494999999999 338.0497999999999 340.0500999999999 342.05039999999985 344.0506999999999 346.0509999999999 348.05129999999986 350.0515999999999 352.0518999999999 354.05219999999986 356.0524999999999 358.0527999999999 360.05309999999986 362.0533999999999 364.0536999999999 366.05399999999986 368.0542999999999 370.0545999999999 372.05489999999986 374.0551999999999 376.0554999999999 378.05579999999986 380.05609999999984 382.0563999999999 384.05669999999986 386.05699999999985 388.0572999999999 390.05759999999987 392.05789999999985 394.0581999999999 396.05849999999987 398.05879999999985 399.99 402.04 403.99 406.05 407.99 410.06 412.01 413.96 416.02 417.97 420.04 422.0 423.95 426.02 427.98 430.05 432.01 433.96 436.03 437.99 440.06 442.01 443.96 446.03 447.98 450.04 451.98 454.04 455.99 458.04 459.98 462.03 463.97 466.02 467.95 470.0 472.05 473.98 476.02 477.96 480.0 482.05 483.98 486.03 487.96 490.01 492.06 493.99 496.05 497.98 500.04 501.98 504.04 505.98 508.04 509.99 512.05 514.0 515.95 518.01 519.96 522.03 523.98 526.04 527.99 530.05 532.0 534.06 536.0 538.06 540.0 542.05 543.99 546.04 547.98 550.03 551.96 554.0 556.04 557.97 560.01 562.05 563.98 566.01 568.05 569.98 572.01 574.05 575.97 578.01 580.05 581.98 584.02 585.95 588.0 590.04 591.97 594.02 595.96 598.01 599.95
0.0 13.54 26.89 39.77 50.0 60.0 70.0 80.0 90.0
72.75349827254115 74.66151583898615 76.47627608810272 78.19604980214868 79.82018180608307 81.34898896211865 82.78364764184633 84.12607594356437 85.37881524501394 86.54491489050437 87.62782298236618 88.63128544052536 89.55925475475647 90.41580920981926 91.20508282822364 91.93120585164674 92.59825526473864 93.21021464352694 93.7709424712388 94.28414799238755 94.75337365698137 95.18198322743298 95.57315466959038 95.92987701656571 96.25495047190168 96.5509891010413 96.82042554256543 97.06551725006628 97.28835384973142 97.49086526647186 97.67483033212235 97.8418856427357 97.9935344784678 98.13115563941439 98.25601208454894 98.36925928922695 98.47195326018974 98.56505816623248 98.64945355827675 98.72594116504327 98.79525126033782 98.85804860557086 98.91493797690983 98.96646929073086 99.013142344081 99.05541118891283 99.09368816011649 99.12834757801132 99.15972914611262 99.18814106477048 99.2130163457675 99.23693321066918 99.25752680986648 99.27721578222383 99.29399864138979 99.31020421504488 99.32401414648844 99.33654449020841 99.34852250024596 99.35878117585386 99.36863239897104 99.37706731147557 99.3846788980957 99.3919877868617 99.39824557907146 99.40422217300139 99.40933914125884 99.41395635240099 99.52141392216474 99.54581905683287 99.54944839949111 99.56284400954189 99.58625692087438 99.6095591300729 99.61185481561161 99.56252613418049 99.4613473655844 99.34978687296802 99.2791854580541 99.3321700533589 99.51891639241029 99.7365292366741 99.89214109158812 99.94465424797552 99.93518810112614 99.95660718216521 99.99324448378759 99.99386588537608 99.99446067930225 99.90753305903756 99.7225090312489 99.61988791616409 99.64087592760517 99.72368743713584 99.74460815051019 99.62122819513773 99.40506126700959 99.21977310565057 99.20968571419823 99.3747745910293 99.61200303422456 99.76675376515458 99.71536898424046 99.50936455899391 99.27243513923695 99.16947283585232 99.24171701850204 99.41701271729814 99.53046148835908 99.45838879384955 99.16986739373269 98.76797074474106 98.41759772577524 98.24243416692272 98.28370201028329 98.44864725477845 98.61358691596381 98.68576571293758 98.66518024404631 98.63428706461622 98.71676269745666 98.96414326044628 99.33520023234297 99.71656314632479 99.9639375058153 99.96395227604911 99.74752571959493 99.4177256729583 99.09823101696517 98.84057452571435 98.55199770220263 98.04698072572077 97.15031053580229 95.77953481779514 94.05833282410548 92.20314359865522 90.47163357335411 89.01840211152769 87.79191591695023 86.47266978987189 84.57625167423767 81.89652871893072 78.51595425913735 74.74372714525381 70.76536706255602 66.35412790673573 61.19050389757781 55.181735427648206 48.420582121026236 41.17501663877969 33.88822434645197
72.7214846066433 74.6286625895858 76.44262429114549 78.16164125448655 79.7850585928642 81.31319302906256 82.74722041703464 84.0890580110594 85.3412460705975 86.50683259815766 87.58926417880454 88.59228508414992 89.51984606475729 90.3760236108219 91.16494992576293 91.89075343383041 92.55750932568202 93.16919942445547 93.7296805155325 94.24266021125044 94.7116794028359 95.14010037254782 95.53109968783633 95.88766506655165 96.21259548006503 96.50850384355432 96.7778217251683 97.02280558515355 97.24554413020111 97.44796643599858 97.63185055164269 97.79883235303618 97.9504144588477 98.08797506246067 98.21277656710969 98.3259739397073 98.42862272232102 98.52168665948356 98.60604491508836 98.68249886507209 98.75177846189871 98.81454817446422 98.87141251281686 98.9229211513535 98.96957366719589 99.01182391250042 99.05008404071788 99.0847282074557 99.11609596674973 99.14449538333285 99.16935971847911 99.19326605926112 99.21385059667281 99.2335309053068 99.25030637952413 99.26650482225311 99.28030867692317 99.29283350692562 99.30480624628862 99.31506040777938 99.32490729607045 99.3333384969669 99.34094673426642 99.34825240690772 99.35450744550597 99.36048140955988 99.36559612620174 99.370211305636 99.38494591548394 99.44025831710695 99.49540380066497 99.50879853721892 99.4703838863763 99.38033081371012 99.26926484614664 99.209619241001 99.26300897044077 99.43999650525933 99.65795576472298 99.82431640546653 99.8874093802536 99.88861137525068 99.91025366150907 99.97307752601951 99.99170756425623 99.94380504323395 99.78993258699003 99.61533692296908 99.54378135289905 99.58551879923925 99.66846008651878 99.64828685296997 99.48374949036082 99.26766103093618 99.13397499845054 99.19611245293102 99.41282937235896 99.63981519821121 99.722493038441 99.61960716506468 99.39302731942954 99.2179565705121 99.20779616401069 99.35222375121283 99.51726144727469 99.53797942018694 99.34223850841678 98.9712579750076 98.56934693149705 98.32204252991025 98.28087499850864 98.40462313412327 98.57989954868351 98.68302210580477 98.6624489466482 98.62125911372434 98.65221539898886 98.84808880031073 99.19856873155653 99.57997001953834 99.84798588898822 99.89954499167442 99.72433760612978 99.42544021318244 99.11623271733706 98.85856161106378 98.5802734134762 98.06491366603379 97.15787017312135 95.76637555132612 94.0450423541605 92.21032625007378 90.53022036318022 89.11810733737504 87.8812200466799 86.42787564864369 84.36639196836403 81.45969764405794 77.93455613168346 73.98680918024263 69.76076078846904 65.10179927714817 59.69039419618841 53.47500815356397 46.57933060802363 39.31258474695068 32.11799060254007 25.45938321172102 19.65629330601846 14.677798659325676 10.47236208514363
72.78051192937843 74.68923795016589 76.50467202682032 78.22508429953427 79.84981934999774 81.3791941580757 82.81438553215037 84.15731228271736 85.41051673114129 86.57704935396491 87.6603595338125 88.66419458148474 89.59250845433095 90.44938095139395 91.23894763016222 91.96534026588772 92.63263735702076 93.24482395870622 93.80575998684111 94.31915606319565 94.7885559531035 95.21732466795542 95.60864135359051 95.96549615296053 96.29069030933462 96.58683885876849 96.85637534309117 97.10155805409613 97.32447739385732 97.52706400387433 97.71109737646911 97.87821471536896 98.0299198589035 98.16759211912233 98.29249492394051 98.40578417774601 98.50851627937959 98.60165575563602 98.68608248401756 98.76259849092992 98.8319343213324 98.89475498346393 98.9516654780477 99.00321592564596 99.04990630888233 99.09219084830062 99.13048203189254 99.16515431896401 99.1965475391636 99.22497000727734 99.24985452456293 99.27378026988956 99.29438151557032 99.31407779851968 99.33086688922651 99.34707848007412 99.36089353919894 99.37342853548427 99.3854109930035 99.39567347769756 99.4055283586122 99.41396640303255 99.42158081586439 99.42889241844921 99.43515253420153 99.44113134726405 99.44625021547171 99.4508691410023 99.61007427777986 99.75833482622309 99.8445221626878 99.87858072888525 99.87107553831969 99.82217893316606 99.7419202471162 99.63059566279541 99.53958259876244 99.52073666550535 99.55323550932266 99.57533960445112 99.51466667912878 99.38169013412707 99.26918133095602 99.25983856994932 99.38452896534457 99.56079667168946 99.69570258990927 99.6963221424428 99.60402022534548 99.54259999835219 99.5637287932113 99.66738722958814 99.75033769239276 99.70941171660823 99.5239252281302 99.25585023482375 99.02903290310198 98.92603920441054 98.95722365913521 99.02966317879427 99.07113049757373 99.05063900116646 99.0094972862681 99.03026640042405 99.17489607437854 99.40208581295049 99.64991571554253 99.80483255014478 99.84619806383381 99.77401645036225 99.62956900020608 99.43350799138516 99.11357169031825 98.61815565624585 97.91628839570082 97.02861924110583 96.0170774322861 94.94360026786345 93.71528476137924 92.13601253517365 90.06126982458417 87.43944810091125 84.39441181700764 80.90551848572971 77.00373324128155 72.699379805862 68.06471259491326 63.09973282432991 57.70121787670258 51.79691203985962 45.60358266549219 39.3999296204112 33.45433081369395 27.84936453941127 22.719219796497665 18.136152305356337 14.120806808579827 10.580283347207674 7.4732931045744655 4.872091814022369 2.9624796534787152 1.7547789380762893 1.073511849783345 0.7019116102443348 0.5057892597529522 0.39224473985271396 0.34063359567433044 0.30966691023082527 0.30966691457508505 0.33031137997871524 0.39224476823223126
72.67064653052904 74.57649124504357 76.38918484373723 78.10700007810237 79.72928251921189 81.25634866843563 82.68937355771158 84.0302731010061 85.28158578193741 86.44635747221905 87.52803234747986 88.53035206178924 89.45726460382322 90.31284361398764 91.10121840696421 91.82651452090757 92.4928042975944 93.10406677655277 93.66415604696604 94.1767771292569 94.64546843928866 95.07358990881869 95.46431588462495 95.82063199590628 96.14533525733135 96.44103675744338 96.71016636453244 96.95497896140078 97.17756179456804 97.37984259114515 97.56359815723177 97.7304632251238 97.8819393630405 98.01940380089894 98.14411805941393 98.25723629808469 98.35981332107121 98.45281219917251 98.53711148167683 98.6135119842956 98.6827431491982 98.74546898076427 98.80229356644166 98.85376619636132 98.90038609840099 98.94260680743851 98.98084018879676 99.01546013651877 99.04680596726523 99.07518553040738 99.10003248341452 99.12392211177132 99.14449225896139 99.16415880950127 99.1809225563338 99.19710967506865 99.21090387975124 99.22341995390576 99.2353843233759 99.24563131639582 99.25547132093224 99.26389662775166 99.27149954629085 99.27880011168848 99.28505077751946 99.29102056529945 99.29613170634937 99.30074365940776 99.3676542234792 99.46517485335642 99.54170269113148 99.59686861903367 99.58925977516509 99.56070773357747 99.51092414579678 99.46103667813347 99.40040707515742 99.37095093747811 99.36206903880375 99.39477833985288 99.44811232013954 99.5118099039135 99.58575394332759 99.6284036823195 99.63965777277468 99.63004553744175 99.54743384950645 99.17302842356949 98.19438302781644 96.33016226924084 93.58041160921816 90.08052967165223 86.09093364137011 81.80960218367873 77.38235098163354 72.91339302877097 68.46522414659024 64.1107657021423 60.04798006034813 56.51646453782532 53.818356455824315 51.96406806819697 50.82860133764485 50.03690924535524 49.245212723611964 47.99511963174214 46.05744179947746 43.31757649023727 39.952629589435325 36.18137802700466 32.17050555462942 28.03461232233955 23.84662233304886 19.63779172180978 15.533135179496453 11.709759210628361 8.480202214471152 6.021570635893083 4.375536986640849 3.3962510549318523 2.844100464623261 2.646159989343413 2.7190861711520706 3.000371488681633 3.4066723207282044 3.781719373523545 4.052586836221011 4.1776028719787535 4.198439253502221 4.156767787451789 4.052588505340304 3.8859013735683408 3.6254524701463477 3.2295699415800336 2.719089693802641 2.14610155391599 1.6356211669079082 1.2605743308887787 1.0522149770252094 0.937617340281942 0.9167814294268022 0.9480353684047076 1.041797136127503 1.2189026773234892 1.4897699719237183 1.8960709110589802 2.448223470816823 3.135809688453335 3.9171576724230257 4.708923648116115 5.4694357160846
50.0 50.0 50.0 50.0 50.0 50.0 50.0 50.0 50.0 50.0 50.0 50.0 50.0 50.0 50.0 50.0 50.0 50.0 50.0 50.0 50.0 50.0 50.0 50.0 50.0 50.0 50.0 50.0 50.0 50.0 50.0 50.0 50.0 50.0 50.0 50.0 50.0 50.0 50.0 50.0 50.0 50.0 50.0 50.0 50.0 50.0 50.0 50.0 50.0 50.0 50.0 50.0 50.0 50.0 50.0 50.0 50.0 50.0 50.0 50.0 50.0 50.0 50.0 50.0 50.0 50.0 50.0 50.0 50.0 50.0 50.0 50.0 50.0 50.0 50.0 50.0 50.0 50.0 50.0 50.0 50.0 50.0 50.0 50.0 50.0 50.0 50.0 50.0 50.0 50.0 50.0 50.0 50.0 50.0 50.0 50.0 50.0 50.0 50.0 50.0 50.0 50.0 50.0 50.0 50.0 50.0 50.0 50.0 50.0 50.0 50.0 50.0 50.0 50.0 50.0 50.0 50.0 50.0 50.0 50.0 50.0 50.0 50.0 50.0 50.0 50.0 50.0 50.0 50.0 50.0 50.0 50.0 50.0 50.0 50.0 50.0 50.0 50.0 50.0 50.0 50.0 50.0 50.0 50.0 50.0 50.0 50.0 50.0 50.0 50.0 50.0
50.0 50.0 50.0 50.0 50.0 50.0 50.0 50.0 50.0 50.0 50.0 50.0 50.0 50.0 50.0 50.0 50.0 50.0 50.0 50.0 50.0 50.0 50.0 50.0 50.0 50.0 50.0 50.0 50.0 50.0 50.0 50.0 50.0 50.0 50.0 50.0 50.0 50.0 50.0 50.0 50.0 50.0 50.0 50.0 50.0 50.0 50.0 50.0 50.0 50.0 50.0 50.0 50.0 50.0 50.0 50.0 50.0 50.0 50.0 50.0 50.0 50.0 50.0 50.0 50.0 50.0 50.0 50.0 50.0 50.0 50.0 50.0 50.0 50.0 50.0 50.0 50.0 50.0 50.0 50.0 50.0 50.0 50.0 50.0 50.0 50.0 50.0 50.0 50.0 50.0 50.0 50.0 50.0 50.0 50.0 50.0 50.0 50.0 50.0 50.0 50.0 50.0 50.0 50.0 50.0 50.0 50.0 50.0 50.0 50.0 50.0 50.0 50.0 50.0 50.0 50.0 50.0 50.0 50.0 50.0 50.0 50.0 50.0 50.0 50.0 50.0 50.0 50.0 50.0 50.0 50.0 50.0 50.0 50.0 50.0 50.0 50.0 50.0 50.0 50.0 50.0 50.0 50.0 50.0 50.0 50.0 50.0 50.0 50.0 50.0 50.0
50.0 50.0 50.0 50.0 50.0 50.0 50.0 50.0 50.0 50.0 50.0 50.0 50.0 50.0 50.0 50.0 50.0 50.0 50.0 50.0 50.0 50.0 50.0 50.0 50.0 50.0 50.0 50.0 50.0 50.0 50.0 50.0 50.0 50.0 50.0 50.0 50.0 50.0 50.0 50.0 50.0 50.0 50.0 50.0 50.0 50.0 50.0 50.0 50.0 50.0 50.0 50.0 50.0 50.0 50.0 50.0 50.0 50.0 50.0 50.0 50.0 50.0 50.0 50.0 50.0 50.0 50.0 50.0 50.0 50.0 50.0 50.0 50.0 50.0 50.0 50.0 50.0 50.0 50.0 50.0 50.0 50.0 50.0 50.0 50.0 50.0 50.0 50.0 50.0 50.0 50.0 50.0 50.0 50.0 50.0 50.0 50.0 50.0 50.0 50.0 50.0 50.0 50.0 50.0 50.0 50.0 50.0 50.0 50.0 50.0 50.0 50.0 50.0 50.0 50.0 50.0 50.0 50.0 50.0 50.0 50.0 50.0 50.0 50.0 50.0 50.0 50.0 50.0 50.0 50.0 50.0 50.0 50.0 50.0 50.0 50.0 50.0 50.0 50.0 50.0 50.0 50.0 50.0 50.0 50.0 50.0 50.0 50.0 50.0 50.0 50.0
50.0 50.0 50.0 50.0 50.0 50.0 50.0 50.0 50.0 50.0 50.0 50.0 50.0 50.0 50.0 50.0 50.0 50.0 50.0 50.0 50.0 50.0 50.0 50.0 50.0 50.0 50.0 50.0 50.0 50.0 50.0 50.0 50.0 50.0 50.0 50.0 50.0 50.0 50.0 50.0 50.0 50.0 50.0 50.0 50.0 50.0 50.0 50.0 50.0 50.0 50.0 50.0 50.0 50.0 50.0 50.0 50.0 50.0 50.0 50.0 50.0 50.0 50.0 50.0 50.0 50.0 50.0 50.0 50.0 50.0 50.0 50.0 50.0 50.0 50.0 50.0 50.0 50.0 50.0 50.0 50.0 50.0 50.0 50.0 50.0 50.0 50.0 50.0 50.0 50.0 50.0 50.0 50.0 50.0 50.0 50.0 50.0 50.0 50.0 50.0 50.0 50.0 50.0 50.0 50.0 50.0 50.0 50.0 50.0 50.0 50.0 50.0 50.0 50.0 50.0 50.0 50.0 50.0 50.0 50.0 50.0 50.0 50.0 50.0 50.0 50.0 50.0 50.0 50.0 50.0 50.0 50.0 50.0 50.0 50.0 50.0 50.0 50.0 50.0 50.0 50.0 50.0 50.0 50.0 50.0 50.0 50.0 50.0 50.0 50.0 50.0
50.0 50.0 50.0 50.0 50.0 50.0 50.0 50.0 50.0 50.0 50.0 50.0 50.0 50.0 50.0 50.0 50.0 50.0 50.0 50.0 50.0 50.0 50.0 50.0 50.0 50.0 50.0 50.0 50.0 50.0 50.0 50.0 50.0 50.0 50.0 50.0 50.0 50.0 50.0 50.0 50.0 50.0 50.0 50.0 50.0 50.0 50.0 50.0 50.0 50.0 50.0 50.0 50.0 50.0 50.0 50.0 50.0 50.0 50.0 50.0 50.0 50.0 50.0 50.0 50.0 50.0 50.0 50.0 50.0 50.0 50.0 50.0 50.0 50.0 50.0 50.0 50.0 50.0 50.0 50.0 50.0 50.0 50.0 50.0 50.0 50.0 50.0 50.0 50.0 50.0 50.0 50.0 50.0 50.0 50.0 50.0 50.0 50.0 50.0 50.0 50.0 50.0 50.0 50.0 50.0 50.0 50.0 50.0 50.0 50.0 50.0 50.0 50.0 50.0 50.0 50.0 50.0 50.0 50.0 50.0 50.0 50.0 50.0 50.0 50.0 50.0 50.0 50.0 50.0 50.0 50.0 50.0 50.0 50.0 50.0 50.0 50.0 50.0 50.0 50.0 50.0 50.0 50.0 50.0 50.0 50.0 50.0 50.0 50.0 50.0 50.0