4 151 8
300.0440999999999 302.0443999999999 304.0446999999999 306.0449999999999 308.0452999999999 310.0455999999999 312.0458999999999 314.0461999999999 316.04649999999987 318.0467999999999 320.0470999999999 322.04739999999987 324.0476999999999 326.0479999999999 328.04829999999987 330.0485999999999 332.0488999999999 334.04919999999987 336.0494999999999 338.0497999999999 340.0500999999999 342.05039999999985 344.0506999999999 346.0509999999999 348.05129999999986 350.0515999999999 352.0518999999999 354.05219999999986 356.0524999999999 358.0527999999999 360.05309999999986 362.0533999999999 364.0536999999999 366.05399999999986 368.0542999999999 369.99 372.04 373.98 376.04 377.98 380.03 381.97 384.02 385.96 388.01 389.95 392.0 394.05 395.99 398.05 399.99 402.04 403.99 406.05 407.99 410.06 412.01 413.96 416.02 417.97 420.04 422.0 423.95 426.02 427.98 430.05 432.01 433.96 436.03 437.99 440.06 442.01 443.96 446.03 447.98 450.04 451.98 454.04 455.99 458.04 459.98 462.03 463.97 466.02 467.95 470.0 472.05 473.98 476.02 477.96 480.0 482.05 483.98 486.03 487.96 490.01 492.06 493.99 496.05 497.98 500.04 501.98 504.04 505.98 508.04 509.99 512.05 514.0 515.95 518.01 519.96 522.03 523.98 526.04 527.99 530.05 532.0 534.06 536.0 538.06 540.0 542.05 543.99 546.04 547.98 550.03 551.96 554.0 556.04 557.97 560.01 562.05 563.98 566.01 568.05 569.98 572.01 574.05 575.97 578.01 580.05 581.98 584.02 585.95 588.0 590.04 591.97 594.02 595.96 598.01 599.95
0.0 39.77 47.82 50.0 60.0 70.0 80.0 90.0
71.69571887237906 73.57599534423954 75.36437038778762 77.059139926765 78.65965831186735 80.16623779837676 81.58003765435421 82.90294809043735 84.1374735347074 85.28661899637405 86.35378244503603 87.34265533785087 88.25713269845934 89.10123351652605 89.87903170908201 90.59459746729591 91.2519484996252 91.85501046399374 92.40758574427717 92.91332965545237 93.37573314305375 93.79811106299918 94.1835951759797 94.53513105688582 94.85547819647397 95.14721265370444 95.41273169848115 95.49400151676214 95.582721419597 95.81186259547441 96.2345560502 96.72222854238204 97.11482792994431 97.35247620086786 97.47634189901729 97.62583244630017 97.9133935378737 98.24746984593718 98.47681580630262 98.52047152257539 98.39784102354365 98.2546509368204 98.27194961100915 98.39325088049945 98.4409788968116 98.24680375914387 97.78483208579834 97.2368890639653 96.8779785052681 96.89638590976374 97.18698419752951 97.45617794598239 97.36373620336815 96.79912001913017 95.96505690793968 95.21213557809148 94.84615500539581 94.92987393430067 95.20786570530883 95.24845520055563 94.70419312991672 93.57396252961243 92.24791902505564 91.2188247997014 90.81429335550112 91.10696333749797 91.68610180580244 91.87501307300543 91.19176090219565 89.66660125283562 87.81286279519722 86.27658595597129 85.65313748588972 86.10692082711418 87.22733604875818 87.68074388626904 86.2150306242671 83.04580169820657 79.14767820521328 75.55723006048085 72.79773649594483 70.51018699441227 67.01153637419262 61.42955755186476 54.041224139371316 45.55467754383786 37.25268872873538 30.34624934696864 24.835427883249185 20.227635960160946 15.917410612526458 11.442934447321509 6.917100348562352 3.612504670904521 1.8986233768687582 1.1391774102000927 0.7697165301438997 0.5849858996628345 0.5028837256632571 0.4720958098153855 0.49262260541778985 0.5747272585624605 0.7081471348876531 0.8518302368863568 0.9544615428804746 1.0057777235361758 1.0263048175684617 1.0365687461789066 1.0365695448246328 1.0263072357218992 1.0057817251458987 0.9544669087724208 0.8620995879824338 0.7389428681626095 0.6363121827746465 0.6260493355373452 0.6363126591375184 0.6260497583461642 0.6055237070418614 0.5747345213016434 0.5542084159975316 0.5234191748127308 0.4926299044968857 0.45157749391049673 0.4002619314378698 0.3284200948339041 0.21552571437492518 0.1231575659158182 0.0821050528805216 0.06157879540207684 0.05131566741487054 0.04105253724045748 0.041052540074738304 0.030789407081243322 0.030789408919525803 0.030789410494291555 0.03078941199458941 0.030789413356422983 0.030789414517279345 0.030789415634486728 0.030789416643358082 0.030789417507608257 0.030789418334842278 0.03078941904349273 0.030789419724948922 0.04105256044955535 0.041052561148830706 0.04105256182127155 0.05131570299648793 0.061578844422020565 0.08210512683954398
71.52213347988318 73.3978575386498 75.19784455463149 76.84811837690361 78.39433704259898 79.8534407392315 81.1754407336128 82.29888846340543 83.28415031620841 84.20515225582079 85.1126518465082 85.94874463072138 86.6152640684532 87.08555656850976 87.4560095507881 87.87441325211782 88.35760600838053 88.77638363857506 89.01723307722452 89.11134122701945 88.9523922980699 88.21389363211544 86.75349897703653 84.41769019524253 81.3428908777988 77.90990632753991 74.16141755142085 70.17086750905428 66.17450669838581 62.34936918227076 58.73081025752831 55.31300878805276 52.283582719993504 49.810243241741645 48.142891705925436 47.294457550293295 46.90383228604052 46.741480238315766 46.49489690938802 45.747922158548825 44.13338509014861 41.66722778082158 38.54746051974728 35.09091694485649 31.526970177308385 27.957616612245307 24.374524836797075 20.6947894327843 16.99086341369724 13.501598692219023 10.609594913406493 8.657282322100228 7.6141960017912815 7.25354642304214 7.244423462039698 7.390517926007276 7.526125603242054 7.609903957528654 7.641886138273707 7.611607449863364 7.529506483236353 7.374778109507696 7.157811782825834 6.909712829174177 6.71330707585433 6.661907408426884 6.786584715690608 7.077026948318008 7.408931069322692 7.689002423281749 7.855089393011975 7.917512799189634 7.886645298880259 7.76249294338791 7.513934695768622 7.151350532923591 6.653990160788362 6.094418650286965 5.545177427478112 5.141025060994217 4.944152837782532 4.9753080082904075 5.193031254131784 5.514410898098473 5.866884942158028 6.198631693813457 6.45781890299894 6.634076696962351 6.717042610449069 6.706711147409921 6.592718831265091 6.385428870143612 6.105571073143681 5.773880160679972 5.442183929172844 5.162315519592556 4.996471389582915 4.965384366356625 5.110521704955811 5.442249325096535 5.97093577128595 6.686214421417519 7.598453375286915 8.707651960948938 9.961980569053994 11.351071847460782 12.823095711003154 14.357318225244617 15.933007302763878 17.519064520882694 19.125854686546965 20.753379002986286 22.432734926183027 24.22612170036031 26.14390445518663 28.269015147602694 30.622185399165872 33.23451550107212 36.054172619459614 39.03969257425386 42.087410606578885 45.06256507245876 47.86149118422968 50.33906067001171 52.42270781203809 54.060601470014625 55.20090873985353 55.87472938404909 56.11316198065322 56.00950350088829 55.646685475828875 55.169836805181504 54.6826210521442 54.28870242396379 54.08137816607337 54.060648181157916 54.27834471131117 54.6930021702257 55.34608597353382 56.26869555444096 57.64742561372883 59.60667264579845 62.06350586408036 64.74839928999208 67.32962899395567 69.50656988160425 71.26885549227356 72.80308077393057 74.22327575881305 75.64347073730197 77.05329922592709
71.47502243901691 73.34951097377878 75.06723258444968 76.61376665440429 77.9160474417443 79.13984949139187 80.35924437641549 81.52798627641693 82.59657235240316 83.44820113706477 83.77387273980527 83.31752143291732 81.881977869681 79.43013331131854 76.38441175254358 73.14536128222353 69.7517051169139 66.12338923825 62.33738575850882 58.50199391564241 54.7874996333011 51.56901326638306 49.002606612862344 47.265075565602416 46.37977396961154 45.998077044394776 45.7552838986045 45.64371734439728 45.66562545104625 45.79182496900748 45.805427965727745 45.3524183903797 44.23314389935609 42.42481100375623 40.051430473481126 37.35186697469585 34.47689279401831 31.5174141604576 28.46742619281878 25.366667620106806 22.323620653280617 19.56892780376301 17.421277304601265 16.007457692346417 15.298280342747342 15.083137975324046 15.089136040261163 15.168443284555805 15.236462528753226 15.251529284701716 15.1919845122783 15.079407479317776 14.913426317402598 14.726097606576463 14.622854202601296 14.667540814810883 14.97629843802398 15.528234235775752 16.228326684671277 16.938874747915506 17.575428189624343 18.05311598920611 18.371986985680728 18.53209388883385 18.51209191010228 18.312089566193773 17.95312290257199 17.46699802852452 16.938450388743803 16.473271890963275 16.156252840699707 15.976764610182858 15.881923235690595 15.818823468035879 15.713303249140129 15.523052525235148 15.226854353386221 14.803564867042548 14.284919446476742 13.681532280150877 13.056920700026229 12.464055632347593 11.987643492659167 11.712424376800277 11.691342804284318 11.966779074548127 12.559914575887989 13.460160734434226 14.66753226388368 16.13966327561625 17.82361267206304 19.687606952851777 21.668098793760187 23.712145186320384 25.75619260374512 27.789658783254264 29.780766014884577 31.708327594998984 33.60412343577703 35.43637172511982 37.25803382128745 39.100873457722194 40.95430702180406 42.839508893918286 44.74589480259475 46.6310956941868 48.44216290683391 50.16850034896901 51.72538410119152 53.081043408329954 54.21429220393209 55.10395254670108 55.760611141894856 56.22663446308842 56.5020194853041 56.66090462191038 56.745650804330545 56.84098700602098 56.946911324666935 57.10578925627433 57.33880085611298 57.63535703199999 57.984865722641075 58.35555575565044 58.7262444018747 59.07575106847679 59.382893143101526 59.6900349731455 60.039539583695166 60.558496974752266 61.50108837312498 63.02617640865596 65.00667072843311 67.2201639381192 69.32774844974419 71.1493794540904 72.79096588512824 74.41137042481115 76.16945577464864 78.08640403285482 80.0880790241299 81.84616398722603 83.06411508780685 83.72075033557907 83.85843337494893 83.79488987817712 83.69957355756465 83.56189373483053 83.25475993216114 82.6828545364919 81.79322312327123
71.47502243901691 73.34951097377878 75.06723258444968 76.61376665440429 77.9160474417443 79.13984949139187 80.35924437641549 81.52798627641693 82.59657235240316 83.44820113706477 83.77387273980527 83.31752143291732 81.881977869681 79.43013331131854 76.38441175254358 73.14536128222353 69.7517051169139 66.12338923825 62.33738575850882 58.50199391564241 54.7874996333011 51.56901326638306 49.002606612862344 47.265075565602416 46.37977396961154 45.998077044394776 45.7552838986045 45.64371734439728 45.66562545104625 45.79182496900748 45.805427965727745 45.3524183903797 44.23314389935609 42.42481100375623 40.051430473481126 37.35186697469585 34.47689279401831 31.5174141604576 28.46742619281878 25.366667620106806 22.323620653280617 19.56892780376301 17.421277304601265 16.007457692346417 15.298280342747342 15.083137975324046 15.089136040261163 15.168443284555805 15.236462528753226 15.251529284701716 15.1919845122783 15.079407479317776 14.913426317402598 14.726097606576463 14.622854202601296 14.667540814810883 14.97629843802398 15.528234235775752 16.228326684671277 16.938874747915506 17.575428189624343 18.05311598920611 18.371986985680728 18.53209388883385 18.51209191010228 18.312089566193773 17.95312290257199 17.46699802852452 16.938450388743803 16.473271890963275 16.156252840699707 15.976764610182858 15.881923235690595 15.818823468035879 15.713303249140129 15.523052525235148 15.226854353386221 14.803564867042548 14.284919446476742 13.681532280150877 13.056920700026229 12.464055632347593 11.987643492659167 11.712424376800277 11.691342804284318 11.966779074548127 12.559914575887989 13.460160734434226 14.66753226388368 16.13966327561625 17.82361267206304 19.687606952851777 21.668098793760187 23.712145186320384 25.75619260374512 27.789658783254264 29.780766014884577 31.708327594998984 33.60412343577703 35.43637172511982 37.25803382128745 39.100873457722194 40.95430702180406 42.839508893918286 44.74589480259475 46.6310956941868 48.44216290683391 50.16850034896901 51.72538410119152 53.081043408329954 54.21429220393209 55.10395254670108 55.760611141894856 56.22663446308842 56.5020194853041 56.66090462191038 56.745650804330545 56.84098700602098 56.946911324666935 57.10578925627433 57.33880085611298 57.63535703199999 57.984865722641075 58.35555575565044 58.7262444018747 59.07575106847679 59.382893143101526 59.6900349731455 60.039539583695166 60.558496974752266 61.50108837312498 63.02617640865596 65.00667072843311 67.2201639381192 69.32774844974419 71.1493794540904 72.79096588512824 74.41137042481115 76.16945577464864 78.08640403285482 80.0880790241299 81.84616398722603 83.06411508780685 83.72075033557907 83.85843337494893 83.79488987817712 83.69957355756465 83.56189373483053 83.25475993216114 82.6828545364919 81.79322312327123
71.47502243901691 73.34951097377878 75.06723258444968 76.61376665440429 77.9160474417443 79.13984949139187 80.35924437641549 81.52798627641693 82.59657235240316 83.44820113706477 83.77387273980527 83.31752143291732 81.881977869681 79.43013331131854 76.38441175254358 73.14536128222353 69.7517051169139 66.12338923825 62.33738575850882 58.50199391564241 54.7874996333011 51.56901326638306 49.002606612862344 47.265075565602416 46.37977396961154 45.998077044394776 45.7552838986045 45.64371734439728 45.66562545104625 45.79182496900748 45.805427965727745 45.3524183903797 44.23314389935609 42.42481100375623 40.051430473481126 37.35186697469585 34.47689279401831 31.5174141604576 28.46742619281878 25.366667620106806 22.323620653280617 19.56892780376301 17.421277304601265 16.007457692346417 15.298280342747342 15.083137975324046 15.089136040261163 15.168443284555805 15.236462528753226 15.251529284701716 15.1919845122783 15.079407479317776 14.913426317402598 14.726097606576463 14.622854202601296 14.667540814810883 14.97629843802398 15.528234235775752 16.228326684671277 16.938874747915506 17.575428189624343 18.05311598920611 18.371986985680728 18.53209388883385 18.51209191010228 18.312089566193773 17.95312290257199 17.46699802852452 16.938450388743803 16.473271890963275 16.156252840699707 15.976764610182858 15.881923235690595 15.818823468035879 15.713303249140129 15.523052525235148 15.226854353386221 14.803564867042548 14.284919446476742 13.681532280150877 13.056920700026229 12.464055632347593 11.987643492659167 11.712424376800277 11.691342804284318 11.966779074548127 12.559914575887989 13.460160734434226 14.66753226388368 16.13966327561625 17.82361267206304 19.687606952851777 21.668098793760187 23.712145186320384 25.75619260374512 27.789658783254264 29.780766014884577 31.708327594998984 33.60412343577703 35.43637172511982 37.25803382128745 39.100873457722194 40.95430702180406 42.839508893918286 44.74589480259475 46.6310956941868 48.44216290683391 50.16850034896901 51.72538410119152 53.081043408329954 54.21429220393209 55.10395254670108 55.760611141894856 56.22663446308842 56.5020194853041 56.66090462191038 56.745650804330545 56.84098700602098 56.946911324666935 57.10578925627433 57.33880085611298 57.63535703199999 57.984865722641075 58.35555575565044 58.7262444018747 59.07575106847679 59.382893143101526 59.6900349731455 60.039539583695166 60.558496974752266 61.50108837312498 63.02617640865596 65.00667072843311 67.2201639381192 69.32774844974419 71.1493794540904 72.79096588512824 74.41137042481115 76.16945577464864 78.08640403285482 80.0880790241299 81.84616398722603 83.06411508780685 83.72075033557907 83.85843337494893 83.79488987817712 83.69957355756465 83.56189373483053 83.25475993216114 82.6828545364919 81.79322312327123
71.47502243901691 73.34951097377878 75.06723258444968 76.61376665440429 77.9160474417443 79.13984949139187 80.35924437641549 81.52798627641693 82.59657235240316 83.44820113706477 83.77387273980527 83.31752143291732 81.881977869681 79.43013331131854 76.38441175254358 73.14536128222353 69.7517051169139 66.12338923825 62.33738575850882 58.50199391564241 54.7874996333011 51.56901326638306 49.002606612862344 47.265075565602416 46.37977396961154 45.998077044394776 45.7552838986045 45.64371734439728 45.66562545104625 45.79182496900748 45.805427965727745 45.3524183903797 44.23314389935609 42.42481100375623 40.051430473481126 37.35186697469585 34.47689279401831 31.5174141604576 28.46742619281878 25.366667620106806 22.323620653280617 19.56892780376301 17.421277304601265 16.007457692346417 15.298280342747342 15.083137975324046 15.089136040261163 15.168443284555805 15.236462528753226 15.251529284701716 15.1919845122783 15.079407479317776 14.913426317402598 14.726097606576463 14.622854202601296 14.667540814810883 14.97629843802398 15.528234235775752 16.228326684671277 16.938874747915506 17.575428189624343 18.05311598920611 18.371986985680728 18.53209388883385 18.51209191010228 18.312089566193773 17.95312290257199 17.46699802852452 16.938450388743803 16.473271890963275 16.156252840699707 15.976764610182858 15.881923235690595 15.818823468035879 15.713303249140129 15.523052525235148 15.226854353386221 14.803564867042548 14.284919446476742 13.681532280150877 13.056920700026229 12.464055632347593 11.987643492659167 11.712424376800277 11.691342804284318 11.966779074548127 12.559914575887989 13.460160734434226 14.66753226388368 16.13966327561625 17.82361267206304 19.687606952851777 21.668098793760187 23.712145186320384 25.75619260374512 27.789658783254264 29.780766014884577 31.708327594998984 33.60412343577703 35.43637172511982 37.25803382128745 39.100873457722194 40.95430702180406 42.839508893918286 44.74589480259475 46.6310956941868 48.44216290683391 50.16850034896901 51.72538410119152 53.081043408329954 54.21429220393209 55.10395254670108 55.760611141894856 56.22663446308842 56.5020194853041 56.66090462191038 56.745650804330545 56.84098700602098 56.946911324666935 57.10578925627433 57.33880085611298 57.63535703199999 57.984865722641075 58.35555575565044 58.7262444018747 59.07575106847679 59.382893143101526 59.6900349731455 60.039539583695166 60.558496974752266 61.50108837312498 63.02617640865596 65.00667072843311 67.2201639381192 69.32774844974419 71.1493794540904 72.79096588512824 74.41137042481115 76.16945577464864 78.08640403285482 80.0880790241299 81.84616398722603 83.06411508780685 83.72075033557907 83.85843337494893 83.79488987817712 83.69957355756465 83.56189373483053 83.25475993216114 82.6828545364919 81.79322312327123
71.47502243901691 73.34951097377878 75.06723258444968 76.61376665440429 77.9160474417443 79.13984949139187 80.35924437641549 81.52798627641693 82.59657235240316 83.44820113706477 83.77387273980527 83.31752143291732 81.881977869681 79.43013331131854 76.38441175254358 73.14536128222353 69.7517051169139 66.12338923825 62.33738575850882 58.50199391564241 54.7874996333011 51.56901326638306 49.002606612862344 47.265075565602416 46.37977396961154 45.998077044394776 45.7552838986045 45.64371734439728 45.66562545104625 45.79182496900748 45.805427965727745 45.3524183903797 44.23314389935609 42.42481100375623 40.051430473481126 37.35186697469585 34.47689279401831 31.5174141604576 28.46742619281878 25.366667620106806 22.323620653280617 19.56892780376301 17.421277304601265 16.007457692346417 15.298280342747342 15.083137975324046 15.089136040261163 15.168443284555805 15.236462528753226 15.251529284701716 15.1919845122783 15.079407479317776 14.913426317402598 14.726097606576463 14.622854202601296 14.667540814810883 14.97629843802398 15.528234235775752 16.228326684671277 16.938874747915506 17.575428189624343 18.05311598920611 18.371986985680728 18.53209388883385 18.51209191010228 18.312089566193773 17.95312290257199 17.46699802852452 16.938450388743803 16.473271890963275 16.156252840699707 15.976764610182858 15.881923235690595 15.818823468035879 15.713303249140129 15.523052525235148 15.226854353386221 14.803564867042548 14.284919446476742 13.681532280150877 13.056920700026229 12.464055632347593 11.987643492659167 11.712424376800277 11.691342804284318 11.966779074548127 12.559914575887989 13.460160734434226 14.66753226388368 16.13966327561625 17.82361267206304 19.687606952851777 21.668098793760187 23.712145186320384 25.75619260374512 27.789658783254264 29.780766014884577 31.708327594998984 33.60412343577703 35.43637172511982 37.25803382128745 39.100873457722194 40.95430702180406 42.839508893918286 44.74589480259475 46.6310956941868 48.44216290683391 50.16850034896901 51.72538410119152 53.081043408329954 54.21429220393209 55.10395254670108 55.760611141894856 56.22663446308842 56.5020194853041 56.66090462191038 56.745650804330545 56.84098700602098 56.946911324666935 57.10578925627433 57.33880085611298 57.63535703199999 57.984865722641075 58.35555575565044 58.7262444018747 59.07575106847679 59.382893143101526 59.6900349731455 60.039539583695166 60.558496974752266 61.50108837312498 63.02617640865596 65.00667072843311 67.2201639381192 69.32774844974419 71.1493794540904 72.79096588512824 74.41137042481115 76.16945577464864 78.08640403285482 80.0880790241299 81.84616398722603 83.06411508780685 83.72075033557907 83.85843337494893 83.79488987817712 83.69957355756465 83.56189373483053 83.25475993216114 82.6828545364919 81.79322312327123
71.47502243901691 73.34951097377878 75.06723258444968 76.61376665440429 77.9160474417443 79.13984949139187 80.35924437641549 81.52798627641693 82.59657235240316 83.44820113706477 83.77387273980527 83.31752143291732 81.881977869681 79.43013331131854 76.38441175254358 73.14536128222353 69.7517051169139 66.12338923825 62.33738575850882 58.50199391564241 54.7874996333011 51.56901326638306 49.002606612862344 47.265075565602416 46.37977396961154 45.998077044394776 45.7552838986045 45.64371734439728 45.66562545104625 45.79182496900748 45.805427965727745 45.3524183903797 44.23314389935609 42.42481100375623 40.051430473481126 37.35186697469585 34.47689279401831 31.5174141604576 28.46742619281878 25.366667620106806 22.323620653280617 19.56892780376301 17.421277304601265 16.007457692346417 15.298280342747342 15.083137975324046 15.089136040261163 15.168443284555805 15.236462528753226 15.251529284701716 15.1919845122783 15.079407479317776 14.913426317402598 14.726097606576463 14.622854202601296 14.667540814810883 14.97629843802398 15.528234235775752 16.228326684671277 16.938874747915506 17.575428189624343 18.05311598920611 18.371986985680728 18.53209388883385 18.51209191010228 18.312089566193773 17.95312290257199 17.46699802852452 16.938450388743803 16.473271890963275 16.156252840699707 15.976764610182858 15.881923235690595 15.818823468035879 15.713303249140129 15.523052525235148 15.226854353386221 14.803564867042548 14.284919446476742 13.681532280150877 13.056920700026229 12.464055632347593 11.987643492659167 11.712424376800277 11.691342804284318 11.966779074548127 12.559914575887989 13.460160734434226 14.66753226388368 16.13966327561625 17.82361267206304 19.687606952851777 21.668098793760187 23.712145186320384 25.75619260374512 27.789658783254264 29.780766014884577 31.708327594998984 33.60412343577703 35.43637172511982 37.25803382128745 39.100873457722194 40.95430702180406 42.839508893918286 44.74589480259475 46.6310956941868 48.44216290683391 50.16850034896901 51.72538410119152 53.081043408329954 54.21429220393209 55.10395254670108 55.760611141894856 56.22663446308842 56.5020194853041 56.66090462191038 56.745650804330545 56.84098700602098 56.946911324666935 57.10578925627433 57.33880085611298 57.63535703199999 57.984865722641075 58.35555575565044 58.7262444018747 59.07575106847679 59.382893143101526 59.6900349731455 60.039539583695166 60.558496974752266 61.50108837312498 63.02617640865596 65.00667072843311 67.2201639381192 69.32774844974419 71.1493794540904 72.79096588512824 74.41137042481115 76.16945577464864 78.08640403285482 80.0880790241299 81.84616398722603 83.06411508780685 83.72075033557907 83.85843337494893 83.79488987817712 83.69957355756465 83.56189373483053 83.25475993216114 82.6828545364919 81.79322312327123