4 151 8
300.0440999999999 302.0443999999999 304.0446999999999 306.0449999999999 308.0452999999999 310.0455999999999 312.0458999999999 314.0461999999999 316.04649999999987 318.0467999999999 320.0470999999999 322.04739999999987 324.0476999999999 326.0479999999999 328.04829999999987 330.0485999999999 332.0488999999999 334.04919999999987 336.0494999999999 338.0497999999999 340.0500999999999 342.05039999999985 344.0506999999999 346.0509999999999 348.05129999999986 350.0515999999999 352.0518999999999 354.05219999999986 356.0524999999999 358.0527999999999 360.05309999999986 362.0533999999999 364.0536999999999 366.05399999999986 368.0542999999999 369.99 372.04 373.98 376.04 377.98 380.03 381.97 384.02 385.96 388.01 389.95 392.0 394.05 395.99 398.05 399.99 402.04 403.99 406.05 407.99 410.06 412.01 413.96 416.02 417.97 420.04 422.0 423.95 426.02 427.98 430.05 432.01 433.96 436.03 437.99 440.06 442.01 443.96 446.03 447.98 450.04 451.98 454.04 455.99 458.04 459.98 462.03 463.97 466.02 467.95 470.0 472.05 473.98 476.02 477.96 480.0 482.05 483.98 486.03 487.96 490.01 492.06 493.99 496.05 497.98 500.04 501.98 504.04 505.98 508.04 509.99 512.05 514.0 515.95 518.01 519.96 522.03 523.98 526.04 527.99 530.05 532.0 534.06 536.0 538.06 540.0 542.05 543.99 546.04 547.98 550.03 551.96 554.0 556.04 557.97 560.01 562.05 563.98 566.01 568.05 569.98 572.01 574.05 575.97 578.01 580.05 581.98 584.02 585.95 588.0 590.04 591.97 594.02 595.96 598.01 599.95
0.0 39.77 47.82 50.0 60.0 70.0 80.0 90.0
71.69571887237906 73.57599534423954 75.36437038778762 77.059139926765 78.65965831186735 80.16623779837676 81.58003765435421 82.90294809043735 84.1374735347074 85.28661899637405 86.35378244503603 87.34265533785087 88.25713269845934 89.10123351652605 89.87903170908201 90.59459746729591 91.2519484996252 91.85501046399374 92.40758574427717 92.91332965545237 93.37573314305375 93.79811106299918 94.1835951759797 94.53513105688582 94.85547819647397 95.14721265370444 95.41273169848115 95.65425996277307 95.8738566912248 96.07342374913698 96.25471410551005 96.41934056156039 96.56878454091712 96.7044047969927 96.82744592631735 96.9356102996638 97.03952971011766 96.96598110881627 96.91934704277519 97.02295220566725 97.33760734488135 97.72420639272626 98.0269842193739 98.17879750546153 98.22642149599864 98.30813135200226 98.53128118568995 98.81215530800597 98.98580102027498 98.98436126896853 98.81478684025647 98.63380329680597 98.6133023528328 98.70457417550209 98.72126022934003 98.5016733588005 98.01315974893019 97.44124626060493 97.06342979410617 97.0631997183703 97.33942241038322 97.59379741307632 97.48846228484479 96.91102715677744 96.0658088510982 95.30227385371467 94.92763326369388 95.00385172723351 95.27482095834075 95.30923634311702 94.75868685318864 93.62276689835153 92.2915634505963 91.25773997096682 90.84940987833255 91.13872056147942 91.71506114254932 91.9014209822239 91.2153133107923 89.68765322947205 87.83138238917279 86.29313963557166 85.66804068173967 86.12042214755247 87.23973536057646 87.69198459384872 86.22509385642829 83.05451334630276 79.15522944772766 75.56371566446728 72.8034241684479 70.51515927134177 67.01582385179846 61.43310500009791 54.044057851842595 45.55683354845235 37.25428005896474 30.3474264088246 24.836298287858824 20.228279155350542 15.917867937562333 11.44323023744899 6.917263317598236 3.612581245590333 1.8986600584181483 1.1391972174746485 0.7697286131763463 0.5849942428930461 0.5028901752119506 0.47210132843207364 0.49262778374493005 0.5747327622715652 0.7081532329855705 0.8518369174652303 0.9544682741619699 1.0057841784042596 1.0263107405443848 1.036574190048567 1.0365744815462374 1.026311645181506 1.005785643847372 0.9544702599526267 0.86210233286955 0.7389449900353583 0.6363138397217417 0.6260508057771296 0.6363140138688267 0.6260509600720758 0.6055247649938467 0.5747354237527172 0.5542092080806018 0.523419849815833 0.4926304808968596 0.4515779705249021 0.4002623159538355 0.3284203786057766 0.21552588396212588 0.12315765342569193 0.0821051053794116 0.061578831268973455 0.05131569440559681 0.041052556676811014 0.0410525577797897 0.03078941904349273 0.030789419724948922 0.030789420337166515 0.030789420861623028 0.030789421365953664 0.030789421797892756 0.030789422211010282 0.03078942256482899
71.52213347988318 73.3978575386498 75.18190267535343 76.8725689395434 78.46921224512295 79.97214409136032 81.3825209395659 82.70222842391222 83.93376490890883 85.08012812821657 86.14470782447316 87.1311865173005 88.06211889447003 88.85723545985051 89.57586717359524 90.24111045779587 90.7993836512118 91.18572300631051 91.47038695319985 91.73515332534478 92.03367867499873 92.30117705276677 92.43147514156871 92.39652671967738 92.29829749330894 92.29033207567404 92.3864168843731 92.44829689990453 92.35632960602176 92.14212512138711 91.69499185119734 90.67906971669711 88.95052195905909 86.35480157906052 83.03394298056656 79.3743096367593 75.42587822103101 71.25250701823256 67.09988881704251 63.13748321296797 59.40398940388878 55.88601470899511 52.77465910686984 50.23302925380692 48.513350835851625 47.624994620490256 47.19982140006891 47.01013076343913 46.73520946273657 45.96332908545619 44.32039356614058 41.828016380613285 38.6813571341 35.20194712009895 31.616733823616116 28.030143618526193 24.431439372285073 20.738282485618903 17.023388633227608 13.524842625199392 10.626236109766847 8.669507412440929 7.623950032069196 7.261932073839727 7.252029248608073 7.397514602825497 7.532590974514614 7.615834270883947 7.647260320503702 7.616464664571543 7.5338390352502715 7.378624493485628 7.161198293727016 6.912660605126483 6.715903010838714 6.664229554594013 6.788728279308998 7.079061119295913 7.4108445993399075 7.6908076517292505 7.85674601895002 7.919031913195565 7.888017533721133 7.763710080217586 7.515002796933869 7.152267339015527 6.654766831019774 6.09505796533416 5.545706476219524 5.141466351028317 4.944539123448818 4.975658859852165 5.19336351043291 5.514729345568663 5.867192578879676 6.1989250616794145 6.458094762884141 6.634334017678998 6.717278021929748 6.7069244063570626 6.59290824746157 6.385593928051461 6.105714922297397 5.7740025502959025 5.442289072584129 5.162405278571206 4.9965498243359106 4.965455184037669 5.110587248056339 5.442312942877761 5.9709985362878335 6.686278450013064 7.598518808175675 8.70772025173413 9.962050825311003 11.351144696232105 12.82316971522281 14.35739362725667 15.933083184620306 17.51913979035821 19.12592920422119 20.7534518691195 22.432806351022965 24.22619126561313 26.14397253351 28.26908153571043 30.622250594840814 33.23457929596686 36.05423561217659 39.03975387457807 42.0874707585442 45.062623185292 47.861547184407534 50.33911380003212 52.42275817248093 54.060648181157916 55.20095217489151 55.874769085958405 56.11319786003719 56.009536123921244 55.646714744559674 55.169862925380755 54.682644635547675 54.28872351612048 54.08139714572236 54.060665463469974 54.27836034291554 54.69301639801477 55.34609906093616 56.268707573259576 57.647436700575895
71.47502243901691 73.34951097377878 75.13238097462929 76.82193361086121 78.41752522063193 79.91946709802774 81.32891494260744 82.64775314649188 83.87847842853844 85.02408654782548 86.08796501419509 87.07379392162383 87.90916282351729 88.58626140575055 89.0293582371986 89.43469227441035 89.88642123915565 90.3315769224427 90.71522499055784 90.91051225435766 90.58603530529969 89.4754813513423 87.3803489881695 84.27423242191917 80.61368447977787 76.82110676703572 72.93214923360256 68.85834351186021 64.675703196661 60.4917170923615 56.47671976700764 53.0101320400303 50.24359232729407 48.34965529910839 47.34397149751884 46.86266204284612 46.53541673353201 46.34728635783575 46.30421205090228 46.370646859631634 46.330454927920755 45.8222392306511 44.64860610290493 42.784909961110245 40.35962588010808 37.61291609790598 34.69446104921588 31.69856310613854 28.61456233743676 25.48610814680418 22.41821358487799 19.644441838858967 17.48179101983267 16.05810643531202 15.341837634110254 15.122266305104228 15.12436918529258 15.200321932431715 15.265629338970438 15.277785843841341 15.215813206911381 15.100701357911559 14.932530896771604 14.743122094314991 14.638206467507981 14.681426721566913 14.989163932807745 15.540335215681212 16.239739310208122 16.949683995779054 17.58554126369739 18.062531759424754 18.380679158105917 18.53999992806615 18.51925025791515 18.318472625277494 17.95879345155983 17.472018619900002 16.942825140372708 16.477139495290068 16.15966016888891 15.979830033315649 15.884686606880523 15.821303814592778 15.715536885469138 15.525042586980137 15.228631669584257 14.80511778657675 14.286282327782736 13.682706661480443 13.05794083461303 12.464934579616214 11.988410476313064 11.713100748579876 11.691955853015875 11.967345436386173 12.560451100161133 13.460682823394691 14.668046315332866 16.140176482092826 17.824124764419206 19.688115860754483 21.66860930090797 23.71264781544698 25.756690215363413 27.790141971734304 29.78123351421446 31.708779827910757 33.604554412997686 35.436785962544306 37.25842546853548 39.10124789591013 40.954659693391726 42.839844867808 44.74621037027364 46.63139496266756 48.44244247461887 50.168763824766415 51.72563044628479 53.08127146744193 54.21450343229448 55.10414601938551 55.7607886812247 56.22679591774015 56.502166615690086 56.66103768668893 56.745771617752446 56.84109611442013 56.947010820520184 57.1058789240756 57.338882805596455 57.63543135874739 57.984933567639494 58.35561734662625 58.72630081787833 59.075802112967565 59.38293986874931 59.69007738602842 60.039577973648925 60.55853224737064 61.5011207211217 63.026206248444886 65.00669876437057 67.22019005438588 69.32777278004744 71.14940219939255 72.79098684817689 74.41138978211906 76.1694737860454 78.0864207118682 80.08809442680008
71.47502243901691 73.34951097377878 75.13238097462929 76.82193361086121 78.41752522063193 79.91946709802774 81.32891494260744 82.64775314649188 83.87847842853844 85.02408654782548 86.08796501419509 87.07379392162383 87.90916282351729 88.58626140575055 89.0293582371986 89.43469227441035 89.88642123915565 90.3315769224427 90.71522499055784 90.91051225435766 90.58603530529969 89.4754813513423 87.3803489881695 84.27423242191917 80.61368447977787 76.82110676703572 72.93214923360256 68.85834351186021 64.675703196661 60.4917170923615 56.47671976700764 53.0101320400303 50.24359232729407 48.34965529910839 47.34397149751884 46.86266204284612 46.53541673353201 46.34728635783575 46.30421205090228 46.370646859631634 46.330454927920755 45.8222392306511 44.64860610290493 42.784909961110245 40.35962588010808 37.61291609790598 34.69446104921588 31.69856310613854 28.61456233743676 25.48610814680418 22.41821358487799 19.644441838858967 17.48179101983267 16.05810643531202 15.341837634110254 15.122266305104228 15.12436918529258 15.200321932431715 15.265629338970438 15.277785843841341 15.215813206911381 15.100701357911559 14.932530896771604 14.743122094314991 14.638206467507981 14.681426721566913 14.989163932807745 15.540335215681212 16.239739310208122 16.949683995779054 17.58554126369739 18.062531759424754 18.380679158105917 18.53999992806615 18.51925025791515 18.318472625277494 17.95879345155983 17.472018619900002 16.942825140372708 16.477139495290068 16.15966016888891 15.979830033315649 15.884686606880523 15.821303814592778 15.715536885469138 15.525042586980137 15.228631669584257 14.80511778657675 14.286282327782736 13.682706661480443 13.05794083461303 12.464934579616214 11.988410476313064 11.713100748579876 11.691955853015875 11.967345436386173 12.560451100161133 13.460682823394691 14.668046315332866 16.140176482092826 17.824124764419206 19.688115860754483 21.66860930090797 23.71264781544698 25.756690215363413 27.790141971734304 29.78123351421446 31.708779827910757 33.604554412997686 35.436785962544306 37.25842546853548 39.10124789591013 40.954659693391726 42.839844867808 44.74621037027364 46.63139496266756 48.44244247461887 50.168763824766415 51.72563044628479 53.08127146744193 54.21450343229448 55.10414601938551 55.7607886812247 56.22679591774015 56.502166615690086 56.66103768668893 56.745771617752446 56.84109611442013 56.947010820520184 57.1058789240756 57.338882805596455 57.63543135874739 57.984933567639494 58.35561734662625 58.72630081787833 59.075802112967565 59.38293986874931 59.69007738602842 60.039577973648925 60.55853224737064 61.5011207211217 63.026206248444886 65.00669876437057 67.22019005438588 69.32777278004744 71.14940219939255 72.79098684817689 74.41138978211906 76.1694737860454 78.0864207118682 80.08809442680008
71.47502243901691 73.34951097377878 75.13238097462929 76.82193361086121 78.41752522063193 79.91946709802774 81.32891494260744 82.64775314649188 83.87847842853844 85.02408654782548 86.08796501419509 87.07379392162383 87.90916282351729 88.58626140575055 89.0293582371986 89.43469227441035 89.88642123915565 90.3315769224427 90.71522499055784 90.91051225435766 90.58603530529969 89.4754813513423 87.3803489881695 84.27423242191917 80.61368447977787 76.82110676703572 72.93214923360256 68.85834351186021 64.675703196661 60.4917170923615 56.47671976700764 53.0101320400303 50.24359232729407 48.34965529910839 47.34397149751884 46.86266204284612 46.53541673353201 46.34728635783575 46.30421205090228 46.370646859631634 46.330454927920755 45.8222392306511 44.64860610290493 42.784909961110245 40.35962588010808 37.61291609790598 34.69446104921588 31.69856310613854 28.61456233743676 25.48610814680418 22.41821358487799 19.644441838858967 17.48179101983267 16.05810643531202 15.341837634110254 15.122266305104228 15.12436918529258 15.200321932431715 15.265629338970438 15.277785843841341 15.215813206911381 15.100701357911559 14.932530896771604 14.743122094314991 14.638206467507981 14.681426721566913 14.989163932807745 15.540335215681212 16.239739310208122 16.949683995779054 17.58554126369739 18.062531759424754 18.380679158105917 18.53999992806615 18.51925025791515 18.318472625277494 17.95879345155983 17.472018619900002 16.942825140372708 16.477139495290068 16.15966016888891 15.979830033315649 15.884686606880523 15.821303814592778 15.715536885469138 15.525042586980137 15.228631669584257 14.80511778657675 14.286282327782736 13.682706661480443 13.05794083461303 12.464934579616214 11.988410476313064 11.713100748579876 11.691955853015875 11.967345436386173 12.560451100161133 13.460682823394691 14.668046315332866 16.140176482092826 17.824124764419206 19.688115860754483 21.66860930090797 23.71264781544698 25.756690215363413 27.790141971734304 29.78123351421446 31.708779827910757 33.604554412997686 35.436785962544306 37.25842546853548 39.10124789591013 40.954659693391726 42.839844867808 44.74621037027364 46.63139496266756 48.44244247461887 50.168763824766415 51.72563044628479 53.08127146744193 54.21450343229448 55.10414601938551 55.7607886812247 56.22679591774015 56.502166615690086 56.66103768668893 56.745771617752446 56.84109611442013 56.947010820520184 57.1058789240756 57.338882805596455 57.63543135874739 57.984933567639494 58.35561734662625 58.72630081787833 59.075802112967565 59.38293986874931 59.69007738602842 60.039577973648925 60.55853224737064 61.5011207211217 63.026206248444886 65.00669876437057 67.22019005438588 69.32777278004744 71.14940219939255 72.79098684817689 74.41138978211906 76.1694737860454 78.0864207118682 80.08809442680008
71.47502243901691 73.34951097377878 75.13238097462929 76.82193361086121 78.41752522063193 79.91946709802774 81.32891494260744 82.64775314649188 83.87847842853844 85.02408654782548 86.08796501419509 87.07379392162383 87.90916282351729 88.58626140575055 89.0293582371986 89.43469227441035 89.88642123915565 90.3315769224427 90.71522499055784 90.91051225435766 90.58603530529969 89.4754813513423 87.3803489881695 84.27423242191917 80.61368447977787 76.82110676703572 72.93214923360256 68.85834351186021 64.675703196661 60.4917170923615 56.47671976700764 53.0101320400303 50.24359232729407 48.34965529910839 47.34397149751884 46.86266204284612 46.53541673353201 46.34728635783575 46.30421205090228 46.370646859631634 46.330454927920755 45.8222392306511 44.64860610290493 42.784909961110245 40.35962588010808 37.61291609790598 34.69446104921588 31.69856310613854 28.61456233743676 25.48610814680418 22.41821358487799 19.644441838858967 17.48179101983267 16.05810643531202 15.341837634110254 15.122266305104228 15.12436918529258 15.200321932431715 15.265629338970438 15.277785843841341 15.215813206911381 15.100701357911559 14.932530896771604 14.743122094314991 14.638206467507981 14.681426721566913 14.989163932807745 15.540335215681212 16.239739310208122 16.949683995779054 17.58554126369739 18.062531759424754 18.380679158105917 18.53999992806615 18.51925025791515 18.318472625277494 17.95879345155983 17.472018619900002 16.942825140372708 16.477139495290068 16.15966016888891 15.979830033315649 15.884686606880523 15.821303814592778 15.715536885469138 15.525042586980137 15.228631669584257 14.80511778657675 14.286282327782736 13.682706661480443 13.05794083461303 12.464934579616214 11.988410476313064 11.713100748579876 11.691955853015875 11.967345436386173 12.560451100161133 13.460682823394691 14.668046315332866 16.140176482092826 17.824124764419206 19.688115860754483 21.66860930090797 23.71264781544698 25.756690215363413 27.790141971734304 29.78123351421446 31.708779827910757 33.604554412997686 35.436785962544306 37.25842546853548 39.10124789591013 40.954659693391726 42.839844867808 44.74621037027364 46.63139496266756 48.44244247461887 50.168763824766415 51.72563044628479 53.08127146744193 54.21450343229448 55.10414601938551 55.7607886812247 56.22679591774015 56.502166615690086 56.66103768668893 56.745771617752446 56.84109611442013 56.947010820520184 57.1058789240756 57.338882805596455 57.63543135874739 57.984933567639494 58.35561734662625 58.72630081787833 59.075802112967565 59.38293986874931 59.69007738602842 60.039577973648925 60.55853224737064 61.5011207211217 63.026206248444886 65.00669876437057 67.22019005438588 69.32777278004744 71.14940219939255 72.79098684817689 74.41138978211906 76.1694737860454 78.0864207118682 80.08809442680008
71.47502243901691 73.34951097377878 75.13238097462929 76.82193361086121 78.41752522063193 79.91946709802774 81.32891494260744 82.64775314649188 83.87847842853844 85.02408654782548 86.08796501419509 87.07379392162383 87.90916282351729 88.58626140575055 89.0293582371986 89.43469227441035 89.88642123915565 90.3315769224427 90.71522499055784 90.91051225435766 90.58603530529969 89.4754813513423 87.3803489881695 84.27423242191917 80.61368447977787 76.82110676703572 72.93214923360256 68.85834351186021 64.675703196661 60.4917170923615 56.47671976700764 53.0101320400303 50.24359232729407 48.34965529910839 47.34397149751884 46.86266204284612 46.53541673353201 46.34728635783575 46.30421205090228 46.370646859631634 46.330454927920755 45.8222392306511 44.64860610290493 42.784909961110245 40.35962588010808 37.61291609790598 34.69446104921588 31.69856310613854 28.61456233743676 25.48610814680418 22.41821358487799 19.644441838858967 17.48179101983267 16.05810643531202 15.341837634110254 15.122266305104228 15.12436918529258 15.200321932431715 15.265629338970438 15.277785843841341 15.215813206911381 15.100701357911559 14.932530896771604 14.743122094314991 14.638206467507981 14.681426721566913 14.989163932807745 15.540335215681212 16.239739310208122 16.949683995779054 17.58554126369739 18.062531759424754 18.380679158105917 18.53999992806615 18.51925025791515 18.318472625277494 17.95879345155983 17.472018619900002 16.942825140372708 16.477139495290068 16.15966016888891 15.979830033315649 15.884686606880523 15.821303814592778 15.715536885469138 15.525042586980137 15.228631669584257 14.80511778657675 14.286282327782736 13.682706661480443 13.05794083461303 12.464934579616214 11.988410476313064 11.713100748579876 11.691955853015875 11.967345436386173 12.560451100161133 13.460682823394691 14.668046315332866 16.140176482092826 17.824124764419206 19.688115860754483 21.66860930090797 23.71264781544698 25.756690215363413 27.790141971734304 29.78123351421446 31.708779827910757 33.604554412997686 35.436785962544306 37.25842546853548 39.10124789591013 40.954659693391726 42.839844867808 44.74621037027364 46.63139496266756 48.44244247461887 50.168763824766415 51.72563044628479 53.08127146744193 54.21450343229448 55.10414601938551 55.7607886812247 56.22679591774015 56.502166615690086 56.66103768668893 56.745771617752446 56.84109611442013 56.947010820520184 57.1058789240756 57.338882805596455 57.63543135874739 57.984933567639494 58.35561734662625 58.72630081787833 59.075802112967565 59.38293986874931 59.69007738602842 60.039577973648925 60.55853224737064 61.5011207211217 63.026206248444886 65.00669876437057 67.22019005438588 69.32777278004744 71.14940219939255 72.79098684817689 74.41138978211906 76.1694737860454 78.0864207118682 80.08809442680008
71.47502243901691 73.34951097377878 75.13238097462929 76.82193361086121 78.41752522063193 79.91946709802774 81.32891494260744 82.64775314649188 83.87847842853844 85.02408654782548 86.08796501419509 87.07379392162383 87.90916282351729 88.58626140575055 89.0293582371986 89.43469227441035 89.88642123915565 90.3315769224427 90.71522499055784 90.91051225435766 90.58603530529969 89.4754813513423 87.3803489881695 84.27423242191917 80.61368447977787 76.82110676703572 72.93214923360256 68.85834351186021 64.675703196661 60.4917170923615 56.47671976700764 53.0101320400303 50.24359232729407 48.34965529910839 47.34397149751884 46.86266204284612 46.53541673353201 46.34728635783575 46.30421205090228 46.370646859631634 46.330454927920755 45.8222392306511 44.64860610290493 42.784909961110245 40.35962588010808 37.61291609790598 34.69446104921588 31.69856310613854 28.61456233743676 25.48610814680418 22.41821358487799 19.644441838858967 17.48179101983267 16.05810643531202 15.341837634110254 15.122266305104228 15.12436918529258 15.200321932431715 15.265629338970438 15.277785843841341 15.215813206911381 15.100701357911559 14.932530896771604 14.743122094314991 14.638206467507981 14.681426721566913 14.989163932807745 15.540335215681212 16.239739310208122 16.949683995779054 17.58554126369739 18.062531759424754 18.380679158105917 18.53999992806615 18.51925025791515 18.318472625277494 17.95879345155983 17.472018619900002 16.942825140372708 16.477139495290068 16.15966016888891 15.979830033315649 15.884686606880523 15.821303814592778 15.715536885469138 15.525042586980137 15.228631669584257 14.80511778657675 14.286282327782736 13.682706661480443 13.05794083461303 12.464934579616214 11.988410476313064 11.713100748579876 11.691955853015875 11.967345436386173 12.560451100161133 13.460682823394691 14.668046315332866 16.140176482092826 17.824124764419206 19.688115860754483 21.66860930090797 23.71264781544698 25.756690215363413 27.790141971734304 29.78123351421446 31.708779827910757 33.604554412997686 35.436785962544306 37.25842546853548 39.10124789591013 40.954659693391726 42.839844867808 44.74621037027364 46.63139496266756 48.44244247461887 50.168763824766415 51.72563044628479 53.08127146744193 54.21450343229448 55.10414601938551 55.7607886812247 56.22679591774015 56.502166615690086 56.66103768668893 56.745771617752446 56.84109611442013 56.947010820520184 57.1058789240756 57.338882805596455 57.63543135874739 57.984933567639494 58.35561734662625 58.72630081787833 59.075802112967565 59.38293986874931 59.69007738602842 60.039577973648925 60.55853224737064 61.5011207211217 63.026206248444886 65.00669876437057 67.22019005438588 69.32777278004744 71.14940219939255 72.79098684817689 74.41138978211906 76.1694737860454 78.0864207118682 80.08809442680008