4 151 8
300.0440999999999 302.0443999999999 304.0446999999999 306.0449999999999 308.0452999999999 310.0455999999999 312.0458999999999 314.0461999999999 316.04649999999987 318.0467999999999 320.0470999999999 322.04739999999987 324.0476999999999 326.0479999999999 328.04829999999987 330.0485999999999 332.0488999999999 334.04919999999987 336.0494999999999 338.0497999999999 340.0500999999999 342.05039999999985 344.0506999999999 346.0509999999999 348.05129999999986 350.0515999999999 352.0518999999999 354.05219999999986 356.0524999999999 358.0527999999999 360.05309999999986 362.0533999999999 364.0536999999999 366.05399999999986 368.0542999999999 369.99 372.04 373.98 376.04 377.98 380.03 381.97 384.02 385.96 388.01 389.95 392.0 394.05 395.99 398.05 399.99 402.04 403.99 406.05 407.99 410.06 412.01 413.96 416.02 417.97 420.04 422.0 423.95 426.02 427.98 430.05 432.01 433.96 436.03 437.99 440.06 442.01 443.96 446.03 447.98 450.04 451.98 454.04 455.99 458.04 459.98 462.03 463.97 466.02 467.95 470.0 472.05 473.98 476.02 477.96 480.0 482.05 483.98 486.03 487.96 490.01 492.06 493.99 496.05 497.98 500.04 501.98 504.04 505.98 508.04 509.99 512.05 514.0 515.95 518.01 519.96 522.03 523.98 526.04 527.99 530.05 532.0 534.06 536.0 538.06 540.0 542.05 543.99 546.04 547.98 550.03 551.96 554.0 556.04 557.97 560.01 562.05 563.98 566.01 568.05 569.98 572.01 574.05 575.97 578.01 580.05 581.98 584.02 585.95 588.0 590.04 591.97 594.02 595.96 598.01 599.95
0.0 39.77 47.82 50.0 60.0 70.0 80.0 90.0
71.69571887237906 73.57599534423954 75.36437038778762 77.059139926765 78.65965831186735 80.16623779837676 81.58003765435421 82.90294809043735 84.1374735347074 85.28661899637405 86.35378244503603 87.34265533785087 88.25713269845934 89.10123351652605 89.87903170908201 90.59459746729591 91.2519484996252 91.85501046399374 92.40758574427717 92.91332965545237 93.37573314305375 93.79811106299918 94.1835951759797 94.53513105688582 94.85547819647397 95.14721265370444 95.41273169848115 95.65425996277307 95.8738566912248 96.07342374913698 96.25471410551005 96.41934056156039 96.56878454091712 96.7044047969927 96.82744592631735 96.9356102996638 97.03952971011766 97.12870983733956 97.21455354043725 97.28781956784148 97.35799645408639 97.41818069421042 97.3125018271044 97.2290754160078 97.30688977822871 97.59264276865434 97.95866269810186 98.23933121926392 98.37187213240891 98.40095638919072 98.46670325627714 98.67476417857374 98.94105740843007 99.1041048857091 99.09012015339361 98.91158460873308 98.72035498292333 98.69180717411155 98.77546958874238 98.78566909121135 98.55962585153308 98.0655127310338 97.48846228484479 97.10589534557825 97.10175233753434 97.37428540451118 97.62549014162249 97.51718113800689 96.93677002641992 96.08894591922864 95.32297093470935 94.94631067148987 95.02080812851277 95.29015416127376 95.3231327953139 94.77113522920781 93.63391507336793 92.30161698694774 91.26662128317996 90.85749218463909 91.14596779771384 91.72173648028772 91.90739965808102 91.22073790152454 89.69242289747538 87.83565782782343 86.2969309972275 85.67145402383979 86.1235168579451 87.2425841183806 87.69456717217189 86.22738585326934 83.05651798355359 79.1569560417232 75.56521039937657 72.80472565729241 70.5162970482498 67.01680569821598 61.433917996331786 54.044707271474344 45.55732803019936 37.25464193895949 30.347696780620154 24.83649606343354 20.22842689266038 15.917971930659274 11.443298715888348 6.917300345787951 3.6125988096858492 1.8986683860855136 1.139201749910151 0.7697313780422748 0.5849961489880801 0.5028916741662203 0.47210258721989906 0.49262898534086186 0.5747340147048555 0.7081546446866447 0.8518384353300762 0.9544698300188006 1.005785643847372 1.0263121074759425 1.0365754240455303 1.036575611021822 1.0263126447124866 1.005786540428831 0.9544710208032402 0.8621029614107274 0.7389454759246944 0.636314219154794 0.6260511424614205 0.6363143272270909 0.6260512361397591 0.6055250059311186 0.5747356331644817 0.554209388897248 0.5234200039080201 0.49263061370276773 0.4515780795867637 0.40026240324832746 0.32842044419581956 0.2155259225532578 0.12315767333936911 0.08210511744931395 0.061578839449897844 0.05131570056194419 0.041052561148830706 0.04105256182127155 0.030789421797892756 0.030789422211010282 0.03078942256482899
71.52213347988318 73.3978575386498 75.18190267535343 76.8725689395434 78.46921224512295 79.97214409136032 81.3825209395659 82.70222842391222 83.93376490890883 85.08012812821657 86.14470782447316 87.1311865173005 88.04344979994077 88.88550693152084 89.66142196554709 90.37525523868449 91.03101473195468 91.65204675490448 92.15453345247585 92.59993034651569 93.01139454460115 93.33291849875643 93.49734084263001 93.57635467692464 93.65267468478683 93.77969737359139 93.89002978615045 93.87478079822876 93.70496726935079 93.48340881305265 93.36457980096934 93.36109798204701 93.33217012996691 93.15640563568437 92.86529291413144 92.34363302742068 91.26233625546439 89.46627503197627 86.81035263289763 83.42873433682273 79.72017437422551 75.72019212691835 71.50713724658121 67.31432215818151 63.322254994423645 59.5596345037087 56.0200943706726 52.888980083086786 50.33181558680388 48.59955241356939 47.70181416719704 47.268554614095635 47.07145626107381 46.79106551354716 46.012438160326425 44.36380928692883 41.864720687085104 38.712150880543724 35.227231222773916 31.637361577323237 28.04663487840996 24.444489239379443 20.748331405210052 17.030836418534253 13.530214569545919 10.630041992295462 8.672322758829067 7.626195950164062 7.263861090342947 7.253775871020518 7.3991211432856865 7.534073043207937 7.617193554109053 7.64849104435284 7.617575174330947 7.53482874990645 7.379503106668713 7.161978379844035 6.913333353510096 6.716500482911799 6.6647594857320085 6.789222386312952 7.079521649844327 7.411285323572194 7.691216655620594 7.857128468077927 7.919379842521974 7.8883318224817955 7.763989066707335 7.515248194547439 7.1524779773159 6.65494372505227 6.095205078112876 5.545827443382018 5.141568054989963 4.944627515754315 4.97573914315311 5.19343959821434 5.514802326646028 5.867263081913598 6.198992345883678 6.458157495415682 6.634393124397852 6.717331512732038 6.706973390403678 6.592951319621057 6.385632140645064 6.105747606259263 5.774030623057567 5.442312942877761 5.16242581783219 4.996567771947747 4.96547136305068 5.110602481077292 5.442327453994045 5.971013100483737 6.686293020467836 7.598533955797213 8.707735767782081 9.962067064221445 11.351161235025584 12.82318679425615 14.357410719115897 15.9331005456771 17.519156852352058 19.125946253533456 20.753468412617234 22.432822706323233 24.226207195415956 26.14398812312424 28.269096738559117 30.622265675029343 33.23459395131267 36.05424995809549 39.039768099181956 42.087484490028984 45.06263645150298 47.86156008717439 50.33912595757262 52.42276960552836 54.060658977809 55.20096205893508 55.87477812049327 56.11320610898609 56.0095435649488 55.646721420499865 55.16986893525525 54.68265001886427 54.28872837275195 54.08140151247149 54.06066937484324
71.47502243901691 73.34951097377878 75.13238097462929 76.82193361086121 78.41752522063193 79.91946709802774 81.32891494260744 82.64775314649188 83.87847842853844 85.02408654782548 86.08796501419509 87.07379392162383 87.9854563039456 88.8269587794212 89.60236272459848 90.31572580163201 90.97105335151933 91.49285529843718 91.87350414288639 92.03497137887317 92.18022037750256 92.39448210226963 92.62154159577575 92.8038062488649 92.81079630825029 92.3045900099634 91.01569316288429 88.74478195629418 85.46765198982114 81.64876521905325 77.71529467754716 73.70158688112701 69.51667956062992 65.23598401390397 60.9664799814458 56.87623041856379 53.35110417760497 50.53491481272172 48.60471623401199 47.56907210152644 47.06686088726555 46.7169992431954 46.51291449644448 46.45218795777683 46.506350511273965 46.451845904424545 45.93217425402577 44.745324344629125 42.86904911069862 40.4313394057051 37.67358607147734 34.744983736507955 31.739914409043237 28.64876131645529 25.513338532810504 22.44017419540641 19.66167994088035 17.495708055839984 16.069640309006303 15.351847132558024 15.131163342060692 15.132447751796448 15.207687383884336 15.27230809913606 15.283854041273699 15.221262887969157 15.105605178048483 14.936929829241274 14.747038369700075 14.641732021338182 14.684615131094688 14.992113113332623 15.543108873329196 16.242352878157323 16.9521553247125 17.587851462766427 18.064682563892138 18.382681408573575 18.541804262995385 18.52089780029712 18.319929287141424 17.96010055434284 17.473155267568576 16.943832733164957 16.47801576400942 16.16044678562871 15.980532120585982 15.885319513494366 15.821872348189329 15.71605006628249 15.525499808226035 15.229036470253286 14.805475128874262 14.286593951025546 13.682977320739594 13.058174268198364 12.465135703954177 11.988586118082447 11.713255757948124 11.692096349232598 11.967475332022405 12.560573109658321 13.460802747533739 14.668163119425664 16.140294361930035 17.824241211291476 19.68823367813822 21.66872529322158 23.712763104538865 25.7568031861649 27.79025253821407 29.781340488434257 31.708883145077536 33.60465457739302 35.43688044945221 37.258516347641255 39.10133310369324 40.95474133636727 42.83992120295291 44.746283310044326 46.63146290533163 48.44250699455493 50.16882354852069 51.72568680773081 53.08132316360613 54.21455176040385 55.1041899453464 55.7608293352752 56.226832889369845 56.50220030785298 56.66106815846713 56.74579956269176 56.841121179455925 56.947033479638726 57.10589973128945 57.338901513016566 57.635448326330255 57.98494919952193 58.355631440254996 58.72631362568559 59.07581391121351 59.3829505016015 59.69008703747028 60.03958679979731 60.558540292745384 61.50112809941538 63.02621311414239 65.00670516405447 67.22019606785736 69.32777837785015 71.14940734716252
71.47502243901691 73.34951097377878 75.13238097462929 76.82193361086121 78.41752522063193 79.91946709802774 81.32891494260744 82.64775314649188 83.87847842853844 85.02408654782548 86.08796501419509 87.07379392162383 87.9854563039456 88.8269587794212 89.60236272459848 90.31572580163201 90.97105335151933 91.49285529843718 91.87350414288639 92.03497137887317 92.18022037750256 92.39448210226963 92.62154159577575 92.8038062488649 92.81079630825029 92.3045900099634 91.01569316288429 88.74478195629418 85.46765198982114 81.64876521905325 77.71529467754716 73.70158688112701 69.51667956062992 65.23598401390397 60.9664799814458 56.87623041856379 53.35110417760497 50.53491481272172 48.60471623401199 47.56907210152644 47.06686088726555 46.7169992431954 46.51291449644448 46.45218795777683 46.506350511273965 46.451845904424545 45.93217425402577 44.745324344629125 42.86904911069862 40.4313394057051 37.67358607147734 34.744983736507955 31.739914409043237 28.64876131645529 25.513338532810504 22.44017419540641 19.66167994088035 17.495708055839984 16.069640309006303 15.351847132558024 15.131163342060692 15.132447751796448 15.207687383884336 15.27230809913606 15.283854041273699 15.221262887969157 15.105605178048483 14.936929829241274 14.747038369700075 14.641732021338182 14.684615131094688 14.992113113332623 15.543108873329196 16.242352878157323 16.9521553247125 17.587851462766427 18.064682563892138 18.382681408573575 18.541804262995385 18.52089780029712 18.319929287141424 17.96010055434284 17.473155267568576 16.943832733164957 16.47801576400942 16.16044678562871 15.980532120585982 15.885319513494366 15.821872348189329 15.71605006628249 15.525499808226035 15.229036470253286 14.805475128874262 14.286593951025546 13.682977320739594 13.058174268198364 12.465135703954177 11.988586118082447 11.713255757948124 11.692096349232598 11.967475332022405 12.560573109658321 13.460802747533739 14.668163119425664 16.140294361930035 17.824241211291476 19.68823367813822 21.66872529322158 23.712763104538865 25.7568031861649 27.79025253821407 29.781340488434257 31.708883145077536 33.60465457739302 35.43688044945221 37.258516347641255 39.10133310369324 40.95474133636727 42.83992120295291 44.746283310044326 46.63146290533163 48.44250699455493 50.16882354852069 51.72568680773081 53.08132316360613 54.21455176040385 55.1041899453464 55.7608293352752 56.226832889369845 56.50220030785298 56.66106815846713 56.74579956269176 56.841121179455925 56.947033479638726 57.10589973128945 57.338901513016566 57.635448326330255 57.98494919952193 58.355631440254996 58.72631362568559 59.07581391121351 59.3829505016015 59.69008703747028 60.03958679979731 60.558540292745384 61.50112809941538 63.02621311414239 65.00670516405447 67.22019606785736 69.32777837785015 71.14940734716252
71.47502243901691 73.34951097377878 75.13238097462929 76.82193361086121 78.41752522063193 79.91946709802774 81.32891494260744 82.64775314649188 83.87847842853844 85.02408654782548 86.08796501419509 87.07379392162383 87.9854563039456 88.8269587794212 89.60236272459848 90.31572580163201 90.97105335151933 91.49285529843718 91.87350414288639 92.03497137887317 92.18022037750256 92.39448210226963 92.62154159577575 92.8038062488649 92.81079630825029 92.3045900099634 91.01569316288429 88.74478195629418 85.46765198982114 81.64876521905325 77.71529467754716 73.70158688112701 69.51667956062992 65.23598401390397 60.9664799814458 56.87623041856379 53.35110417760497 50.53491481272172 48.60471623401199 47.56907210152644 47.06686088726555 46.7169992431954 46.51291449644448 46.45218795777683 46.506350511273965 46.451845904424545 45.93217425402577 44.745324344629125 42.86904911069862 40.4313394057051 37.67358607147734 34.744983736507955 31.739914409043237 28.64876131645529 25.513338532810504 22.44017419540641 19.66167994088035 17.495708055839984 16.069640309006303 15.351847132558024 15.131163342060692 15.132447751796448 15.207687383884336 15.27230809913606 15.283854041273699 15.221262887969157 15.105605178048483 14.936929829241274 14.747038369700075 14.641732021338182 14.684615131094688 14.992113113332623 15.543108873329196 16.242352878157323 16.9521553247125 17.587851462766427 18.064682563892138 18.382681408573575 18.541804262995385 18.52089780029712 18.319929287141424 17.96010055434284 17.473155267568576 16.943832733164957 16.47801576400942 16.16044678562871 15.980532120585982 15.885319513494366 15.821872348189329 15.71605006628249 15.525499808226035 15.229036470253286 14.805475128874262 14.286593951025546 13.682977320739594 13.058174268198364 12.465135703954177 11.988586118082447 11.713255757948124 11.692096349232598 11.967475332022405 12.560573109658321 13.460802747533739 14.668163119425664 16.140294361930035 17.824241211291476 19.68823367813822 21.66872529322158 23.712763104538865 25.7568031861649 27.79025253821407 29.781340488434257 31.708883145077536 33.60465457739302 35.43688044945221 37.258516347641255 39.10133310369324 40.95474133636727 42.83992120295291 44.746283310044326 46.63146290533163 48.44250699455493 50.16882354852069 51.72568680773081 53.08132316360613 54.21455176040385 55.1041899453464 55.7608293352752 56.226832889369845 56.50220030785298 56.66106815846713 56.74579956269176 56.841121179455925 56.947033479638726 57.10589973128945 57.338901513016566 57.635448326330255 57.98494919952193 58.355631440254996 58.72631362568559 59.07581391121351 59.3829505016015 59.69008703747028 60.03958679979731 60.558540292745384 61.50112809941538 63.02621311414239 65.00670516405447 67.22019606785736 69.32777837785015 71.14940734716252
71.47502243901691 73.34951097377878 75.13238097462929 76.82193361086121 78.41752522063193 79.91946709802774 81.32891494260744 82.64775314649188 83.87847842853844 85.02408654782548 86.08796501419509 87.07379392162383 87.9854563039456 88.8269587794212 89.60236272459848 90.31572580163201 90.97105335151933 91.49285529843718 91.87350414288639 92.03497137887317 92.18022037750256 92.39448210226963 92.62154159577575 92.8038062488649 92.81079630825029 92.3045900099634 91.01569316288429 88.74478195629418 85.46765198982114 81.64876521905325 77.71529467754716 73.70158688112701 69.51667956062992 65.23598401390397 60.9664799814458 56.87623041856379 53.35110417760497 50.53491481272172 48.60471623401199 47.56907210152644 47.06686088726555 46.7169992431954 46.51291449644448 46.45218795777683 46.506350511273965 46.451845904424545 45.93217425402577 44.745324344629125 42.86904911069862 40.4313394057051 37.67358607147734 34.744983736507955 31.739914409043237 28.64876131645529 25.513338532810504 22.44017419540641 19.66167994088035 17.495708055839984 16.069640309006303 15.351847132558024 15.131163342060692 15.132447751796448 15.207687383884336 15.27230809913606 15.283854041273699 15.221262887969157 15.105605178048483 14.936929829241274 14.747038369700075 14.641732021338182 14.684615131094688 14.992113113332623 15.543108873329196 16.242352878157323 16.9521553247125 17.587851462766427 18.064682563892138 18.382681408573575 18.541804262995385 18.52089780029712 18.319929287141424 17.96010055434284 17.473155267568576 16.943832733164957 16.47801576400942 16.16044678562871 15.980532120585982 15.885319513494366 15.821872348189329 15.71605006628249 15.525499808226035 15.229036470253286 14.805475128874262 14.286593951025546 13.682977320739594 13.058174268198364 12.465135703954177 11.988586118082447 11.713255757948124 11.692096349232598 11.967475332022405 12.560573109658321 13.460802747533739 14.668163119425664 16.140294361930035 17.824241211291476 19.68823367813822 21.66872529322158 23.712763104538865 25.7568031861649 27.79025253821407 29.781340488434257 31.708883145077536 33.60465457739302 35.43688044945221 37.258516347641255 39.10133310369324 40.95474133636727 42.83992120295291 44.746283310044326 46.63146290533163 48.44250699455493 50.16882354852069 51.72568680773081 53.08132316360613 54.21455176040385 55.1041899453464 55.7608293352752 56.226832889369845 56.50220030785298 56.66106815846713 56.74579956269176 56.841121179455925 56.947033479638726 57.10589973128945 57.338901513016566 57.635448326330255 57.98494919952193 58.355631440254996 58.72631362568559 59.07581391121351 59.3829505016015 59.69008703747028 60.03958679979731 60.558540292745384 61.50112809941538 63.02621311414239 65.00670516405447 67.22019606785736 69.32777837785015 71.14940734716252
71.47502243901691 73.34951097377878 75.13238097462929 76.82193361086121 78.41752522063193 79.91946709802774 81.32891494260744 82.64775314649188 83.87847842853844 85.02408654782548 86.08796501419509 87.07379392162383 87.9854563039456 88.8269587794212 89.60236272459848 90.31572580163201 90.97105335151933 91.49285529843718 91.87350414288639 92.03497137887317 92.18022037750256 92.39448210226963 92.62154159577575 92.8038062488649 92.81079630825029 92.3045900099634 91.01569316288429 88.74478195629418 85.46765198982114 81.64876521905325 77.71529467754716 73.70158688112701 69.51667956062992 65.23598401390397 60.9664799814458 56.87623041856379 53.35110417760497 50.53491481272172 48.60471623401199 47.56907210152644 47.06686088726555 46.7169992431954 46.51291449644448 46.45218795777683 46.506350511273965 46.451845904424545 45.93217425402577 44.745324344629125 42.86904911069862 40.4313394057051 37.67358607147734 34.744983736507955 31.739914409043237 28.64876131645529 25.513338532810504 22.44017419540641 19.66167994088035 17.495708055839984 16.069640309006303 15.351847132558024 15.131163342060692 15.132447751796448 15.207687383884336 15.27230809913606 15.283854041273699 15.221262887969157 15.105605178048483 14.936929829241274 14.747038369700075 14.641732021338182 14.684615131094688 14.992113113332623 15.543108873329196 16.242352878157323 16.9521553247125 17.587851462766427 18.064682563892138 18.382681408573575 18.541804262995385 18.52089780029712 18.319929287141424 17.96010055434284 17.473155267568576 16.943832733164957 16.47801576400942 16.16044678562871 15.980532120585982 15.885319513494366 15.821872348189329 15.71605006628249 15.525499808226035 15.229036470253286 14.805475128874262 14.286593951025546 13.682977320739594 13.058174268198364 12.465135703954177 11.988586118082447 11.713255757948124 11.692096349232598 11.967475332022405 12.560573109658321 13.460802747533739 14.668163119425664 16.140294361930035 17.824241211291476 19.68823367813822 21.66872529322158 23.712763104538865 25.7568031861649 27.79025253821407 29.781340488434257 31.708883145077536 33.60465457739302 35.43688044945221 37.258516347641255 39.10133310369324 40.95474133636727 42.83992120295291 44.746283310044326 46.63146290533163 48.44250699455493 50.16882354852069 51.72568680773081 53.08132316360613 54.21455176040385 55.1041899453464 55.7608293352752 56.226832889369845 56.50220030785298 56.66106815846713 56.74579956269176 56.841121179455925 56.947033479638726 57.10589973128945 57.338901513016566 57.635448326330255 57.98494919952193 58.355631440254996 58.72631362568559 59.07581391121351 59.3829505016015 59.69008703747028 60.03958679979731 60.558540292745384 61.50112809941538 63.02621311414239 65.00670516405447 67.22019606785736 69.32777837785015 71.14940734716252
71.47502243901691 73.34951097377878 75.13238097462929 76.82193361086121 78.41752522063193 79.91946709802774 81.32891494260744 82.64775314649188 83.87847842853844 85.02408654782548 86.08796501419509 87.07379392162383 87.9854563039456 88.8269587794212 89.60236272459848 90.31572580163201 90.97105335151933 91.49285529843718 91.87350414288639 92.03497137887317 92.18022037750256 92.39448210226963 92.62154159577575 92.8038062488649 92.81079630825029 92.3045900099634 91.01569316288429 88.74478195629418 85.46765198982114 81.64876521905325 77.71529467754716 73.70158688112701 69.51667956062992 65.23598401390397 60.9664799814458 56.87623041856379 53.35110417760497 50.53491481272172 48.60471623401199 47.56907210152644 47.06686088726555 46.7169992431954 46.51291449644448 46.45218795777683 46.506350511273965 46.451845904424545 45.93217425402577 44.745324344629125 42.86904911069862 40.4313394057051 37.67358607147734 34.744983736507955 31.739914409043237 28.64876131645529 25.513338532810504 22.44017419540641 19.66167994088035 17.495708055839984 16.069640309006303 15.351847132558024 15.131163342060692 15.132447751796448 15.207687383884336 15.27230809913606 15.283854041273699 15.221262887969157 15.105605178048483 14.936929829241274 14.747038369700075 14.641732021338182 14.684615131094688 14.992113113332623 15.543108873329196 16.242352878157323 16.9521553247125 17.587851462766427 18.064682563892138 18.382681408573575 18.541804262995385 18.52089780029712 18.319929287141424 17.96010055434284 17.473155267568576 16.943832733164957 16.47801576400942 16.16044678562871 15.980532120585982 15.885319513494366 15.821872348189329 15.71605006628249 15.525499808226035 15.229036470253286 14.805475128874262 14.286593951025546 13.682977320739594 13.058174268198364 12.465135703954177 11.988586118082447 11.713255757948124 11.692096349232598 11.967475332022405 12.560573109658321 13.460802747533739 14.668163119425664 16.140294361930035 17.824241211291476 19.68823367813822 21.66872529322158 23.712763104538865 25.7568031861649 27.79025253821407 29.781340488434257 31.708883145077536 33.60465457739302 35.43688044945221 37.258516347641255 39.10133310369324 40.95474133636727 42.83992120295291 44.746283310044326 46.63146290533163 48.44250699455493 50.16882354852069 51.72568680773081 53.08132316360613 54.21455176040385 55.1041899453464 55.7608293352752 56.226832889369845 56.50220030785298 56.66106815846713 56.74579956269176 56.841121179455925 56.947033479638726 57.10589973128945 57.338901513016566 57.635448326330255 57.98494919952193 58.355631440254996 58.72631362568559 59.07581391121351 59.3829505016015 59.69008703747028 60.03958679979731 60.558540292745384 61.50112809941538 63.02621311414239 65.00670516405447 67.22019606785736 69.32777837785015 71.14940734716252