4 151 8
300.0440999999999 302.0443999999999 304.0446999999999 306.0449999999999 308.0452999999999 310.0455999999999 312.0458999999999 314.0461999999999 316.04649999999987 318.0467999999999 320.0470999999999 322.04739999999987 324.0476999999999 326.0479999999999 328.04829999999987 330.0485999999999 332.0488999999999 334.04919999999987 336.0494999999999 338.0497999999999 340.0500999999999 342.05039999999985 344.0506999999999 346.0509999999999 348.05129999999986 350.0515999999999 352.0518999999999 354.05219999999986 356.0524999999999 358.0527999999999 360.05309999999986 362.0533999999999 364.0536999999999 366.05399999999986 368.0542999999999 369.99 372.04 373.98 376.04 377.98 380.03 381.97 384.02 385.96 388.01 389.95 392.0 394.05 395.99 398.05 399.99 402.04 403.99 406.05 407.99 410.06 412.01 413.96 416.02 417.97 420.04 422.0 423.95 426.02 427.98 430.05 432.01 433.96 436.03 437.99 440.06 442.01 443.96 446.03 447.98 450.04 451.98 454.04 455.99 458.04 459.98 462.03 463.97 466.02 467.95 470.0 472.05 473.98 476.02 477.96 480.0 482.05 483.98 486.03 487.96 490.01 492.06 493.99 496.05 497.98 500.04 501.98 504.04 505.98 508.04 509.99 512.05 514.0 515.95 518.01 519.96 522.03 523.98 526.04 527.99 530.05 532.0 534.06 536.0 538.06 540.0 542.05 543.99 546.04 547.98 550.03 551.96 554.0 556.04 557.97 560.01 562.05 563.98 566.01 568.05 569.98 572.01 574.05 575.97 578.01 580.05 581.98 584.02 585.95 588.0 590.04 591.97 594.02 595.96 598.01 599.95
0.0 39.77 47.82 50.0 60.0 70.0 80.0 90.0
71.69571887237906 73.57599534423954 75.36437038778762 77.059139926765 78.65965831186735 80.16623779837676 81.58003765435421 82.90294809043735 84.1374735347074 85.28661899637405 86.35378244503603 87.34265533785087 88.25713269845934 89.10123351652605 89.87903170908201 90.59459746729591 91.2519484996252 91.85501046399374 92.40758574427717 92.91332965545237 93.37573314305375 93.79811106299918 94.1835951759797 94.53513105688582 94.85547819647397 95.14721265370444 95.41273169848115 95.65425996277307 95.8738566912248 96.07342374913698 96.25471410551005 96.41934056156039 96.56878454091712 96.7044047969927 96.82744592631735 96.9356102996638 97.03952971011766 97.12870983733956 97.21455354043725 97.28781956784148 97.35799645408639 97.41818069421042 97.47581208819456 97.52522531486972 97.57253227447336 97.61308529960714 97.65190279403683 97.52330110833633 97.42028235621646 97.47979078954154 97.75006058337846 98.10131183382485 98.36748606113484 98.48944225462141 98.50609194030879 98.56316004629039 98.76135180808235 99.01982315142475 99.17528726533408 99.15476967110585 98.9697782687263 98.77308570797005 98.73962916878664 98.81868416293264 98.82490585952714 98.59492587255468 98.09735864498643 97.51718113800689 97.13168997884897 97.12513890853486 97.39543247047638 97.64469836401221 97.53458612133056 96.95237069773616 96.10295605607212 95.33549344029556 94.95761644810376 95.0311589678847 95.29942791285049 95.33161310089191 94.77867131048019 93.64073007189813 92.30762169768187 91.27204892520635 90.86232406570333 91.15040458309706 91.72576635191098 91.91106160008493 91.22401589016611 89.69535174622357 87.83824463740423 86.29922490361128 85.67352182462687 86.12539544951916 87.24430987438548 87.69613486630442 86.22877715025393 83.05773484160214 79.1580035926674 75.56611842762355 72.80551589237086 70.51698202826188 67.01740276545472 61.434407204840156 54.045101987189014 45.55762566099067 37.25486487773516 30.347859232188384 24.83661681659021 20.228515616078635 15.918035262258051 11.443339820228484 6.917322884525719 3.6126095776838687 1.898673448601768 1.1392045286007433 0.7697330554082885 0.5849973151759239 0.5028925702551053 0.47210335678349274 0.4926297031089169 0.5747347801865279 0.7081554877142731 0.8518393635129824 0.9544707595826126 1.005786540428831 1.0263129255948817 1.0365761797914699 1.0365762926165851 1.0263132567012807 1.0057870813314624 0.9544714908406365 0.8621033415695043 0.7389457699498397 0.6363144510035333 0.6260513467172616 0.6363145145548479 0.626051404913934 0.6055251521731604 0.5747357585104189 0.5542094995804455 0.5234200976293405 0.49263069335747645 0.4515781459712267 0.40026245642433605 0.3284204835964428 0.2155259460313612 0.12315768546381466 0.08210512479438069 0.061578844422020565 0.051315704274714984
71.52213347988318 73.3978575386498 75.18190267535343 76.8725689395434 78.46921224512295 79.97214409136032 81.3825209395659 82.70222842391222 83.93376490890883 85.08012812821657 86.14470782447316 87.1311865173005 88.04344979994077 88.88550693152084 89.66142196554709 90.37525523868449 91.03101473195468 91.63261659871306 92.18385401673052 92.68837345095362 93.14965739484794 93.57101267860018 93.97548620385378 94.27625261766455 94.53552796515763 94.7759619985496 94.93953140886752 94.9572898558223 94.90150294057506 94.8551762249833 94.8712811214953 94.88057407154184 94.7722922560695 94.51672644700913 94.2171035299966 94.02503147490565 93.96161588155381 93.87332888301746 93.64783747251352 93.3068281902206 92.74601015094925 91.61844446762252 89.78599456177562 87.08777535726732 83.6728884443916 79.92905015214298 75.90185721424648 71.66203669784919 67.44669990133103 63.43476996589274 59.65570473239967 56.101671822068866 52.95797463745864 50.39197015722572 48.65147813578375 47.74854228665485 47.31003302175542 47.10892926089167 46.824673600641866 46.042458125295944 44.389910298694645 41.88708240849596 38.73090919824283 35.242643245653 31.649927649282375 28.05668003424572 24.452427372564635 20.754443598068768 17.035360388764346 13.533473267932568 10.632350550435733 8.674029074504874 7.627557082754101 7.2650301112348785 7.254833499362808 7.400093160155716 7.534970166500216 7.618023312858705 7.649235404633359 7.618252862561993 7.535427909995599 7.380040212297438 7.162444304600923 6.913744490661054 6.7168576722939966 6.665083911575339 6.789520676507713 7.079803725039509 7.411551645788711 7.691467807385103 7.857359864935438 7.919590351931362 7.888522218442005 7.7641584207348275 7.515396854572024 7.152605840399324 6.655051103967284 6.0952943787425795 5.545900836006813 5.141629838567393 4.944681185596178 4.9757874764037355 5.193485867692693 5.514846241934327 5.867305933490699 6.199032844549359 6.458196142243303 6.634428638380185 6.717364171887439 6.707002807698878 6.592977550484483 6.3856550778419345 6.105767500703236 5.774047833590369 5.442327453994045 5.162438409793232 4.996578660256585 4.9654812617010435 5.110611587519721 5.442336325407138 5.971021800342226 6.686301925865172 7.5985430015248765 8.707745255932833 9.962076766337473 11.351171353723108 12.82319701618757 14.357421186810386 15.933111022402363 17.519167299000777 19.12595653928917 20.753478632839794 22.43283259845309 24.22621683498251 26.14399764900077 28.26910596165247 30.622274690071272 33.234602910868766 36.05425866565847 39.03977661349017 42.087492895475464 45.06264452022362 47.86156782603291 50.33913335770118 52.422776570043695 54.060665463469974 55.200968072197334 55.87478362117127 56.11321112883451 56.00954808738421 55.64672544662675
71.47502243901691 73.34951097377878 75.13238097462929 76.82193361086121 78.41752522063193 79.91946709802774 81.32891494260744 82.64775314649188 83.87847842853844 85.02408654782548 86.08796501419509 87.07379392162383 87.9854563039456 88.8269587794212 89.60236272459848 90.31572580163201 90.97105335151933 91.57225894807783 92.1231332705434 92.62732038196619 93.08830048192192 93.50937822241552 93.8122591396397 93.98875303200948 93.95875977445945 93.9290191948124 93.98494096883249 94.06781511579703 94.11801434273029 94.00248811932957 93.37900369580011 91.97591306002111 89.59324687895055 86.20805191649973 82.28957697856038 78.26504487799423 74.17565073749557 69.91975129436182 65.58012609659322 61.2563498642198 57.12406227488867 53.559281692063585 50.71550799374552 48.760043938437704 47.70828294344019 47.190181329790065 46.8290809417336 46.613671221014904 46.54353903447278 46.58898592439008 46.52677315165065 45.99906149787686 44.803695364613475 42.92028448147914 40.47453787965131 37.71049066014103 34.77547264422518 31.765182159424107 28.66933853680519 25.529984239050663 22.453376651645303 19.672182077335382 17.504185757094426 16.076670826464085 15.357944746459928 15.1365827050041 15.137361881295957 15.212167373933177 15.276364944348318 15.287535096755121 15.224568535338257 15.108577268874049 14.939595790372953 14.749411707479238 14.643866842022103 14.686544237722474 14.99389830625514 15.544802020614062 16.243933603332337 16.953663452416066 17.589250026556016 18.065997373649104 18.38387729969639 18.542906947357398 18.52188275787434 18.32082106103386 17.960889646463773 17.4738514648438 16.944441604486563 16.478553843083258 16.160922719886038 15.980956907936166 15.885702927976675 15.822217466888185 15.71636094735105 15.525777353754098 15.22928219395591 14.805692043356238 14.286783017605805 13.683141742036701 13.058316003879314 12.465256787578284 11.98869292699307 11.713349032552193 11.692181742500495 11.96755351679107 12.56064827448732 13.46087480336492 14.6682344349202 16.1403651544882 17.824312127215805 19.68830439829277 21.668795896736352 23.7128337846779 25.756871862841535 27.790320322970622 29.78140538666993 31.70894635662881 33.60471445660558 35.43693821429783 37.25857063387615 39.10138518231238 40.954790091224304 42.839967882324146 44.74632688871427 46.631504473736705 48.44254561022764 50.168860125583784 51.72572081968023 53.08135481592486 54.214580916484714 55.10421708187481 55.76085392394921 56.226855261930815 56.50222089510927 56.66108664474301 56.74581626837146 56.84113650298341 56.94704723307643 57.10591218569824 57.338912964379695 57.63545864628417 57.98495857525723 58.35564001885398 58.726321427644834 59.07582099854296 59.38295697042453 59.6900929137522 60.03959217089702 60.55854518248505 61.501132549117706
71.47502243901691 73.34951097377878 75.13238097462929 76.82193361086121 78.41752522063193 79.91946709802774 81.32891494260744 82.64775314649188 83.87847842853844 85.02408654782548 86.08796501419509 87.07379392162383 87.9854563039456 88.8269587794212 89.60236272459848 90.31572580163201 90.97105335151933 91.57225894807783 92.1231332705434 92.62732038196619 93.08830048192192 93.50937822241552 93.8122591396397 93.98875303200948 93.95875977445945 93.9290191948124 93.98494096883249 94.06781511579703 94.11801434273029 94.00248811932957 93.37900369580011 91.97591306002111 89.59324687895055 86.20805191649973 82.28957697856038 78.26504487799423 74.17565073749557 69.91975129436182 65.58012609659322 61.2563498642198 57.12406227488867 53.559281692063585 50.71550799374552 48.760043938437704 47.70828294344019 47.190181329790065 46.8290809417336 46.613671221014904 46.54353903447278 46.58898592439008 46.52677315165065 45.99906149787686 44.803695364613475 42.92028448147914 40.47453787965131 37.71049066014103 34.77547264422518 31.765182159424107 28.66933853680519 25.529984239050663 22.453376651645303 19.672182077335382 17.504185757094426 16.076670826464085 15.357944746459928 15.1365827050041 15.137361881295957 15.212167373933177 15.276364944348318 15.287535096755121 15.224568535338257 15.108577268874049 14.939595790372953 14.749411707479238 14.643866842022103 14.686544237722474 14.99389830625514 15.544802020614062 16.243933603332337 16.953663452416066 17.589250026556016 18.065997373649104 18.38387729969639 18.542906947357398 18.52188275787434 18.32082106103386 17.960889646463773 17.4738514648438 16.944441604486563 16.478553843083258 16.160922719886038 15.980956907936166 15.885702927976675 15.822217466888185 15.71636094735105 15.525777353754098 15.22928219395591 14.805692043356238 14.286783017605805 13.683141742036701 13.058316003879314 12.465256787578284 11.98869292699307 11.713349032552193 11.692181742500495 11.96755351679107 12.56064827448732 13.46087480336492 14.6682344349202 16.1403651544882 17.824312127215805 19.68830439829277 21.668795896736352 23.7128337846779 25.756871862841535 27.790320322970622 29.78140538666993 31.70894635662881 33.60471445660558 35.43693821429783 37.25857063387615 39.10138518231238 40.954790091224304 42.839967882324146 44.74632688871427 46.631504473736705 48.44254561022764 50.168860125583784 51.72572081968023 53.08135481592486 54.214580916484714 55.10421708187481 55.76085392394921 56.226855261930815 56.50222089510927 56.66108664474301 56.74581626837146 56.84113650298341 56.94704723307643 57.10591218569824 57.338912964379695 57.63545864628417 57.98495857525723 58.35564001885398 58.726321427644834 59.07582099854296 59.38295697042453 59.6900929137522 60.03959217089702 60.55854518248505 61.501132549117706
71.47502243901691 73.34951097377878 75.13238097462929 76.82193361086121 78.41752522063193 79.91946709802774 81.32891494260744 82.64775314649188 83.87847842853844 85.02408654782548 86.08796501419509 87.07379392162383 87.9854563039456 88.8269587794212 89.60236272459848 90.31572580163201 90.97105335151933 91.57225894807783 92.1231332705434 92.62732038196619 93.08830048192192 93.50937822241552 93.8122591396397 93.98875303200948 93.95875977445945 93.9290191948124 93.98494096883249 94.06781511579703 94.11801434273029 94.00248811932957 93.37900369580011 91.97591306002111 89.59324687895055 86.20805191649973 82.28957697856038 78.26504487799423 74.17565073749557 69.91975129436182 65.58012609659322 61.2563498642198 57.12406227488867 53.559281692063585 50.71550799374552 48.760043938437704 47.70828294344019 47.190181329790065 46.8290809417336 46.613671221014904 46.54353903447278 46.58898592439008 46.52677315165065 45.99906149787686 44.803695364613475 42.92028448147914 40.47453787965131 37.71049066014103 34.77547264422518 31.765182159424107 28.66933853680519 25.529984239050663 22.453376651645303 19.672182077335382 17.504185757094426 16.076670826464085 15.357944746459928 15.1365827050041 15.137361881295957 15.212167373933177 15.276364944348318 15.287535096755121 15.224568535338257 15.108577268874049 14.939595790372953 14.749411707479238 14.643866842022103 14.686544237722474 14.99389830625514 15.544802020614062 16.243933603332337 16.953663452416066 17.589250026556016 18.065997373649104 18.38387729969639 18.542906947357398 18.52188275787434 18.32082106103386 17.960889646463773 17.4738514648438 16.944441604486563 16.478553843083258 16.160922719886038 15.980956907936166 15.885702927976675 15.822217466888185 15.71636094735105 15.525777353754098 15.22928219395591 14.805692043356238 14.286783017605805 13.683141742036701 13.058316003879314 12.465256787578284 11.98869292699307 11.713349032552193 11.692181742500495 11.96755351679107 12.56064827448732 13.46087480336492 14.6682344349202 16.1403651544882 17.824312127215805 19.68830439829277 21.668795896736352 23.7128337846779 25.756871862841535 27.790320322970622 29.78140538666993 31.70894635662881 33.60471445660558 35.43693821429783 37.25857063387615 39.10138518231238 40.954790091224304 42.839967882324146 44.74632688871427 46.631504473736705 48.44254561022764 50.168860125583784 51.72572081968023 53.08135481592486 54.214580916484714 55.10421708187481 55.76085392394921 56.226855261930815 56.50222089510927 56.66108664474301 56.74581626837146 56.84113650298341 56.94704723307643 57.10591218569824 57.338912964379695 57.63545864628417 57.98495857525723 58.35564001885398 58.726321427644834 59.07582099854296 59.38295697042453 59.6900929137522 60.03959217089702 60.55854518248505 61.501132549117706
71.47502243901691 73.34951097377878 75.13238097462929 76.82193361086121 78.41752522063193 79.91946709802774 81.32891494260744 82.64775314649188 83.87847842853844 85.02408654782548 86.08796501419509 87.07379392162383 87.9854563039456 88.8269587794212 89.60236272459848 90.31572580163201 90.97105335151933 91.57225894807783 92.1231332705434 92.62732038196619 93.08830048192192 93.50937822241552 93.8122591396397 93.98875303200948 93.95875977445945 93.9290191948124 93.98494096883249 94.06781511579703 94.11801434273029 94.00248811932957 93.37900369580011 91.97591306002111 89.59324687895055 86.20805191649973 82.28957697856038 78.26504487799423 74.17565073749557 69.91975129436182 65.58012609659322 61.2563498642198 57.12406227488867 53.559281692063585 50.71550799374552 48.760043938437704 47.70828294344019 47.190181329790065 46.8290809417336 46.613671221014904 46.54353903447278 46.58898592439008 46.52677315165065 45.99906149787686 44.803695364613475 42.92028448147914 40.47453787965131 37.71049066014103 34.77547264422518 31.765182159424107 28.66933853680519 25.529984239050663 22.453376651645303 19.672182077335382 17.504185757094426 16.076670826464085 15.357944746459928 15.1365827050041 15.137361881295957 15.212167373933177 15.276364944348318 15.287535096755121 15.224568535338257 15.108577268874049 14.939595790372953 14.749411707479238 14.643866842022103 14.686544237722474 14.99389830625514 15.544802020614062 16.243933603332337 16.953663452416066 17.589250026556016 18.065997373649104 18.38387729969639 18.542906947357398 18.52188275787434 18.32082106103386 17.960889646463773 17.4738514648438 16.944441604486563 16.478553843083258 16.160922719886038 15.980956907936166 15.885702927976675 15.822217466888185 15.71636094735105 15.525777353754098 15.22928219395591 14.805692043356238 14.286783017605805 13.683141742036701 13.058316003879314 12.465256787578284 11.98869292699307 11.713349032552193 11.692181742500495 11.96755351679107 12.56064827448732 13.46087480336492 14.6682344349202 16.1403651544882 17.824312127215805 19.68830439829277 21.668795896736352 23.7128337846779 25.756871862841535 27.790320322970622 29.78140538666993 31.70894635662881 33.60471445660558 35.43693821429783 37.25857063387615 39.10138518231238 40.954790091224304 42.839967882324146 44.74632688871427 46.631504473736705 48.44254561022764 50.168860125583784 51.72572081968023 53.08135481592486 54.214580916484714 55.10421708187481 55.76085392394921 56.226855261930815 56.50222089510927 56.66108664474301 56.74581626837146 56.84113650298341 56.94704723307643 57.10591218569824 57.338912964379695 57.63545864628417 57.98495857525723 58.35564001885398 58.726321427644834 59.07582099854296 59.38295697042453 59.6900929137522 60.03959217089702 60.55854518248505 61.501132549117706
71.47502243901691 73.34951097377878 75.13238097462929 76.82193361086121 78.41752522063193 79.91946709802774 81.32891494260744 82.64775314649188 83.87847842853844 85.02408654782548 86.08796501419509 87.07379392162383 87.9854563039456 88.8269587794212 89.60236272459848 90.31572580163201 90.97105335151933 91.57225894807783 92.1231332705434 92.62732038196619 93.08830048192192 93.50937822241552 93.8122591396397 93.98875303200948 93.95875977445945 93.9290191948124 93.98494096883249 94.06781511579703 94.11801434273029 94.00248811932957 93.37900369580011 91.97591306002111 89.59324687895055 86.20805191649973 82.28957697856038 78.26504487799423 74.17565073749557 69.91975129436182 65.58012609659322 61.2563498642198 57.12406227488867 53.559281692063585 50.71550799374552 48.760043938437704 47.70828294344019 47.190181329790065 46.8290809417336 46.613671221014904 46.54353903447278 46.58898592439008 46.52677315165065 45.99906149787686 44.803695364613475 42.92028448147914 40.47453787965131 37.71049066014103 34.77547264422518 31.765182159424107 28.66933853680519 25.529984239050663 22.453376651645303 19.672182077335382 17.504185757094426 16.076670826464085 15.357944746459928 15.1365827050041 15.137361881295957 15.212167373933177 15.276364944348318 15.287535096755121 15.224568535338257 15.108577268874049 14.939595790372953 14.749411707479238 14.643866842022103 14.686544237722474 14.99389830625514 15.544802020614062 16.243933603332337 16.953663452416066 17.589250026556016 18.065997373649104 18.38387729969639 18.542906947357398 18.52188275787434 18.32082106103386 17.960889646463773 17.4738514648438 16.944441604486563 16.478553843083258 16.160922719886038 15.980956907936166 15.885702927976675 15.822217466888185 15.71636094735105 15.525777353754098 15.22928219395591 14.805692043356238 14.286783017605805 13.683141742036701 13.058316003879314 12.465256787578284 11.98869292699307 11.713349032552193 11.692181742500495 11.96755351679107 12.56064827448732 13.46087480336492 14.6682344349202 16.1403651544882 17.824312127215805 19.68830439829277 21.668795896736352 23.7128337846779 25.756871862841535 27.790320322970622 29.78140538666993 31.70894635662881 33.60471445660558 35.43693821429783 37.25857063387615 39.10138518231238 40.954790091224304 42.839967882324146 44.74632688871427 46.631504473736705 48.44254561022764 50.168860125583784 51.72572081968023 53.08135481592486 54.214580916484714 55.10421708187481 55.76085392394921 56.226855261930815 56.50222089510927 56.66108664474301 56.74581626837146 56.84113650298341 56.94704723307643 57.10591218569824 57.338912964379695 57.63545864628417 57.98495857525723 58.35564001885398 58.726321427644834 59.07582099854296 59.38295697042453 59.6900929137522 60.03959217089702 60.55854518248505 61.501132549117706
71.47502243901691 73.34951097377878 75.13238097462929 76.82193361086121 78.41752522063193 79.91946709802774 81.32891494260744 82.64775314649188 83.87847842853844 85.02408654782548 86.08796501419509 87.07379392162383 87.9854563039456 88.8269587794212 89.60236272459848 90.31572580163201 90.97105335151933 91.57225894807783 92.1231332705434 92.62732038196619 93.08830048192192 93.50937822241552 93.8122591396397 93.98875303200948 93.95875977445945 93.9290191948124 93.98494096883249 94.06781511579703 94.11801434273029 94.00248811932957 93.37900369580011 91.97591306002111 89.59324687895055 86.20805191649973 82.28957697856038 78.26504487799423 74.17565073749557 69.91975129436182 65.58012609659322 61.2563498642198 57.12406227488867 53.559281692063585 50.71550799374552 48.760043938437704 47.70828294344019 47.190181329790065 46.8290809417336 46.613671221014904 46.54353903447278 46.58898592439008 46.52677315165065 45.99906149787686 44.803695364613475 42.92028448147914 40.47453787965131 37.71049066014103 34.77547264422518 31.765182159424107 28.66933853680519 25.529984239050663 22.453376651645303 19.672182077335382 17.504185757094426 16.076670826464085 15.357944746459928 15.1365827050041 15.137361881295957 15.212167373933177 15.276364944348318 15.287535096755121 15.224568535338257 15.108577268874049 14.939595790372953 14.749411707479238 14.643866842022103 14.686544237722474 14.99389830625514 15.544802020614062 16.243933603332337 16.953663452416066 17.589250026556016 18.065997373649104 18.38387729969639 18.542906947357398 18.52188275787434 18.32082106103386 17.960889646463773 17.4738514648438 16.944441604486563 16.478553843083258 16.160922719886038 15.980956907936166 15.885702927976675 15.822217466888185 15.71636094735105 15.525777353754098 15.22928219395591 14.805692043356238 14.286783017605805 13.683141742036701 13.058316003879314 12.465256787578284 11.98869292699307 11.713349032552193 11.692181742500495 11.96755351679107 12.56064827448732 13.46087480336492 14.6682344349202 16.1403651544882 17.824312127215805 19.68830439829277 21.668795896736352 23.7128337846779 25.756871862841535 27.790320322970622 29.78140538666993 31.70894635662881 33.60471445660558 35.43693821429783 37.25857063387615 39.10138518231238 40.954790091224304 42.839967882324146 44.74632688871427 46.631504473736705 48.44254561022764 50.168860125583784 51.72572081968023 53.08135481592486 54.214580916484714 55.10421708187481 55.76085392394921 56.226855261930815 56.50222089510927 56.66108664474301 56.74581626837146 56.84113650298341 56.94704723307643 57.10591218569824 57.338912964379695 57.63545864628417 57.98495857525723 58.35564001885398 58.726321427644834 59.07582099854296 59.38295697042453 59.6900929137522 60.03959217089702 60.55854518248505 61.501132549117706