4 151 8
300.0440999999999 302.0443999999999 304.0446999999999 306.0449999999999 308.0452999999999 310.0455999999999 312.0458999999999 314.0461999999999 316.04649999999987 318.0467999999999 320.0470999999999 322.04739999999987 324.0476999999999 326.0479999999999 328.04829999999987 330.0485999999999 332.0488999999999 334.04919999999987 336.0494999999999 338.0497999999999 340.0500999999999 342.05039999999985 344.0506999999999 346.0509999999999 348.05129999999986 350.0515999999999 352.0518999999999 354.05219999999986 356.0524999999999 358.0527999999999 360.05309999999986 362.0533999999999 364.0536999999999 366.05399999999986 368.0542999999999 369.99 372.04 373.98 376.04 377.98 380.03 381.97 384.02 385.96 388.01 389.95 392.0 394.05 395.99 398.05 399.99 402.04 403.99 406.05 407.99 410.06 412.01 413.96 416.02 417.97 420.04 422.0 423.95 426.02 427.98 430.05 432.01 433.96 436.03 437.99 440.06 442.01 443.96 446.03 447.98 450.04 451.98 454.04 455.99 458.04 459.98 462.03 463.97 466.02 467.95 470.0 472.05 473.98 476.02 477.96 480.0 482.05 483.98 486.03 487.96 490.01 492.06 493.99 496.05 497.98 500.04 501.98 504.04 505.98 508.04 509.99 512.05 514.0 515.95 518.01 519.96 522.03 523.98 526.04 527.99 530.05 532.0 534.06 536.0 538.06 540.0 542.05 543.99 546.04 547.98 550.03 551.96 554.0 556.04 557.97 560.01 562.05 563.98 566.01 568.05 569.98 572.01 574.05 575.97 578.01 580.05 581.98 584.02 585.95 588.0 590.04 591.97 594.02 595.96 598.01 599.95
0.0 39.77 47.82 50.0 60.0 70.0 80.0 90.0
71.69571887237906 73.57599534423954 75.36437038778762 77.059139926765 78.65965831186735 80.16623779837676 81.58003765435421 82.90294809043735 84.1374735347074 85.28661899637405 86.35378244503603 87.34265533785087 88.25713269845934 89.10123351652605 89.87903170908201 90.59459746729591 91.2519484996252 91.85501046399374 92.40758574427717 92.91332965545237 93.37573314305375 93.79811106299918 94.1835951759797 94.53513105688582 94.85547819647397 95.14721265370444 95.41273169848115 95.65425996277307 95.8738566912248 96.07342374913698 96.25471410551005 96.41934056156039 96.56878454091712 96.7044047969927 96.82744592631735 96.9356102996638 97.03952971011766 97.12870983733956 97.21455354043725 97.28781956784148 97.35799645408639 97.41818069421042 97.47581208819456 97.52522531486972 97.57253227447336 97.61308529960714 97.65190279403683 97.68696513369119 97.7170146520184 97.74590529610686 97.77053608831841 97.79410522056654 97.65052187701578 97.53671517643544 97.58394213017482 97.84581535890835 98.18739625585603 98.44579519112665 98.56018314750071 98.57036041960623 98.62114871411207 98.81410443127072 99.06780408916481 99.21867676099745 99.1941530428113 99.00522518954408 98.80516140003235 98.76871659969812 98.84493377125156 98.84870744520263 98.61633802867576 98.11665970947239 97.53458612133056 97.14732201991386 97.13930012629028 97.40822723374512 97.65632545241014 97.54521079243193 96.96180621821085 96.11150573766993 95.34307439862185 94.96452779017483 95.0373412498312 95.30509538659673 95.33668291962772 94.78328492788611 93.64484425611856 92.31129958606118 91.27532875769349 90.8652911168265 91.15308901383624 91.7282045651656 91.9132800025585 91.2260057376997 89.69712602071863 87.83981490002334 86.30061735973405 85.67477702430429 86.1265352197154 87.2453582443607 87.6970867353128 86.22961475788915 83.05847482095331 79.15863394101773 75.5666703250423 72.80599153842482 70.517404015129 67.01776151037882 61.43470589425993 54.045339033115205 45.55780691757801 37.254998697246094 30.347958115048296 24.836690846576595 20.228569552400458 15.918074088826598 11.44336475706989 6.917336674185488 3.612616014893818 1.898676543585786 1.1392061884393705 0.7697340806069569 0.5849980115900517 0.5028931182185077 0.47210381656774386 0.4926301422508561 0.5747352383331339 0.7081560040159546 0.8518399236354115 0.9544713287321911 1.0057870813314624 1.026313431011437 1.036576636887142 1.0365767050685253 1.0263136306508602 1.0057874094801906 0.9544717718322719 0.8621035739798436 0.7389459484147043 0.6363145897793924 0.626051471748281 0.6363146284905706 0.626051506141793 0.6055252411886902 0.5747358348657133 0.5542095660689973 0.5234201546475915 0.4926307418552586 0.45157818636909375 0.4002624887431337 0.3284205073581759
71.52213347988318 73.3978575386498 75.18190267535343 76.8725689395434 78.46921224512295 79.97214409136032 81.3825209395659 82.70222842391222 83.93376490890883 85.08012812821657 86.14470782447316 87.1311865173005 88.04344979994077 88.88550693152084 89.66142196554709 90.37525523868449 91.03101473195468 91.63261659871306 92.18385401673052 92.68837345095362 93.14965739484794 93.57101267860018 93.95556348046945 94.30624824369625 94.62581977792281 94.91684790510934 95.18172409103299 95.44290139567734 95.61131223706403 95.74936535276034 95.87914213995523 95.941147986357 95.86515089077145 95.72362761795894 95.59963711440415 95.54239104946525 95.4908655556501 95.32180112776528 95.01533444043667 94.6650660950628 94.43473510540197 94.32825675900632 94.2087976008159 93.94711097406024 93.57989052956871 92.98901507625312 91.8382520545761 89.98048985028382 87.25903880890866 83.82156370330156 80.05797643235194 76.0123868400413 71.75552101688088 67.52730949610986 63.50254623296513 59.71414273828567 56.15090133698061 53.000133821209765 50.4281646251937 48.683219893615885 47.776634672860105 47.33530331523901 47.13175631238429 46.84515954051818 46.06074577044499 44.40580894637266 41.90068487061499 38.742318828347045 35.25200489207804 31.657550408525264 28.062773187699772 24.457238489643373 20.758147876027802 17.03810200124129 13.535446500239752 10.63374731417334 8.67506193859791 7.628387970427222 7.265737152639545 7.255478916725709 7.40068160624052 7.535518587556513 7.618518905762198 7.649690306008782 7.61865800792606 7.535794718064186 7.380364460570217 7.162729683751539 6.913992933903594 6.7170770069886085 6.665280202049455 6.789701152506599 7.0799746060392765 7.411713312183447 7.691619953230953 7.857500329018388 7.919718136185366 7.888637792896433 7.764261170409539 7.515487163228548 7.152683476019628 6.655115749689996 6.095348683040526 5.545944998937715 5.141667390479482 4.9447134897157925 4.975817252450699 5.193513668481987 5.514873054697713 5.867331667940595 6.199057508159939 6.458219340090138 6.634450255433059 6.7173841941949 6.707020690922184 6.592993631784127 6.385668993190988 6.105779672530093 5.7740581222078795 5.442336325407138 5.162445931545883 4.9965853151426565 4.965487172892791 5.110617156160579 5.44234162573067 5.9710271230543475 6.6863072558132455 7.598548541467158 8.707750981664272 9.96208270670991 11.351177458277313 12.82320333108033 14.357427517956344 15.933117362160083 17.5191736823201 19.12596277933583 20.753484742560154 22.432838646013725 24.226222685924053 26.144003350829053 28.269111607379703 30.622280173163237 33.234608284657035 36.054263965832924 39.03978180003649 42.08749794471488 45.06264942907827 47.86157253783817 50.33913786100506 52.422780802869134 54.06066937484324
71.47502243901691 73.34951097377878 75.13238097462929 76.82193361086121 78.41752522063193 79.91946709802774 81.32891494260744 82.64775314649188 83.87847842853844 85.02408654782548 86.08796501419509 87.07379392162383 87.9854563039456 88.8269587794212 89.60236272459848 90.31572580163201 90.97105335151933 91.57225894807783 92.1231332705434 92.62732038196619 93.08830048192192 93.50937822241552 93.89367572383553 94.24412949389409 94.56349052898037 94.85432695833398 95.11902867249327 95.27712556174235 95.31974132828417 95.16519145112028 95.02234102972041 94.97648657172094 94.96717212267983 94.93335171653332 94.74025677569792 94.03955740292186 92.5675211635017 90.11272660062903 86.66282881577673 82.68082918862001 78.60607611748954 74.4650862204516 70.16961874440969 65.78970268157912 61.43561651081238 57.2737337104962 53.68777914185231 50.82536841693542 48.85593355546859 47.793054025813895 47.26629951872957 46.897274276953254 46.67447953058106 46.599166008463065 46.63876347626488 46.57235021516016 46.03942591858643 44.83936302823802 42.95111234665279 40.500944743922894 37.7326772571947 34.794047697836874 31.780574261520293 28.68188146130196 25.540124516338942 22.461418531481605 19.678570445684745 17.50934226616943 16.08094133781365 15.361643646393132 15.13986996212358 15.140340220385347 15.21488245979159 15.27882347013104 15.289764078004277 15.226568575230656 15.110376329820681 14.94122319556297 14.75084713783699 14.64516961567234 14.68771209321685 14.994989613767368 15.545813292600405 16.244899632921904 16.9545650630971 17.590106232588 18.06679111843584 18.384609783617478 18.543573280909985 18.522487578118646 18.321360619530044 17.96136707479108 17.474273220774343 16.944811209518807 16.478879807330348 16.161211624712656 15.981214764033009 15.885935668837165 15.822426855673143 15.716549802772805 15.525945873225526 15.22943012789938 14.805823950473775 14.286896785635541 13.683241676911813 13.058401315224238 12.465331382016506 11.98875710260353 11.713405981965156 11.692233025298536 11.967601131166882 12.56069339234816 13.460918663124097 14.66827815622103 16.14040819036616 17.824355603490684 19.688347302211735 21.668839093407666 23.71287603792622 25.756913848527294 27.790360813897387 29.781445052183752 31.708984104764824 33.60475107308146 35.436972726541526 37.25860384706012 39.10141635176223 40.95481995052407 42.839996051516486 44.746353570886384 46.63152955172538 48.44256946617247 50.168882248385074 51.72574140125638 53.08137415675495 54.21459860456812 55.10423330428084 55.760868956252594 56.226868841436264 56.5022332178598 56.66109796073723 56.745826429031716 56.8411456937727 56.94705560460579 57.1059197723825 57.338919843333024 57.635464924745904 57.984964283675176 58.35564523930898 58.726326169443794 59.075825272770544
71.47502243901691 73.34951097377878 75.13238097462929 76.82193361086121 78.41752522063193 79.91946709802774 81.32891494260744 82.64775314649188 83.87847842853844 85.02408654782548 86.08796501419509 87.07379392162383 87.9854563039456 88.8269587794212 89.60236272459848 90.31572580163201 90.97105335151933 91.57225894807783 92.1231332705434 92.62732038196619 93.08830048192192 93.50937822241552 93.89367572383553 94.24412949389409 94.56349052898037 94.85432695833398 95.11902867249327 95.27712556174235 95.31974132828417 95.16519145112028 95.02234102972041 94.97648657172094 94.96717212267983 94.93335171653332 94.74025677569792 94.03955740292186 92.5675211635017 90.11272660062903 86.66282881577673 82.68082918862001 78.60607611748954 74.4650862204516 70.16961874440969 65.78970268157912 61.43561651081238 57.2737337104962 53.68777914185231 50.82536841693542 48.85593355546859 47.793054025813895 47.26629951872957 46.897274276953254 46.67447953058106 46.599166008463065 46.63876347626488 46.57235021516016 46.03942591858643 44.83936302823802 42.95111234665279 40.500944743922894 37.7326772571947 34.794047697836874 31.780574261520293 28.68188146130196 25.540124516338942 22.461418531481605 19.678570445684745 17.50934226616943 16.08094133781365 15.361643646393132 15.13986996212358 15.140340220385347 15.21488245979159 15.27882347013104 15.289764078004277 15.226568575230656 15.110376329820681 14.94122319556297 14.75084713783699 14.64516961567234 14.68771209321685 14.994989613767368 15.545813292600405 16.244899632921904 16.9545650630971 17.590106232588 18.06679111843584 18.384609783617478 18.543573280909985 18.522487578118646 18.321360619530044 17.96136707479108 17.474273220774343 16.944811209518807 16.478879807330348 16.161211624712656 15.981214764033009 15.885935668837165 15.822426855673143 15.716549802772805 15.525945873225526 15.22943012789938 14.805823950473775 14.286896785635541 13.683241676911813 13.058401315224238 12.465331382016506 11.98875710260353 11.713405981965156 11.692233025298536 11.967601131166882 12.56069339234816 13.460918663124097 14.66827815622103 16.14040819036616 17.824355603490684 19.688347302211735 21.668839093407666 23.71287603792622 25.756913848527294 27.790360813897387 29.781445052183752 31.708984104764824 33.60475107308146 35.436972726541526 37.25860384706012 39.10141635176223 40.95481995052407 42.839996051516486 44.746353570886384 46.63152955172538 48.44256946617247 50.168882248385074 51.72574140125638 53.08137415675495 54.21459860456812 55.10423330428084 55.760868956252594 56.226868841436264 56.5022332178598 56.66109796073723 56.745826429031716 56.8411456937727 56.94705560460579 57.1059197723825 57.338919843333024 57.635464924745904 57.984964283675176 58.35564523930898 58.726326169443794 59.075825272770544
71.47502243901691 73.34951097377878 75.13238097462929 76.82193361086121 78.41752522063193 79.91946709802774 81.32891494260744 82.64775314649188 83.87847842853844 85.02408654782548 86.08796501419509 87.07379392162383 87.9854563039456 88.8269587794212 89.60236272459848 90.31572580163201 90.97105335151933 91.57225894807783 92.1231332705434 92.62732038196619 93.08830048192192 93.50937822241552 93.89367572383553 94.24412949389409 94.56349052898037 94.85432695833398 95.11902867249327 95.27712556174235 95.31974132828417 95.16519145112028 95.02234102972041 94.97648657172094 94.96717212267983 94.93335171653332 94.74025677569792 94.03955740292186 92.5675211635017 90.11272660062903 86.66282881577673 82.68082918862001 78.60607611748954 74.4650862204516 70.16961874440969 65.78970268157912 61.43561651081238 57.2737337104962 53.68777914185231 50.82536841693542 48.85593355546859 47.793054025813895 47.26629951872957 46.897274276953254 46.67447953058106 46.599166008463065 46.63876347626488 46.57235021516016 46.03942591858643 44.83936302823802 42.95111234665279 40.500944743922894 37.7326772571947 34.794047697836874 31.780574261520293 28.68188146130196 25.540124516338942 22.461418531481605 19.678570445684745 17.50934226616943 16.08094133781365 15.361643646393132 15.13986996212358 15.140340220385347 15.21488245979159 15.27882347013104 15.289764078004277 15.226568575230656 15.110376329820681 14.94122319556297 14.75084713783699 14.64516961567234 14.68771209321685 14.994989613767368 15.545813292600405 16.244899632921904 16.9545650630971 17.590106232588 18.06679111843584 18.384609783617478 18.543573280909985 18.522487578118646 18.321360619530044 17.96136707479108 17.474273220774343 16.944811209518807 16.478879807330348 16.161211624712656 15.981214764033009 15.885935668837165 15.822426855673143 15.716549802772805 15.525945873225526 15.22943012789938 14.805823950473775 14.286896785635541 13.683241676911813 13.058401315224238 12.465331382016506 11.98875710260353 11.713405981965156 11.692233025298536 11.967601131166882 12.56069339234816 13.460918663124097 14.66827815622103 16.14040819036616 17.824355603490684 19.688347302211735 21.668839093407666 23.71287603792622 25.756913848527294 27.790360813897387 29.781445052183752 31.708984104764824 33.60475107308146 35.436972726541526 37.25860384706012 39.10141635176223 40.95481995052407 42.839996051516486 44.746353570886384 46.63152955172538 48.44256946617247 50.168882248385074 51.72574140125638 53.08137415675495 54.21459860456812 55.10423330428084 55.760868956252594 56.226868841436264 56.5022332178598 56.66109796073723 56.745826429031716 56.8411456937727 56.94705560460579 57.1059197723825 57.338919843333024 57.635464924745904 57.984964283675176 58.35564523930898 58.726326169443794 59.075825272770544
71.47502243901691 73.34951097377878 75.13238097462929 76.82193361086121 78.41752522063193 79.91946709802774 81.32891494260744 82.64775314649188 83.87847842853844 85.02408654782548 86.08796501419509 87.07379392162383 87.9854563039456 88.8269587794212 89.60236272459848 90.31572580163201 90.97105335151933 91.57225894807783 92.1231332705434 92.62732038196619 93.08830048192192 93.50937822241552 93.89367572383553 94.24412949389409 94.56349052898037 94.85432695833398 95.11902867249327 95.27712556174235 95.31974132828417 95.16519145112028 95.02234102972041 94.97648657172094 94.96717212267983 94.93335171653332 94.74025677569792 94.03955740292186 92.5675211635017 90.11272660062903 86.66282881577673 82.68082918862001 78.60607611748954 74.4650862204516 70.16961874440969 65.78970268157912 61.43561651081238 57.2737337104962 53.68777914185231 50.82536841693542 48.85593355546859 47.793054025813895 47.26629951872957 46.897274276953254 46.67447953058106 46.599166008463065 46.63876347626488 46.57235021516016 46.03942591858643 44.83936302823802 42.95111234665279 40.500944743922894 37.7326772571947 34.794047697836874 31.780574261520293 28.68188146130196 25.540124516338942 22.461418531481605 19.678570445684745 17.50934226616943 16.08094133781365 15.361643646393132 15.13986996212358 15.140340220385347 15.21488245979159 15.27882347013104 15.289764078004277 15.226568575230656 15.110376329820681 14.94122319556297 14.75084713783699 14.64516961567234 14.68771209321685 14.994989613767368 15.545813292600405 16.244899632921904 16.9545650630971 17.590106232588 18.06679111843584 18.384609783617478 18.543573280909985 18.522487578118646 18.321360619530044 17.96136707479108 17.474273220774343 16.944811209518807 16.478879807330348 16.161211624712656 15.981214764033009 15.885935668837165 15.822426855673143 15.716549802772805 15.525945873225526 15.22943012789938 14.805823950473775 14.286896785635541 13.683241676911813 13.058401315224238 12.465331382016506 11.98875710260353 11.713405981965156 11.692233025298536 11.967601131166882 12.56069339234816 13.460918663124097 14.66827815622103 16.14040819036616 17.824355603490684 19.688347302211735 21.668839093407666 23.71287603792622 25.756913848527294 27.790360813897387 29.781445052183752 31.708984104764824 33.60475107308146 35.436972726541526 37.25860384706012 39.10141635176223 40.95481995052407 42.839996051516486 44.746353570886384 46.63152955172538 48.44256946617247 50.168882248385074 51.72574140125638 53.08137415675495 54.21459860456812 55.10423330428084 55.760868956252594 56.226868841436264 56.5022332178598 56.66109796073723 56.745826429031716 56.8411456937727 56.94705560460579 57.1059197723825 57.338919843333024 57.635464924745904 57.984964283675176 58.35564523930898 58.726326169443794 59.075825272770544
71.47502243901691 73.34951097377878 75.13238097462929 76.82193361086121 78.41752522063193 79.91946709802774 81.32891494260744 82.64775314649188 83.87847842853844 85.02408654782548 86.08796501419509 87.07379392162383 87.9854563039456 88.8269587794212 89.60236272459848 90.31572580163201 90.97105335151933 91.57225894807783 92.1231332705434 92.62732038196619 93.08830048192192 93.50937822241552 93.89367572383553 94.24412949389409 94.56349052898037 94.85432695833398 95.11902867249327 95.27712556174235 95.31974132828417 95.16519145112028 95.02234102972041 94.97648657172094 94.96717212267983 94.93335171653332 94.74025677569792 94.03955740292186 92.5675211635017 90.11272660062903 86.66282881577673 82.68082918862001 78.60607611748954 74.4650862204516 70.16961874440969 65.78970268157912 61.43561651081238 57.2737337104962 53.68777914185231 50.82536841693542 48.85593355546859 47.793054025813895 47.26629951872957 46.897274276953254 46.67447953058106 46.599166008463065 46.63876347626488 46.57235021516016 46.03942591858643 44.83936302823802 42.95111234665279 40.500944743922894 37.7326772571947 34.794047697836874 31.780574261520293 28.68188146130196 25.540124516338942 22.461418531481605 19.678570445684745 17.50934226616943 16.08094133781365 15.361643646393132 15.13986996212358 15.140340220385347 15.21488245979159 15.27882347013104 15.289764078004277 15.226568575230656 15.110376329820681 14.94122319556297 14.75084713783699 14.64516961567234 14.68771209321685 14.994989613767368 15.545813292600405 16.244899632921904 16.9545650630971 17.590106232588 18.06679111843584 18.384609783617478 18.543573280909985 18.522487578118646 18.321360619530044 17.96136707479108 17.474273220774343 16.944811209518807 16.478879807330348 16.161211624712656 15.981214764033009 15.885935668837165 15.822426855673143 15.716549802772805 15.525945873225526 15.22943012789938 14.805823950473775 14.286896785635541 13.683241676911813 13.058401315224238 12.465331382016506 11.98875710260353 11.713405981965156 11.692233025298536 11.967601131166882 12.56069339234816 13.460918663124097 14.66827815622103 16.14040819036616 17.824355603490684 19.688347302211735 21.668839093407666 23.71287603792622 25.756913848527294 27.790360813897387 29.781445052183752 31.708984104764824 33.60475107308146 35.436972726541526 37.25860384706012 39.10141635176223 40.95481995052407 42.839996051516486 44.746353570886384 46.63152955172538 48.44256946617247 50.168882248385074 51.72574140125638 53.08137415675495 54.21459860456812 55.10423330428084 55.760868956252594 56.226868841436264 56.5022332178598 56.66109796073723 56.745826429031716 56.8411456937727 56.94705560460579 57.1059197723825 57.338919843333024 57.635464924745904 57.984964283675176 58.35564523930898 58.726326169443794 59.075825272770544
71.47502243901691 73.34951097377878 75.13238097462929 76.82193361086121 78.41752522063193 79.91946709802774 81.32891494260744 82.64775314649188 83.87847842853844 85.02408654782548 86.08796501419509 87.07379392162383 87.9854563039456 88.8269587794212 89.60236272459848 90.31572580163201 90.97105335151933 91.57225894807783 92.1231332705434 92.62732038196619 93.08830048192192 93.50937822241552 93.89367572383553 94.24412949389409 94.56349052898037 94.85432695833398 95.11902867249327 95.27712556174235 95.31974132828417 95.16519145112028 95.02234102972041 94.97648657172094 94.96717212267983 94.93335171653332 94.74025677569792 94.03955740292186 92.5675211635017 90.11272660062903 86.66282881577673 82.68082918862001 78.60607611748954 74.4650862204516 70.16961874440969 65.78970268157912 61.43561651081238 57.2737337104962 53.68777914185231 50.82536841693542 48.85593355546859 47.793054025813895 47.26629951872957 46.897274276953254 46.67447953058106 46.599166008463065 46.63876347626488 46.57235021516016 46.03942591858643 44.83936302823802 42.95111234665279 40.500944743922894 37.7326772571947 34.794047697836874 31.780574261520293 28.68188146130196 25.540124516338942 22.461418531481605 19.678570445684745 17.50934226616943 16.08094133781365 15.361643646393132 15.13986996212358 15.140340220385347 15.21488245979159 15.27882347013104 15.289764078004277 15.226568575230656 15.110376329820681 14.94122319556297 14.75084713783699 14.64516961567234 14.68771209321685 14.994989613767368 15.545813292600405 16.244899632921904 16.9545650630971 17.590106232588 18.06679111843584 18.384609783617478 18.543573280909985 18.522487578118646 18.321360619530044 17.96136707479108 17.474273220774343 16.944811209518807 16.478879807330348 16.161211624712656 15.981214764033009 15.885935668837165 15.822426855673143 15.716549802772805 15.525945873225526 15.22943012789938 14.805823950473775 14.286896785635541 13.683241676911813 13.058401315224238 12.465331382016506 11.98875710260353 11.713405981965156 11.692233025298536 11.967601131166882 12.56069339234816 13.460918663124097 14.66827815622103 16.14040819036616 17.824355603490684 19.688347302211735 21.668839093407666 23.71287603792622 25.756913848527294 27.790360813897387 29.781445052183752 31.708984104764824 33.60475107308146 35.436972726541526 37.25860384706012 39.10141635176223 40.95481995052407 42.839996051516486 44.746353570886384 46.63152955172538 48.44256946617247 50.168882248385074 51.72574140125638 53.08137415675495 54.21459860456812 55.10423330428084 55.760868956252594 56.226868841436264 56.5022332178598 56.66109796073723 56.745826429031716 56.8411456937727 56.94705560460579 57.1059197723825 57.338919843333024 57.635464924745904 57.984964283675176 58.35564523930898 58.726326169443794 59.075825272770544