4 151 8
300.0440999999999 302.0443999999999 304.0446999999999 306.0449999999999 308.0452999999999 310.0455999999999 312.0458999999999 314.0461999999999 316.04649999999987 318.0467999999999 320.0470999999999 322.04739999999987 324.0476999999999 326.0479999999999 328.04829999999987 330.0485999999999 332.0488999999999 334.04919999999987 336.0494999999999 338.0497999999999 340.0500999999999 342.05039999999985 344.0506999999999 346.0509999999999 348.05129999999986 350.0515999999999 352.0518999999999 354.05219999999986 356.0524999999999 358.0527999999999 360.05309999999986 362.0533999999999 364.0536999999999 366.05399999999986 368.0542999999999 369.99 372.04 373.98 376.04 377.98 380.03 381.97 384.02 385.96 388.01 389.95 392.0 394.05 395.99 398.05 399.99 402.04 403.99 406.05 407.99 410.06 412.01 413.96 416.02 417.97 420.04 422.0 423.95 426.02 427.98 430.05 432.01 433.96 436.03 437.99 440.06 442.01 443.96 446.03 447.98 450.04 451.98 454.04 455.99 458.04 459.98 462.03 463.97 466.02 467.95 470.0 472.05 473.98 476.02 477.96 480.0 482.05 483.98 486.03 487.96 490.01 492.06 493.99 496.05 497.98 500.04 501.98 504.04 505.98 508.04 509.99 512.05 514.0 515.95 518.01 519.96 522.03 523.98 526.04 527.99 530.05 532.0 534.06 536.0 538.06 540.0 542.05 543.99 546.04 547.98 550.03 551.96 554.0 556.04 557.97 560.01 562.05 563.98 566.01 568.05 569.98 572.01 574.05 575.97 578.01 580.05 581.98 584.02 585.95 588.0 590.04 591.97 594.02 595.96 598.01 599.95
0.0 39.77 47.82 50.0 60.0 70.0 80.0 90.0
71.69571887237906 73.57599534423954 75.36437038778762 77.059139926765 78.65965831186735 80.16623779837676 81.58003765435421 82.90294809043735 84.1374735347074 85.28661899637405 86.35378244503603 87.34265533785087 88.25713269845934 89.10123351652605 89.87903170908201 90.59459746729591 91.2519484996252 91.85501046399374 92.40758574427717 92.91332965545237 93.37573314305375 93.79811106299918 94.1835951759797 94.53513105688582 94.85547819647397 95.14721265370444 95.41273169848115 95.65425996277307 95.8738566912248 96.07342374913698 96.25471410551005 96.41934056156039 96.56878454091712 96.7044047969927 96.82744592631735 96.9356102996638 97.03952971011766 97.12870983733956 97.21455354043725 97.28781956784148 97.35799645408639 97.41818069421042 97.47581208819456 97.52522531486972 97.57253227447336 97.61308529960714 97.65190279403683 97.68696513369119 97.7170146520184 97.74590529610686 97.77053608831841 97.79410522056654 97.81439940481441 97.8338021147945 97.85034096421353 97.86631092140497 97.87992006716338 97.72826024075398 97.60677176485898 97.64760896986994 97.90338198402391 98.23984230506157 98.493497978503 98.60330353320545 98.60951166927804 98.6564707701031 98.84619344380313 99.09698819620729 99.24503262097431 99.21804356020287 99.02672645159991 98.82460172766267 98.78634495857045 98.8608415358967 98.86311996586107 98.62929318137134 98.12834299688959 97.54521079243193 97.156776513284 97.14794200496704 97.41597301325125 97.66343321580871 97.55155662681088 96.96757255388742 96.11661703177968 95.3477154899296 94.96870013656122 95.04112790066844 95.30852014534511 95.33979607807974 94.78607634899701 93.64733348144284 92.31352764884028 91.2773197245023 90.86708853403236 91.1547185351101 91.72968461901567 91.91462662070785 91.22721300858558 89.69820386492324 87.84076832855965 86.30145566520947 85.67554031945116 86.12722105964227 87.24599544114962 87.69765966955738 86.23013077210216 83.05891943391973 79.15901880428112 75.56700176620343 72.80628120596946 70.51765731371293 67.01797987530111 61.43488901140806 54.045483136956264 45.55791804016846 37.255079881761155 30.34801861360013 24.836735102394996 20.22860252652748 15.918097281706878 11.44337999835676 6.917344908977103 3.612619951283974 1.8986783927181003 1.1392072039551049 0.7697346941961614 0.5849984381001364 0.5028934488931948 0.47210409808258913 0.4926304071827572 0.5747355213664048 0.7081563162892356 0.8518402625810653 0.9544716765053001 1.0057874094801906 1.0263137331529804 1.036576916332907 1.0365769554150712 1.026313854482891 1.0057876103496972 0.9544719427358561 0.8621037133755838 0.7389460570438254 0.6363146743156111 0.6260515468557191 0.6363146978068759 0.6260515677743911 0.6055252953585575 0.574735881272192 0.5542096061669218
71.52213347988318 73.3978575386498 75.18190267535343 76.8725689395434 78.46921224512295 79.97214409136032 81.3825209395659 82.70222842391222 83.93376490890883 85.08012812821657 86.14470782447316 87.1311865173005 88.04344979994077 88.88550693152084 89.66142196554709 90.37525523868449 91.03101473195468 91.63261659871306 92.18385401673052 92.68837345095362 93.14965739484794 93.57101267860018 93.95556348046945 94.30624824369625 94.62581977792281 94.91684790510934 95.18172409103299 95.4226675815167 95.64173263548497 95.84081651355571 96.02166794054551 96.1858958128528 96.35540523157233 96.43958593970882 96.50084419164762 96.55738157569094 96.55826130132805 96.42099637732566 96.22860242701515 96.05417304319685 95.95870640576176 95.86347360849753 95.66244615210887 95.31897809741882 94.94210331628057 94.68216467906267 94.55456562749035 94.41287360797949 94.13186372989932 93.74616917384542 93.13900719790671 91.97198854016156 90.09787089619601 87.36332731775292 83.91112204316839 80.13640025651027 76.07908811310297 71.81264469308672 67.57581156961275 63.543977295730066 59.749274968074985 56.18089391287886 53.02581550837257 50.45022710356559 48.70255642529507 47.79374630649023 47.35067503924593 47.145640724519666 46.85760321045764 46.07183931793889 44.41545268924713 41.90892900513466 38.74923360382823 35.25767822884602 31.66216620079054 28.066459772691424 24.46015074682326 20.760409109736038 17.039760169671062 13.536650664633965 10.634592896362426 8.675693339456398 7.628884237606773 7.266169247306444 7.255864769453391 7.4010418551551975 7.535849666902455 7.6188224566677 7.649965195233662 7.6189067903343 7.536016651461825 7.380560642114045 7.162902566285711 6.9141437471697325 6.71720987829334 6.665399355618501 6.789810705761013 7.080078334491805 7.411811397653966 7.691712379469769 7.85758561568533 7.919795066609278 7.88870807447932 7.764322998512802 7.515542052616178 7.15273020524926 6.6551555751528095 6.095381311511794 5.545971962900894 5.141689942223561 4.944733162863362 4.975835125591117 5.193530590581191 5.514889492764949 5.86734731230596 6.1990726286272135 6.458233413568158 6.634463481187198 6.717396163717606 6.7070316238827 6.593003237877874 6.385677498190614 6.105786941198025 5.774064413755462 5.44234162573067 5.162450533474073 4.996589298142611 4.965490793127924 5.110620516619626 5.442344870991366 5.971030334217107 6.686310548542291 7.598551892174729 8.707754446463547 9.962086336514568 11.351181161719637 12.823207106167287 14.357431388506935 15.933121210211924 17.51917750313287 19.125966599052273 20.753488458589306 22.432842273237 24.22622624731212 26.1440068241349 28.269114998826964 30.622283508971066 33.234611556488886 36.054267191222316 39.03978495226521 42.08750098981085
71.47502243901691 73.34951097377878 75.13238097462929 76.82193361086121 78.41752522063193 79.91946709802774 81.32891494260744 82.64775314649188 83.87847842853844 85.02408654782548 86.08796501419509 87.07379392162383 87.9854563039456 88.8269587794212 89.60236272459848 90.31572580163201 90.97105335151933 91.57225894807783 92.1231332705434 92.62732038196619 93.08830048192192 93.50937822241552 93.89367572383553 94.24412949389409 94.56349052898037 94.85432695833398 95.11902867249327 95.3598134554822 95.5787342131018 95.77768695626004 95.95841925790286 96.12253895466186 96.18804445960474 96.14548917378352 95.91208546248733 95.69451954033127 95.58739498487556 95.51781094716105 95.43415755046442 95.19070671366231 94.449324328536 92.92872224401283 90.43475631034248 86.93978009338903 82.92279455252093 78.81203283330159 74.64374010406115 70.32162085018146 65.91908216701759 61.544779184180676 57.366116760550184 53.76596023459625 50.89167095555884 48.914324210789154 47.84411805261812 47.31260101331211 46.938426884145784 46.71163650217011 46.632636262080176 46.6691920756123 46.5997506003044 46.06401752697198 44.86109034118699 42.96990359147083 40.517031350412545 37.74619155667456 34.805346759231554 31.789936411914635 28.68950034593482 25.546275753788162 22.46629654519317 19.68244228650095 17.51246735455483 16.08352934936178 15.36388343295305 15.141858875229373 15.142143063520374 15.21653985260382 15.280310423473637 15.291124313109805 15.227779372779981 15.111476115004262 14.942195201538944 14.75172437331174 14.645948458627911 14.688427058759514 14.995648431245694 15.546432697206486 16.245483388301494 16.95511870358374 17.59062427112104 18.067271361788666 18.38505352197834 18.543977767417143 18.522853973663736 18.321688145971756 17.961656885221995 17.47452923572088 16.945035454536164 16.479077825548845 16.161387041297512 15.981370002086345 15.886077200079155 15.822552852290212 15.71666458865103 15.526047305854608 15.229521263670124 14.805903206218849 14.28696624744213 13.683301692650101 13.058453269671475 12.465376157498975 11.988796165740737 11.713440895870368 11.692264200895169 11.967630322010978 12.560720764079138 13.460945497419912 14.668304293223676 16.140434500475163 17.82438157385263 19.688373524896726 21.668864889228065 23.71290187602565 25.756938933338013 27.790385586891915 29.781468792295613 31.709007223136556 33.604773169706256 35.43699385755878 37.25862388439016 39.10143560758827 40.95483801023963 42.8400130974779 44.746369874758514 46.63154476575766 48.44258372742275 50.16889577317541 51.725753893685194 53.08138573344205 54.21460943196521 55.104243171006345 55.76087797237065 56.226877107095426 56.50224072434359 56.66110475837305 56.74583261058224 56.84115128958624 56.9470606990498 57.105924383343726 57.338923991893104
71.47502243901691 73.34951097377878 75.13238097462929 76.82193361086121 78.41752522063193 79.91946709802774 81.32891494260744 82.64775314649188 83.87847842853844 85.02408654782548 86.08796501419509 87.07379392162383 87.9854563039456 88.8269587794212 89.60236272459848 90.31572580163201 90.97105335151933 91.57225894807783 92.1231332705434 92.62732038196619 93.08830048192192 93.50937822241552 93.89367572383553 94.24412949389409 94.56349052898037 94.85432695833398 95.11902867249327 95.3598134554822 95.5787342131018 95.77768695626004 95.95841925790286 96.12253895466186 96.18804445960474 96.14548917378352 95.91208546248733 95.69451954033127 95.58739498487556 95.51781094716105 95.43415755046442 95.19070671366231 94.449324328536 92.92872224401283 90.43475631034248 86.93978009338903 82.92279455252093 78.81203283330159 74.64374010406115 70.32162085018146 65.91908216701759 61.544779184180676 57.366116760550184 53.76596023459625 50.89167095555884 48.914324210789154 47.84411805261812 47.31260101331211 46.938426884145784 46.71163650217011 46.632636262080176 46.6691920756123 46.5997506003044 46.06401752697198 44.86109034118699 42.96990359147083 40.517031350412545 37.74619155667456 34.805346759231554 31.789936411914635 28.68950034593482 25.546275753788162 22.46629654519317 19.68244228650095 17.51246735455483 16.08352934936178 15.36388343295305 15.141858875229373 15.142143063520374 15.21653985260382 15.280310423473637 15.291124313109805 15.227779372779981 15.111476115004262 14.942195201538944 14.75172437331174 14.645948458627911 14.688427058759514 14.995648431245694 15.546432697206486 16.245483388301494 16.95511870358374 17.59062427112104 18.067271361788666 18.38505352197834 18.543977767417143 18.522853973663736 18.321688145971756 17.961656885221995 17.47452923572088 16.945035454536164 16.479077825548845 16.161387041297512 15.981370002086345 15.886077200079155 15.822552852290212 15.71666458865103 15.526047305854608 15.229521263670124 14.805903206218849 14.28696624744213 13.683301692650101 13.058453269671475 12.465376157498975 11.988796165740737 11.713440895870368 11.692264200895169 11.967630322010978 12.560720764079138 13.460945497419912 14.668304293223676 16.140434500475163 17.82438157385263 19.688373524896726 21.668864889228065 23.71290187602565 25.756938933338013 27.790385586891915 29.781468792295613 31.709007223136556 33.604773169706256 35.43699385755878 37.25862388439016 39.10143560758827 40.95483801023963 42.8400130974779 44.746369874758514 46.63154476575766 48.44258372742275 50.16889577317541 51.725753893685194 53.08138573344205 54.21460943196521 55.104243171006345 55.76087797237065 56.226877107095426 56.50224072434359 56.66110475837305 56.74583261058224 56.84115128958624 56.9470606990498 57.105924383343726 57.338923991893104
71.47502243901691 73.34951097377878 75.13238097462929 76.82193361086121 78.41752522063193 79.91946709802774 81.32891494260744 82.64775314649188 83.87847842853844 85.02408654782548 86.08796501419509 87.07379392162383 87.9854563039456 88.8269587794212 89.60236272459848 90.31572580163201 90.97105335151933 91.57225894807783 92.1231332705434 92.62732038196619 93.08830048192192 93.50937822241552 93.89367572383553 94.24412949389409 94.56349052898037 94.85432695833398 95.11902867249327 95.3598134554822 95.5787342131018 95.77768695626004 95.95841925790286 96.12253895466186 96.18804445960474 96.14548917378352 95.91208546248733 95.69451954033127 95.58739498487556 95.51781094716105 95.43415755046442 95.19070671366231 94.449324328536 92.92872224401283 90.43475631034248 86.93978009338903 82.92279455252093 78.81203283330159 74.64374010406115 70.32162085018146 65.91908216701759 61.544779184180676 57.366116760550184 53.76596023459625 50.89167095555884 48.914324210789154 47.84411805261812 47.31260101331211 46.938426884145784 46.71163650217011 46.632636262080176 46.6691920756123 46.5997506003044 46.06401752697198 44.86109034118699 42.96990359147083 40.517031350412545 37.74619155667456 34.805346759231554 31.789936411914635 28.68950034593482 25.546275753788162 22.46629654519317 19.68244228650095 17.51246735455483 16.08352934936178 15.36388343295305 15.141858875229373 15.142143063520374 15.21653985260382 15.280310423473637 15.291124313109805 15.227779372779981 15.111476115004262 14.942195201538944 14.75172437331174 14.645948458627911 14.688427058759514 14.995648431245694 15.546432697206486 16.245483388301494 16.95511870358374 17.59062427112104 18.067271361788666 18.38505352197834 18.543977767417143 18.522853973663736 18.321688145971756 17.961656885221995 17.47452923572088 16.945035454536164 16.479077825548845 16.161387041297512 15.981370002086345 15.886077200079155 15.822552852290212 15.71666458865103 15.526047305854608 15.229521263670124 14.805903206218849 14.28696624744213 13.683301692650101 13.058453269671475 12.465376157498975 11.988796165740737 11.713440895870368 11.692264200895169 11.967630322010978 12.560720764079138 13.460945497419912 14.668304293223676 16.140434500475163 17.82438157385263 19.688373524896726 21.668864889228065 23.71290187602565 25.756938933338013 27.790385586891915 29.781468792295613 31.709007223136556 33.604773169706256 35.43699385755878 37.25862388439016 39.10143560758827 40.95483801023963 42.8400130974779 44.746369874758514 46.63154476575766 48.44258372742275 50.16889577317541 51.725753893685194 53.08138573344205 54.21460943196521 55.104243171006345 55.76087797237065 56.226877107095426 56.50224072434359 56.66110475837305 56.74583261058224 56.84115128958624 56.9470606990498 57.105924383343726 57.338923991893104
71.47502243901691 73.34951097377878 75.13238097462929 76.82193361086121 78.41752522063193 79.91946709802774 81.32891494260744 82.64775314649188 83.87847842853844 85.02408654782548 86.08796501419509 87.07379392162383 87.9854563039456 88.8269587794212 89.60236272459848 90.31572580163201 90.97105335151933 91.57225894807783 92.1231332705434 92.62732038196619 93.08830048192192 93.50937822241552 93.89367572383553 94.24412949389409 94.56349052898037 94.85432695833398 95.11902867249327 95.3598134554822 95.5787342131018 95.77768695626004 95.95841925790286 96.12253895466186 96.18804445960474 96.14548917378352 95.91208546248733 95.69451954033127 95.58739498487556 95.51781094716105 95.43415755046442 95.19070671366231 94.449324328536 92.92872224401283 90.43475631034248 86.93978009338903 82.92279455252093 78.81203283330159 74.64374010406115 70.32162085018146 65.91908216701759 61.544779184180676 57.366116760550184 53.76596023459625 50.89167095555884 48.914324210789154 47.84411805261812 47.31260101331211 46.938426884145784 46.71163650217011 46.632636262080176 46.6691920756123 46.5997506003044 46.06401752697198 44.86109034118699 42.96990359147083 40.517031350412545 37.74619155667456 34.805346759231554 31.789936411914635 28.68950034593482 25.546275753788162 22.46629654519317 19.68244228650095 17.51246735455483 16.08352934936178 15.36388343295305 15.141858875229373 15.142143063520374 15.21653985260382 15.280310423473637 15.291124313109805 15.227779372779981 15.111476115004262 14.942195201538944 14.75172437331174 14.645948458627911 14.688427058759514 14.995648431245694 15.546432697206486 16.245483388301494 16.95511870358374 17.59062427112104 18.067271361788666 18.38505352197834 18.543977767417143 18.522853973663736 18.321688145971756 17.961656885221995 17.47452923572088 16.945035454536164 16.479077825548845 16.161387041297512 15.981370002086345 15.886077200079155 15.822552852290212 15.71666458865103 15.526047305854608 15.229521263670124 14.805903206218849 14.28696624744213 13.683301692650101 13.058453269671475 12.465376157498975 11.988796165740737 11.713440895870368 11.692264200895169 11.967630322010978 12.560720764079138 13.460945497419912 14.668304293223676 16.140434500475163 17.82438157385263 19.688373524896726 21.668864889228065 23.71290187602565 25.756938933338013 27.790385586891915 29.781468792295613 31.709007223136556 33.604773169706256 35.43699385755878 37.25862388439016 39.10143560758827 40.95483801023963 42.8400130974779 44.746369874758514 46.63154476575766 48.44258372742275 50.16889577317541 51.725753893685194 53.08138573344205 54.21460943196521 55.104243171006345 55.76087797237065 56.226877107095426 56.50224072434359 56.66110475837305 56.74583261058224 56.84115128958624 56.9470606990498 57.105924383343726 57.338923991893104
71.47502243901691 73.34951097377878 75.13238097462929 76.82193361086121 78.41752522063193 79.91946709802774 81.32891494260744 82.64775314649188 83.87847842853844 85.02408654782548 86.08796501419509 87.07379392162383 87.9854563039456 88.8269587794212 89.60236272459848 90.31572580163201 90.97105335151933 91.57225894807783 92.1231332705434 92.62732038196619 93.08830048192192 93.50937822241552 93.89367572383553 94.24412949389409 94.56349052898037 94.85432695833398 95.11902867249327 95.3598134554822 95.5787342131018 95.77768695626004 95.95841925790286 96.12253895466186 96.18804445960474 96.14548917378352 95.91208546248733 95.69451954033127 95.58739498487556 95.51781094716105 95.43415755046442 95.19070671366231 94.449324328536 92.92872224401283 90.43475631034248 86.93978009338903 82.92279455252093 78.81203283330159 74.64374010406115 70.32162085018146 65.91908216701759 61.544779184180676 57.366116760550184 53.76596023459625 50.89167095555884 48.914324210789154 47.84411805261812 47.31260101331211 46.938426884145784 46.71163650217011 46.632636262080176 46.6691920756123 46.5997506003044 46.06401752697198 44.86109034118699 42.96990359147083 40.517031350412545 37.74619155667456 34.805346759231554 31.789936411914635 28.68950034593482 25.546275753788162 22.46629654519317 19.68244228650095 17.51246735455483 16.08352934936178 15.36388343295305 15.141858875229373 15.142143063520374 15.21653985260382 15.280310423473637 15.291124313109805 15.227779372779981 15.111476115004262 14.942195201538944 14.75172437331174 14.645948458627911 14.688427058759514 14.995648431245694 15.546432697206486 16.245483388301494 16.95511870358374 17.59062427112104 18.067271361788666 18.38505352197834 18.543977767417143 18.522853973663736 18.321688145971756 17.961656885221995 17.47452923572088 16.945035454536164 16.479077825548845 16.161387041297512 15.981370002086345 15.886077200079155 15.822552852290212 15.71666458865103 15.526047305854608 15.229521263670124 14.805903206218849 14.28696624744213 13.683301692650101 13.058453269671475 12.465376157498975 11.988796165740737 11.713440895870368 11.692264200895169 11.967630322010978 12.560720764079138 13.460945497419912 14.668304293223676 16.140434500475163 17.82438157385263 19.688373524896726 21.668864889228065 23.71290187602565 25.756938933338013 27.790385586891915 29.781468792295613 31.709007223136556 33.604773169706256 35.43699385755878 37.25862388439016 39.10143560758827 40.95483801023963 42.8400130974779 44.746369874758514 46.63154476575766 48.44258372742275 50.16889577317541 51.725753893685194 53.08138573344205 54.21460943196521 55.104243171006345 55.76087797237065 56.226877107095426 56.50224072434359 56.66110475837305 56.74583261058224 56.84115128958624 56.9470606990498 57.105924383343726 57.338923991893104
71.47502243901691 73.34951097377878 75.13238097462929 76.82193361086121 78.41752522063193 79.91946709802774 81.32891494260744 82.64775314649188 83.87847842853844 85.02408654782548 86.08796501419509 87.07379392162383 87.9854563039456 88.8269587794212 89.60236272459848 90.31572580163201 90.97105335151933 91.57225894807783 92.1231332705434 92.62732038196619 93.08830048192192 93.50937822241552 93.89367572383553 94.24412949389409 94.56349052898037 94.85432695833398 95.11902867249327 95.3598134554822 95.5787342131018 95.77768695626004 95.95841925790286 96.12253895466186 96.18804445960474 96.14548917378352 95.91208546248733 95.69451954033127 95.58739498487556 95.51781094716105 95.43415755046442 95.19070671366231 94.449324328536 92.92872224401283 90.43475631034248 86.93978009338903 82.92279455252093 78.81203283330159 74.64374010406115 70.32162085018146 65.91908216701759 61.544779184180676 57.366116760550184 53.76596023459625 50.89167095555884 48.914324210789154 47.84411805261812 47.31260101331211 46.938426884145784 46.71163650217011 46.632636262080176 46.6691920756123 46.5997506003044 46.06401752697198 44.86109034118699 42.96990359147083 40.517031350412545 37.74619155667456 34.805346759231554 31.789936411914635 28.68950034593482 25.546275753788162 22.46629654519317 19.68244228650095 17.51246735455483 16.08352934936178 15.36388343295305 15.141858875229373 15.142143063520374 15.21653985260382 15.280310423473637 15.291124313109805 15.227779372779981 15.111476115004262 14.942195201538944 14.75172437331174 14.645948458627911 14.688427058759514 14.995648431245694 15.546432697206486 16.245483388301494 16.95511870358374 17.59062427112104 18.067271361788666 18.38505352197834 18.543977767417143 18.522853973663736 18.321688145971756 17.961656885221995 17.47452923572088 16.945035454536164 16.479077825548845 16.161387041297512 15.981370002086345 15.886077200079155 15.822552852290212 15.71666458865103 15.526047305854608 15.229521263670124 14.805903206218849 14.28696624744213 13.683301692650101 13.058453269671475 12.465376157498975 11.988796165740737 11.713440895870368 11.692264200895169 11.967630322010978 12.560720764079138 13.460945497419912 14.668304293223676 16.140434500475163 17.82438157385263 19.688373524896726 21.668864889228065 23.71290187602565 25.756938933338013 27.790385586891915 29.781468792295613 31.709007223136556 33.604773169706256 35.43699385755878 37.25862388439016 39.10143560758827 40.95483801023963 42.8400130974779 44.746369874758514 46.63154476575766 48.44258372742275 50.16889577317541 51.725753893685194 53.08138573344205 54.21460943196521 55.104243171006345 55.76087797237065 56.226877107095426 56.50224072434359 56.66110475837305 56.74583261058224 56.84115128958624 56.9470606990498 57.105924383343726 57.338923991893104