4 151 8
300.0440999999999 302.0443999999999 304.0446999999999 306.0449999999999 308.0452999999999 310.0455999999999 312.0458999999999 314.0461999999999 316.04649999999987 318.0467999999999 320.0470999999999 322.04739999999987 324.0476999999999 326.0479999999999 328.04829999999987 330.0485999999999 332.0488999999999 334.04919999999987 336.0494999999999 338.0497999999999 340.0500999999999 342.05039999999985 344.0506999999999 346.0509999999999 348.05129999999986 350.0515999999999 352.0518999999999 354.05219999999986 356.0524999999999 358.0527999999999 360.05309999999986 362.0533999999999 364.0536999999999 366.05399999999986 368.0542999999999 369.99 372.04 373.98 376.04 377.98 380.03 381.97 384.02 385.96 388.01 389.95 392.0 394.05 395.99 398.05 399.99 402.04 403.99 406.05 407.99 410.06 412.01 413.96 416.02 417.97 420.04 422.0 423.95 426.02 427.98 430.05 432.01 433.96 436.03 437.99 440.06 442.01 443.96 446.03 447.98 450.04 451.98 454.04 455.99 458.04 459.98 462.03 463.97 466.02 467.95 470.0 472.05 473.98 476.02 477.96 480.0 482.05 483.98 486.03 487.96 490.01 492.06 493.99 496.05 497.98 500.04 501.98 504.04 505.98 508.04 509.99 512.05 514.0 515.95 518.01 519.96 522.03 523.98 526.04 527.99 530.05 532.0 534.06 536.0 538.06 540.0 542.05 543.99 546.04 547.98 550.03 551.96 554.0 556.04 557.97 560.01 562.05 563.98 566.01 568.05 569.98 572.01 574.05 575.97 578.01 580.05 581.98 584.02 585.95 588.0 590.04 591.97 594.02 595.96 598.01 599.95
0.0 39.77 47.82 50.0 60.0 70.0 80.0 90.0
71.69571887237906 73.57599534423954 75.36437038778762 77.059139926765 78.65965831186735 80.16623779837676 81.58003765435421 82.90294809043735 84.1374735347074 85.28661899637405 86.35378244503603 87.34265533785087 88.25713269845934 89.10123351652605 89.87903170908201 90.59459746729591 91.2519484996252 91.85501046399374 92.40758574427717 92.91332965545237 93.37573314305375 93.79811106299918 94.1835951759797 94.53513105688582 94.85547819647397 95.14721265370444 95.41273169848115 95.65425996277307 95.8738566912248 96.07342374913698 96.25471410551005 96.41934056156039 96.56878454091712 96.7044047969927 96.82744592631735 96.9356102996638 97.03952971011766 97.12870983733956 97.21455354043725 97.28781956784148 97.35799645408639 97.41818069421042 97.47581208819456 97.52522531486972 97.57253227447336 97.61308529960714 97.65190279403683 97.68696513369119 97.7170146520184 97.74590529610686 97.77053608831841 97.79410522056654 97.81439940481441 97.8338021147945 97.85034096421353 97.86631092140497 97.87992006716338 97.89226822941059 97.90407208847844 97.91418161090486 97.92388960488357 97.93220188030669 97.9397028003648 97.94690542356064 97.9530722323284 97.95896193122108 97.9640045027314 97.968554583207 97.97292345775323 97.97666384034096 97.9802359731433 97.98327932923364 97.98604012820395 97.98869088404913 97.99094921369728 97.99310756159969 97.99494673431931 97.99671397724858 97.99822726044171 97.83547893475817 97.70330549448698 97.73526720052139 97.98256497715025 98.31192137435089 98.55904227772926 98.66246224520324 98.66318166337796 98.7048448492203 98.89015829875585 99.13696771951025 99.28112847555188 99.25077940811327 99.05616107466442 98.85126417656917 98.81051822968867 98.8826517772783 98.88291690581966 98.64709592209066 98.14442996974955 97.55962539358814 97.16980891865906 97.15969565733594 97.42667755780424 97.67311282466818 97.56033792066441 96.97544601727884 96.12370921346213 95.35406159156653 94.97440166145697 95.04631310020508 95.31321307581595 95.34406002683643 94.78990231673522 93.65074544421961 92.31658200093462 91.2800457421172 90.86955296779983 91.15695005951854 91.73171006000267 91.91647094245567 91.22886314448256 89.69967819339738 87.84206984560093 86.30261696121289 85.6765795805984 86.12816987019136 87.24686180482091 87.69845006255554 86.23083178776781 83.05953186483465 79.1595485541793 75.56745792537211 72.80667982254839 70.51800535174095 67.01828008150117 61.435137072943085 54.045681187835946 45.558068629720545 37.255191565908 30.348100677059083 24.836796092308855 20.228647302498626 15.918129279113456 11.443400744498131 6.917356298205192 3.612625319560871 1.8986809531334201 1.1392085905402858 0.769735544947319 0.5849990220091953 0.5028939018922067
71.52213347988318 73.3978575386498 75.18190267535343 76.8725689395434 78.46921224512295 79.97214409136032 81.3825209395659 82.70222842391222 83.93376490890883 85.08012812821657 86.14470782447316 87.1311865173005 88.04344979994077 88.88550693152084 89.66142196554709 90.37525523868449 91.03101473195468 91.63261659871306 92.18385401673052 92.68837345095362 93.14965739484794 93.57101267860018 93.95556348046945 94.30624824369625 94.62581977792281 94.91684790510934 95.18172409103299 95.4226675815167 95.64173263548497 95.84081651355571 96.02166794054551 96.1858958128528 96.3349779673723 96.47026986778381 96.59301309727478 96.70091558950061 96.80458339648449 96.89354760610864 96.97918346955943 97.05227210963395 97.1222790877932 97.18231761342955 97.23980947372462 97.28910306404656 97.33629548686503 97.37675032743638 97.41547383926695 97.45045128807864 97.48042805230679 97.50924874809327 97.5338199057018 97.55733197377461 97.57757702295565 97.59693275625317 97.63412991554645 97.59831025815492 97.5497683072213 97.51030676463249 97.41851597409082 97.20074493118031 96.93074439698628 96.69038434305385 96.5320521044196 96.38376036377294 96.13082771119187 95.74290258362804 95.32302196084518 95.02696067792743 94.86540411139755 94.69286272769355 94.3854276933418 93.97382992546022 93.34430250593229 92.15498965634886 90.26049277992956 87.50558340503461 84.03512807425551 80.24317889544504 76.1710447000685 71.89143109487073 67.64264448504991 63.601020705979046 59.797599411349815 56.22211411895886 53.06110250690272 50.48049556667481 48.7290636645233 47.81718094232395 47.37173569406211 47.164661083021855 46.874645526699275 46.08704018938068 44.42865470202685 41.9202358524054 38.75871564033765 35.265456621794925 31.668506421526562 28.071525812304255 24.464160697151552 20.763476948892112 17.042045847211984 13.538288425381829 10.635761477550304 8.676553203945547 7.6295709665179405 7.266759237506856 7.256400159823936 7.4015344496928925 7.536302087904581 7.619238120028864 7.650341874618787 7.6192475360613985 7.536320837030989 7.380829546707975 7.163139563256924 6.914350239622661 6.717392057772338 6.665562528755262 6.789960628449122 7.080220400482047 7.411945463966479 7.691838804638694 7.857702039776066 7.919901637538909 7.888803766059124 7.764408533277269 7.515616682890857 7.152794670685319 6.655209678843407 6.095426255510331 5.546009077788458 5.141720979964305 4.94476023542612 4.975859683693455 5.193553854936315 5.514911760762419 5.8673688133311925 6.199093119369782 6.45825277421082 6.6344814213047565 6.7174126591793355 6.707046469883755 6.593016490655606 6.385689075029639 6.105796994217073 5.774072993893149 5.442348964864526 5.162456816946808 4.996594820635181 4.965495749372022 5.110625120191317
71.47502243901691 73.34951097377878 75.13238097462929 76.82193361086121 78.41752522063193 79.91946709802774 81.32891494260744 82.64775314649188 83.87847842853844 85.02408654782548 86.08796501419509 87.07379392162383 87.9854563039456 88.8269587794212 89.60236272459848 90.31572580163201 90.97105335151933 91.57225894807783 92.1231332705434 92.62732038196619 93.08830048192192 93.50937822241552 93.89367572383553 94.24412949389409 94.56349052898037 94.85432695833398 95.11902867249327 95.3598134554822 95.5787342131018 95.77768695626004 95.95841925790286 96.12253895466186 96.27152290999275 96.4067256947426 96.52938807427819 96.63721949202018 96.74081901387254 96.82972462350378 96.9153040793159 96.98834457650453 97.05830544164326 97.11830442039675 97.17575841127646 97.22501953231604 97.27218086987386 97.31260906317459 97.35130706814651 97.38626147760046 97.41621849638065 97.44502020821194 97.46957518100112 97.49307176186812 97.51330347580183 97.53264645963708 97.46454811249367 97.30067991137344 96.95461001508886 96.63892914035918 96.4390000374598 96.29025551578951 96.1305027710639 95.8211988758859 95.013651588388 93.43308101120799 90.87754210413848 87.32643868271596 83.25549034712778 79.09903592068802 74.88912378123354 70.53016538405998 66.09664907240385 61.69423948544435 57.49256211319996 53.87294096744749 50.98352772547825 48.99397273824217 47.91482333037041 47.3756432154137 46.99516123310881 46.762884325964606 46.6787562414563 46.71108699599426 46.637439877801214 46.09781492966691 44.890943974059084 42.995684108553455 40.53908347090997 37.7646995900806 34.820827497219895 31.802761690732023 28.699934843310068 25.554704452518205 22.472974408777667 19.687752524059665 17.516752700079945 16.087077626434155 15.366959988477069 15.14459200429143 15.144625437491698 15.21878845457178 15.282360092131265 15.292974342619406 15.229452675809217 15.112973842180812 14.943540252416847 14.752922167159257 14.647029143015148 14.689404683137012 14.99654870747076 15.547280870596245 16.246283305495574 16.955876999282804 17.591334303264457 18.067929627807278 18.38566182314675 18.544531587470107 18.52335633758382 18.32213667233395 17.962053488308563 17.47487987256169 16.94534195969353 16.479348684636527 16.161626500958956 15.98158505177432 15.886269901318673 15.822727159609954 15.716820657100529 15.526187237514424 15.229645073443931 14.806012376828205 14.287061859022835 13.683384291712905 13.0585247650958 12.465437680032505 11.988849869402754 11.713488192352479 11.692307047458396 11.967669880449275 12.56075841890062 13.460981896888438 14.668340313200197 16.140470227294575 17.824417403133864 19.688409218702276 21.668900566449295 23.712937112896682 25.756973667214634 27.79041941193857 29.781501708336997 31.709038873095533 33.60480344039099
71.47502243901691 73.34951097377878 75.13238097462929 76.82193361086121 78.41752522063193 79.91946709802774 81.32891494260744 82.64775314649188 83.87847842853844 85.02408654782548 86.08796501419509 87.07379392162383 87.9854563039456 88.8269587794212 89.60236272459848 90.31572580163201 90.97105335151933 91.57225894807783 92.1231332705434 92.62732038196619 93.08830048192192 93.50937822241552 93.89367572383553 94.24412949389409 94.56349052898037 94.85432695833398 95.11902867249327 95.3598134554822 95.5787342131018 95.77768695626004 95.95841925790286 96.12253895466186 96.27152290999275 96.4067256947426 96.52938807427819 96.63721949202018 96.74081901387254 96.82972462350378 96.9153040793159 96.98834457650453 97.05830544164326 97.11830442039675 97.17575841127646 97.22501953231604 97.27218086987386 97.31260906317459 97.35130706814651 97.38626147760046 97.41621849638065 97.44502020821194 97.46957518100112 97.49307176186812 97.51330347580183 97.53264645963708 97.46454811249367 97.30067991137344 96.95461001508886 96.63892914035918 96.4390000374598 96.29025551578951 96.1305027710639 95.8211988758859 95.013651588388 93.43308101120799 90.87754210413848 87.32643868271596 83.25549034712778 79.09903592068802 74.88912378123354 70.53016538405998 66.09664907240385 61.69423948544435 57.49256211319996 53.87294096744749 50.98352772547825 48.99397273824217 47.91482333037041 47.3756432154137 46.99516123310881 46.762884325964606 46.6787562414563 46.71108699599426 46.637439877801214 46.09781492966691 44.890943974059084 42.995684108553455 40.53908347090997 37.7646995900806 34.820827497219895 31.802761690732023 28.699934843310068 25.554704452518205 22.472974408777667 19.687752524059665 17.516752700079945 16.087077626434155 15.366959988477069 15.14459200429143 15.144625437491698 15.21878845457178 15.282360092131265 15.292974342619406 15.229452675809217 15.112973842180812 14.943540252416847 14.752922167159257 14.647029143015148 14.689404683137012 14.99654870747076 15.547280870596245 16.246283305495574 16.955876999282804 17.591334303264457 18.067929627807278 18.38566182314675 18.544531587470107 18.52335633758382 18.32213667233395 17.962053488308563 17.47487987256169 16.94534195969353 16.479348684636527 16.161626500958956 15.98158505177432 15.886269901318673 15.822727159609954 15.716820657100529 15.526187237514424 15.229645073443931 14.806012376828205 14.287061859022835 13.683384291712905 13.0585247650958 12.465437680032505 11.988849869402754 11.713488192352479 11.692307047458396 11.967669880449275 12.56075841890062 13.460981896888438 14.668340313200197 16.140470227294575 17.824417403133864 19.688409218702276 21.668900566449295 23.712937112896682 25.756973667214634 27.79041941193857 29.781501708336997 31.709038873095533 33.60480344039099
71.47502243901691 73.34951097377878 75.13238097462929 76.82193361086121 78.41752522063193 79.91946709802774 81.32891494260744 82.64775314649188 83.87847842853844 85.02408654782548 86.08796501419509 87.07379392162383 87.9854563039456 88.8269587794212 89.60236272459848 90.31572580163201 90.97105335151933 91.57225894807783 92.1231332705434 92.62732038196619 93.08830048192192 93.50937822241552 93.89367572383553 94.24412949389409 94.56349052898037 94.85432695833398 95.11902867249327 95.3598134554822 95.5787342131018 95.77768695626004 95.95841925790286 96.12253895466186 96.27152290999275 96.4067256947426 96.52938807427819 96.63721949202018 96.74081901387254 96.82972462350378 96.9153040793159 96.98834457650453 97.05830544164326 97.11830442039675 97.17575841127646 97.22501953231604 97.27218086987386 97.31260906317459 97.35130706814651 97.38626147760046 97.41621849638065 97.44502020821194 97.46957518100112 97.49307176186812 97.51330347580183 97.53264645963708 97.46454811249367 97.30067991137344 96.95461001508886 96.63892914035918 96.4390000374598 96.29025551578951 96.1305027710639 95.8211988758859 95.013651588388 93.43308101120799 90.87754210413848 87.32643868271596 83.25549034712778 79.09903592068802 74.88912378123354 70.53016538405998 66.09664907240385 61.69423948544435 57.49256211319996 53.87294096744749 50.98352772547825 48.99397273824217 47.91482333037041 47.3756432154137 46.99516123310881 46.762884325964606 46.6787562414563 46.71108699599426 46.637439877801214 46.09781492966691 44.890943974059084 42.995684108553455 40.53908347090997 37.7646995900806 34.820827497219895 31.802761690732023 28.699934843310068 25.554704452518205 22.472974408777667 19.687752524059665 17.516752700079945 16.087077626434155 15.366959988477069 15.14459200429143 15.144625437491698 15.21878845457178 15.282360092131265 15.292974342619406 15.229452675809217 15.112973842180812 14.943540252416847 14.752922167159257 14.647029143015148 14.689404683137012 14.99654870747076 15.547280870596245 16.246283305495574 16.955876999282804 17.591334303264457 18.067929627807278 18.38566182314675 18.544531587470107 18.52335633758382 18.32213667233395 17.962053488308563 17.47487987256169 16.94534195969353 16.479348684636527 16.161626500958956 15.98158505177432 15.886269901318673 15.822727159609954 15.716820657100529 15.526187237514424 15.229645073443931 14.806012376828205 14.287061859022835 13.683384291712905 13.0585247650958 12.465437680032505 11.988849869402754 11.713488192352479 11.692307047458396 11.967669880449275 12.56075841890062 13.460981896888438 14.668340313200197 16.140470227294575 17.824417403133864 19.688409218702276 21.668900566449295 23.712937112896682 25.756973667214634 27.79041941193857 29.781501708336997 31.709038873095533 33.60480344039099
71.47502243901691 73.34951097377878 75.13238097462929 76.82193361086121 78.41752522063193 79.91946709802774 81.32891494260744 82.64775314649188 83.87847842853844 85.02408654782548 86.08796501419509 87.07379392162383 87.9854563039456 88.8269587794212 89.60236272459848 90.31572580163201 90.97105335151933 91.57225894807783 92.1231332705434 92.62732038196619 93.08830048192192 93.50937822241552 93.89367572383553 94.24412949389409 94.56349052898037 94.85432695833398 95.11902867249327 95.3598134554822 95.5787342131018 95.77768695626004 95.95841925790286 96.12253895466186 96.27152290999275 96.4067256947426 96.52938807427819 96.63721949202018 96.74081901387254 96.82972462350378 96.9153040793159 96.98834457650453 97.05830544164326 97.11830442039675 97.17575841127646 97.22501953231604 97.27218086987386 97.31260906317459 97.35130706814651 97.38626147760046 97.41621849638065 97.44502020821194 97.46957518100112 97.49307176186812 97.51330347580183 97.53264645963708 97.46454811249367 97.30067991137344 96.95461001508886 96.63892914035918 96.4390000374598 96.29025551578951 96.1305027710639 95.8211988758859 95.013651588388 93.43308101120799 90.87754210413848 87.32643868271596 83.25549034712778 79.09903592068802 74.88912378123354 70.53016538405998 66.09664907240385 61.69423948544435 57.49256211319996 53.87294096744749 50.98352772547825 48.99397273824217 47.91482333037041 47.3756432154137 46.99516123310881 46.762884325964606 46.6787562414563 46.71108699599426 46.637439877801214 46.09781492966691 44.890943974059084 42.995684108553455 40.53908347090997 37.7646995900806 34.820827497219895 31.802761690732023 28.699934843310068 25.554704452518205 22.472974408777667 19.687752524059665 17.516752700079945 16.087077626434155 15.366959988477069 15.14459200429143 15.144625437491698 15.21878845457178 15.282360092131265 15.292974342619406 15.229452675809217 15.112973842180812 14.943540252416847 14.752922167159257 14.647029143015148 14.689404683137012 14.99654870747076 15.547280870596245 16.246283305495574 16.955876999282804 17.591334303264457 18.067929627807278 18.38566182314675 18.544531587470107 18.52335633758382 18.32213667233395 17.962053488308563 17.47487987256169 16.94534195969353 16.479348684636527 16.161626500958956 15.98158505177432 15.886269901318673 15.822727159609954 15.716820657100529 15.526187237514424 15.229645073443931 14.806012376828205 14.287061859022835 13.683384291712905 13.0585247650958 12.465437680032505 11.988849869402754 11.713488192352479 11.692307047458396 11.967669880449275 12.56075841890062 13.460981896888438 14.668340313200197 16.140470227294575 17.824417403133864 19.688409218702276 21.668900566449295 23.712937112896682 25.756973667214634 27.79041941193857 29.781501708336997 31.709038873095533 33.60480344039099
71.47502243901691 73.34951097377878 75.13238097462929 76.82193361086121 78.41752522063193 79.91946709802774 81.32891494260744 82.64775314649188 83.87847842853844 85.02408654782548 86.08796501419509 87.07379392162383 87.9854563039456 88.8269587794212 89.60236272459848 90.31572580163201 90.97105335151933 91.57225894807783 92.1231332705434 92.62732038196619 93.08830048192192 93.50937822241552 93.89367572383553 94.24412949389409 94.56349052898037 94.85432695833398 95.11902867249327 95.3598134554822 95.5787342131018 95.77768695626004 95.95841925790286 96.12253895466186 96.27152290999275 96.4067256947426 96.52938807427819 96.63721949202018 96.74081901387254 96.82972462350378 96.9153040793159 96.98834457650453 97.05830544164326 97.11830442039675 97.17575841127646 97.22501953231604 97.27218086987386 97.31260906317459 97.35130706814651 97.38626147760046 97.41621849638065 97.44502020821194 97.46957518100112 97.49307176186812 97.51330347580183 97.53264645963708 97.46454811249367 97.30067991137344 96.95461001508886 96.63892914035918 96.4390000374598 96.29025551578951 96.1305027710639 95.8211988758859 95.013651588388 93.43308101120799 90.87754210413848 87.32643868271596 83.25549034712778 79.09903592068802 74.88912378123354 70.53016538405998 66.09664907240385 61.69423948544435 57.49256211319996 53.87294096744749 50.98352772547825 48.99397273824217 47.91482333037041 47.3756432154137 46.99516123310881 46.762884325964606 46.6787562414563 46.71108699599426 46.637439877801214 46.09781492966691 44.890943974059084 42.995684108553455 40.53908347090997 37.7646995900806 34.820827497219895 31.802761690732023 28.699934843310068 25.554704452518205 22.472974408777667 19.687752524059665 17.516752700079945 16.087077626434155 15.366959988477069 15.14459200429143 15.144625437491698 15.21878845457178 15.282360092131265 15.292974342619406 15.229452675809217 15.112973842180812 14.943540252416847 14.752922167159257 14.647029143015148 14.689404683137012 14.99654870747076 15.547280870596245 16.246283305495574 16.955876999282804 17.591334303264457 18.067929627807278 18.38566182314675 18.544531587470107 18.52335633758382 18.32213667233395 17.962053488308563 17.47487987256169 16.94534195969353 16.479348684636527 16.161626500958956 15.98158505177432 15.886269901318673 15.822727159609954 15.716820657100529 15.526187237514424 15.229645073443931 14.806012376828205 14.287061859022835 13.683384291712905 13.0585247650958 12.465437680032505 11.988849869402754 11.713488192352479 11.692307047458396 11.967669880449275 12.56075841890062 13.460981896888438 14.668340313200197 16.140470227294575 17.824417403133864 19.688409218702276 21.668900566449295 23.712937112896682 25.756973667214634 27.79041941193857 29.781501708336997 31.709038873095533 33.60480344039099
71.47502243901691 73.34951097377878 75.13238097462929 76.82193361086121 78.41752522063193 79.91946709802774 81.32891494260744 82.64775314649188 83.87847842853844 85.02408654782548 86.08796501419509 87.07379392162383 87.9854563039456 88.8269587794212 89.60236272459848 90.31572580163201 90.97105335151933 91.57225894807783 92.1231332705434 92.62732038196619 93.08830048192192 93.50937822241552 93.89367572383553 94.24412949389409 94.56349052898037 94.85432695833398 95.11902867249327 95.3598134554822 95.5787342131018 95.77768695626004 95.95841925790286 96.12253895466186 96.27152290999275 96.4067256947426 96.52938807427819 96.63721949202018 96.74081901387254 96.82972462350378 96.9153040793159 96.98834457650453 97.05830544164326 97.11830442039675 97.17575841127646 97.22501953231604 97.27218086987386 97.31260906317459 97.35130706814651 97.38626147760046 97.41621849638065 97.44502020821194 97.46957518100112 97.49307176186812 97.51330347580183 97.53264645963708 97.46454811249367 97.30067991137344 96.95461001508886 96.63892914035918 96.4390000374598 96.29025551578951 96.1305027710639 95.8211988758859 95.013651588388 93.43308101120799 90.87754210413848 87.32643868271596 83.25549034712778 79.09903592068802 74.88912378123354 70.53016538405998 66.09664907240385 61.69423948544435 57.49256211319996 53.87294096744749 50.98352772547825 48.99397273824217 47.91482333037041 47.3756432154137 46.99516123310881 46.762884325964606 46.6787562414563 46.71108699599426 46.637439877801214 46.09781492966691 44.890943974059084 42.995684108553455 40.53908347090997 37.7646995900806 34.820827497219895 31.802761690732023 28.699934843310068 25.554704452518205 22.472974408777667 19.687752524059665 17.516752700079945 16.087077626434155 15.366959988477069 15.14459200429143 15.144625437491698 15.21878845457178 15.282360092131265 15.292974342619406 15.229452675809217 15.112973842180812 14.943540252416847 14.752922167159257 14.647029143015148 14.689404683137012 14.99654870747076 15.547280870596245 16.246283305495574 16.955876999282804 17.591334303264457 18.067929627807278 18.38566182314675 18.544531587470107 18.52335633758382 18.32213667233395 17.962053488308563 17.47487987256169 16.94534195969353 16.479348684636527 16.161626500958956 15.98158505177432 15.886269901318673 15.822727159609954 15.716820657100529 15.526187237514424 15.229645073443931 14.806012376828205 14.287061859022835 13.683384291712905 13.0585247650958 12.465437680032505 11.988849869402754 11.713488192352479 11.692307047458396 11.967669880449275 12.56075841890062 13.460981896888438 14.668340313200197 16.140470227294575 17.824417403133864 19.688409218702276 21.668900566449295 23.712937112896682 25.756973667214634 27.79041941193857 29.781501708336997 31.709038873095533 33.60480344039099