4 151 8
300.0440999999999 302.0443999999999 304.0446999999999 306.0449999999999 308.0452999999999 310.0455999999999 312.0458999999999 314.0461999999999 316.04649999999987 318.0467999999999 320.0470999999999 322.04739999999987 324.0476999999999 326.0479999999999 328.04829999999987 330.0485999999999 332.0488999999999 334.04919999999987 336.0494999999999 338.0497999999999 340.0500999999999 342.05039999999985 344.0506999999999 346.0509999999999 348.05129999999986 350.0515999999999 352.0518999999999 354.05219999999986 356.0524999999999 358.0527999999999 360.05309999999986 362.0533999999999 364.0536999999999 366.05399999999986 368.0542999999999 369.99 372.04 373.98 376.04 377.98 380.03 381.97 384.02 385.96 388.01 389.95 392.0 394.05 395.99 398.05 399.99 402.04 403.99 406.05 407.99 410.06 412.01 413.96 416.02 417.97 420.04 422.0 423.95 426.02 427.98 430.05 432.01 433.96 436.03 437.99 440.06 442.01 443.96 446.03 447.98 450.04 451.98 454.04 455.99 458.04 459.98 462.03 463.97 466.02 467.95 470.0 472.05 473.98 476.02 477.96 480.0 482.05 483.98 486.03 487.96 490.01 492.06 493.99 496.05 497.98 500.04 501.98 504.04 505.98 508.04 509.99 512.05 514.0 515.95 518.01 519.96 522.03 523.98 526.04 527.99 530.05 532.0 534.06 536.0 538.06 540.0 542.05 543.99 546.04 547.98 550.03 551.96 554.0 556.04 557.97 560.01 562.05 563.98 566.01 568.05 569.98 572.01 574.05 575.97 578.01 580.05 581.98 584.02 585.95 588.0 590.04 591.97 594.02 595.96 598.01 599.95
0.0 39.77 47.82 50.0 60.0 70.0 80.0 90.0
71.69571887237906 73.57599534423954 75.36437038778762 77.059139926765 78.65965831186735 80.16623779837676 81.58003765435421 82.90294809043735 84.1374735347074 85.28661899637405 86.35378244503603 87.34265533785087 88.25713269845934 89.10123351652605 89.87903170908201 90.59459746729591 91.2519484996252 91.85501046399374 92.40758574427717 92.91332965545237 93.37573314305375 93.79811106299918 94.1835951759797 94.53513105688582 94.85547819647397 95.14721265370444 95.41273169848115 95.65425996277307 95.8738566912248 96.07342374913698 96.25471410551005 96.41934056156039 96.56878454091712 96.7044047969927 96.82744592631735 96.9356102996638 97.03952971011766 97.12870983733956 97.21455354043725 97.28781956784148 97.35799645408639 97.41818069421042 97.47581208819456 97.52522531486972 97.57253227447336 97.61308529960714 97.65190279403683 97.68696513369119 97.7170146520184 97.74590529610686 97.77053608831841 97.79410522056654 97.81439940481441 97.8338021147945 97.85034096421353 97.86631092140497 97.87992006716338 97.89226822941059 97.90407208847844 97.91418161090486 97.92388960488357 97.93220188030669 97.9397028003648 97.94690542356064 97.9530722323284 97.95896193122108 97.9640045027314 97.968554583207 97.97292345775323 97.97666384034096 97.9802359731433 97.98327932923364 97.98604012820395 97.98869088404913 97.99094921369728 97.99310756159969 97.99494673431931 97.99671397724858 97.99822726044171 97.99966685829038 98.00089985005259 98.00207914373995 98.00308918430926 98.00405523226001 97.84068191127349 97.70806147665695 97.73956128167376 97.98646897695522 98.31545418244924 98.56226066026673 98.6653679102704 98.66580428390044 98.70722722918799 98.89231536601127 99.13892875974165 99.28290329978104 99.25238084028872 99.05761234290667 98.85257235894885 98.81170558483765 98.88372506667511 98.88387743302333 98.64797479043658 98.14521151017145 97.56033792066441 97.17044373918893 97.16027707920628 97.42719908392436 97.6735877039211 97.56076582772374 96.97583184595508 96.12405448991927 95.35437228505705 94.97468474967762 95.04656652703228 95.31344555959551 95.34426779657333 94.79009128008481 93.65091231791503 92.31673248407645 91.2801787385564 90.86967399591997 91.15705857794455 91.73181001300044 91.91656046045031 91.22894446808043 89.69974969699267 87.84213388945733 86.30267370903827 85.67663066942292 86.12821618911872 87.24690477028227 87.6984887346597 86.2308660988688 83.05956212857413 79.15957438082359 75.56748017205395 72.8066994501549 70.51802238274212 67.01829469773278 61.4351493423805 54.04569086502169 45.55807599612162 37.25519704262619 30.348104708891324 24.836799071980987 20.22864950608633 15.918130846198043 11.443401768216809 6.9173568567403105 3.612625580939935
71.52213347988318 73.3978575386498 75.18190267535343 76.8725689395434 78.46921224512295 79.97214409136032 81.3825209395659 82.70222842391222 83.93376490890883 85.08012812821657 86.14470782447316 87.1311865173005 88.04344979994077 88.88550693152084 89.66142196554709 90.37525523868449 91.03101473195468 91.63261659871306 92.18385401673052 92.68837345095362 93.14965739484794 93.57101267860018 93.95556348046945 94.30624824369625 94.62581977792281 94.91684790510934 95.18172409103299 95.4226675815167 95.64173263548497 95.84081651355571 96.02166794054551 96.1858958128528 96.3349779673723 96.47026986778381 96.59301309727478 96.70091558950061 96.80458339648449 96.89354760610864 96.97918346955943 97.05227210963395 97.1222790877932 97.18231761342955 97.23980947372462 97.28910306404656 97.33629548686503 97.37675032743638 97.41547383926695 97.45045128807864 97.48042805230679 97.50924874809327 97.5338199057018 97.55733197377461 97.57757702295565 97.59693275625317 97.61343156279776 97.62936285448266 97.64293905059017 97.65525731620444 97.6670325964737 97.69782949933466 97.6557312660737 97.60187377231885 97.55755625275502 97.46113687686756 97.23935218205052 96.96546101938911 96.72178369614018 96.56048921138435 96.40936317339627 96.15398043885627 95.76369535728716 95.34177716301654 95.04392120371989 94.88067142418734 94.70666931025333 94.3978270345914 93.98501990347175 93.35447071961681 92.16395828997267 90.26852269394884 87.51254173877972 84.0412444400388 80.24839914069516 76.17557460549938 71.89525434418388 67.64593718031209 63.60381507030738 59.79998197621219 56.22413444301814 53.062835183294254 50.48198224569339 48.73035895867714 47.81833507709983 47.37276900234735 47.16559405283132 46.87548349316774 46.08778381345568 44.42930562464404 41.92079061833935 38.75918138387799 35.26583939915764 31.66881404252794 28.071775907608405 24.464355509332727 20.763628595020972 17.042157184680846 13.538369441042944 10.635818410903232 8.676595388687941 7.629604430396252 7.26678814919752 7.2564262248203795 7.401558566217506 7.5363245512032275 7.619258435591663 7.650360534994789 7.619264139602883 7.536335860661082 7.380842698405764 7.163151239726346 6.9143603139379595 6.717401004590127 6.665570463820594 6.7899680269476255 7.080227295950567 7.411952071152533 7.691844936144849 7.857707768665901 7.91990684522798 7.888808470141772 7.764412708903843 7.515620384020405 7.152797824830237 6.655212326939996 6.095428476452202 5.546010887232883 5.141722493661256 4.944761568460511 4.975860885427277 5.193554987615129 5.514912862165751 5.867369863916856 6.199094121717064 6.458253723609521 6.6344823027146465 6.717413465067794 6.707047200509234 6.5930171397152 6.385689646288945 6.105797487223635 5.774073411656316
71.47502243901691 73.34951097377878 75.13238097462929 76.82193361086121 78.41752522063193 79.91946709802774 81.32891494260744 82.64775314649188 83.87847842853844 85.02408654782548 86.08796501419509 87.07379392162383 87.9854563039456 88.8269587794212 89.60236272459848 90.31572580163201 90.97105335151933 91.57225894807783 92.1231332705434 92.62732038196619 93.08830048192192 93.50937822241552 93.89367572383553 94.24412949389409 94.56349052898037 94.85432695833398 95.11902867249327 95.3598134554822 95.5787342131018 95.77768695626004 95.95841925790286 96.12253895466186 96.27152290999275 96.4067256947426 96.52938807427819 96.63721949202018 96.74081901387254 96.82972462350378 96.9153040793159 96.98834457650453 97.05830544164326 97.11830442039675 97.17575841127646 97.22501953231604 97.27218086987386 97.31260906317459 97.35130706814651 97.38626147760046 97.41621849638065 97.44502020821194 97.46957518100112 97.49307176186812 97.51330347580183 97.53264645963708 97.54913439855356 97.5650551964277 97.57862245000653 97.59093260168059 97.60270012566963 97.52813705576835 97.35792581139891 97.0063975809217 96.68575639468844 96.48119239897734 96.32850112855397 96.16493277969387 95.8523159686258 95.04164139399586 93.45790001989393 90.89942959885005 87.34540362763605 83.27187121211942 79.11315361138676 74.9011761799771 70.54044895267624 66.10533213850138 61.70158575603722 57.498824912761826 53.878183946385214 50.98806341248179 48.99786867722738 47.918310736085694 47.378725252788975 46.997956043616306 46.76537121713727 46.681028460715176 46.71313928688189 46.63929809161946 46.09947144020626 44.8924098591452 42.996950355660104 40.540161062677036 37.765611094109886 34.82158703556116 31.803390784969817 28.700447904961532 25.555116783042845 22.473303659514976 19.688013068739206 17.516963189882897 16.08725223835578 15.36710925979277 15.144726930742129 15.144746036663323 15.2188996050482 15.28245993338895 15.293065858650667 15.229534199243709 15.113047320311281 14.943605795920504 14.752980863465014 14.6470817551581 14.689452545832511 14.996593407371106 15.54732232510336 16.24632293271225 16.955913948811723 17.59136937152988 18.06796182255566 18.385691793192176 18.544558607139606 18.523381008630643 18.322158484049147 17.962073060178433 17.47489689145054 16.945357065177998 16.47936182105689 16.161638284070268 15.981595560380313 15.886279374279189 15.822735668925212 15.716828396982935 15.526194084047397 15.229651133293748 14.8060177715769 14.287066520328658 13.683388320032835 13.058528285481378 12.465440690595305 11.988852484089467 11.713490531696332 11.692309141032288 11.967671815532542 12.560760265401237 13.460983685218501 14.668342072961993 16.14047198554075 17.824419157885902 19.688410980013682 21.668902316083322 23.712938828564585
71.47502243901691 73.34951097377878 75.13238097462929 76.82193361086121 78.41752522063193 79.91946709802774 81.32891494260744 82.64775314649188 83.87847842853844 85.02408654782548 86.08796501419509 87.07379392162383 87.9854563039456 88.8269587794212 89.60236272459848 90.31572580163201 90.97105335151933 91.57225894807783 92.1231332705434 92.62732038196619 93.08830048192192 93.50937822241552 93.89367572383553 94.24412949389409 94.56349052898037 94.85432695833398 95.11902867249327 95.3598134554822 95.5787342131018 95.77768695626004 95.95841925790286 96.12253895466186 96.27152290999275 96.4067256947426 96.52938807427819 96.63721949202018 96.74081901387254 96.82972462350378 96.9153040793159 96.98834457650453 97.05830544164326 97.11830442039675 97.17575841127646 97.22501953231604 97.27218086987386 97.31260906317459 97.35130706814651 97.38626147760046 97.41621849638065 97.44502020821194 97.46957518100112 97.49307176186812 97.51330347580183 97.53264645963708 97.54913439855356 97.5650551964277 97.57862245000653 97.59093260168059 97.60270012566963 97.52813705576835 97.35792581139891 97.0063975809217 96.68575639468844 96.48119239897734 96.32850112855397 96.16493277969387 95.8523159686258 95.04164139399586 93.45790001989393 90.89942959885005 87.34540362763605 83.27187121211942 79.11315361138676 74.9011761799771 70.54044895267624 66.10533213850138 61.70158575603722 57.498824912761826 53.878183946385214 50.98806341248179 48.99786867722738 47.918310736085694 47.378725252788975 46.997956043616306 46.76537121713727 46.681028460715176 46.71313928688189 46.63929809161946 46.09947144020626 44.8924098591452 42.996950355660104 40.540161062677036 37.765611094109886 34.82158703556116 31.803390784969817 28.700447904961532 25.555116783042845 22.473303659514976 19.688013068739206 17.516963189882897 16.08725223835578 15.36710925979277 15.144726930742129 15.144746036663323 15.2188996050482 15.28245993338895 15.293065858650667 15.229534199243709 15.113047320311281 14.943605795920504 14.752980863465014 14.6470817551581 14.689452545832511 14.996593407371106 15.54732232510336 16.24632293271225 16.955913948811723 17.59136937152988 18.06796182255566 18.385691793192176 18.544558607139606 18.523381008630643 18.322158484049147 17.962073060178433 17.47489689145054 16.945357065177998 16.47936182105689 16.161638284070268 15.981595560380313 15.886279374279189 15.822735668925212 15.716828396982935 15.526194084047397 15.229651133293748 14.8060177715769 14.287066520328658 13.683388320032835 13.058528285481378 12.465440690595305 11.988852484089467 11.713490531696332 11.692309141032288 11.967671815532542 12.560760265401237 13.460983685218501 14.668342072961993 16.14047198554075 17.824419157885902 19.688410980013682 21.668902316083322 23.712938828564585
71.47502243901691 73.34951097377878 75.13238097462929 76.82193361086121 78.41752522063193 79.91946709802774 81.32891494260744 82.64775314649188 83.87847842853844 85.02408654782548 86.08796501419509 87.07379392162383 87.9854563039456 88.8269587794212 89.60236272459848 90.31572580163201 90.97105335151933 91.57225894807783 92.1231332705434 92.62732038196619 93.08830048192192 93.50937822241552 93.89367572383553 94.24412949389409 94.56349052898037 94.85432695833398 95.11902867249327 95.3598134554822 95.5787342131018 95.77768695626004 95.95841925790286 96.12253895466186 96.27152290999275 96.4067256947426 96.52938807427819 96.63721949202018 96.74081901387254 96.82972462350378 96.9153040793159 96.98834457650453 97.05830544164326 97.11830442039675 97.17575841127646 97.22501953231604 97.27218086987386 97.31260906317459 97.35130706814651 97.38626147760046 97.41621849638065 97.44502020821194 97.46957518100112 97.49307176186812 97.51330347580183 97.53264645963708 97.54913439855356 97.5650551964277 97.57862245000653 97.59093260168059 97.60270012566963 97.52813705576835 97.35792581139891 97.0063975809217 96.68575639468844 96.48119239897734 96.32850112855397 96.16493277969387 95.8523159686258 95.04164139399586 93.45790001989393 90.89942959885005 87.34540362763605 83.27187121211942 79.11315361138676 74.9011761799771 70.54044895267624 66.10533213850138 61.70158575603722 57.498824912761826 53.878183946385214 50.98806341248179 48.99786867722738 47.918310736085694 47.378725252788975 46.997956043616306 46.76537121713727 46.681028460715176 46.71313928688189 46.63929809161946 46.09947144020626 44.8924098591452 42.996950355660104 40.540161062677036 37.765611094109886 34.82158703556116 31.803390784969817 28.700447904961532 25.555116783042845 22.473303659514976 19.688013068739206 17.516963189882897 16.08725223835578 15.36710925979277 15.144726930742129 15.144746036663323 15.2188996050482 15.28245993338895 15.293065858650667 15.229534199243709 15.113047320311281 14.943605795920504 14.752980863465014 14.6470817551581 14.689452545832511 14.996593407371106 15.54732232510336 16.24632293271225 16.955913948811723 17.59136937152988 18.06796182255566 18.385691793192176 18.544558607139606 18.523381008630643 18.322158484049147 17.962073060178433 17.47489689145054 16.945357065177998 16.47936182105689 16.161638284070268 15.981595560380313 15.886279374279189 15.822735668925212 15.716828396982935 15.526194084047397 15.229651133293748 14.8060177715769 14.287066520328658 13.683388320032835 13.058528285481378 12.465440690595305 11.988852484089467 11.713490531696332 11.692309141032288 11.967671815532542 12.560760265401237 13.460983685218501 14.668342072961993 16.14047198554075 17.824419157885902 19.688410980013682 21.668902316083322 23.712938828564585
71.47502243901691 73.34951097377878 75.13238097462929 76.82193361086121 78.41752522063193 79.91946709802774 81.32891494260744 82.64775314649188 83.87847842853844 85.02408654782548 86.08796501419509 87.07379392162383 87.9854563039456 88.8269587794212 89.60236272459848 90.31572580163201 90.97105335151933 91.57225894807783 92.1231332705434 92.62732038196619 93.08830048192192 93.50937822241552 93.89367572383553 94.24412949389409 94.56349052898037 94.85432695833398 95.11902867249327 95.3598134554822 95.5787342131018 95.77768695626004 95.95841925790286 96.12253895466186 96.27152290999275 96.4067256947426 96.52938807427819 96.63721949202018 96.74081901387254 96.82972462350378 96.9153040793159 96.98834457650453 97.05830544164326 97.11830442039675 97.17575841127646 97.22501953231604 97.27218086987386 97.31260906317459 97.35130706814651 97.38626147760046 97.41621849638065 97.44502020821194 97.46957518100112 97.49307176186812 97.51330347580183 97.53264645963708 97.54913439855356 97.5650551964277 97.57862245000653 97.59093260168059 97.60270012566963 97.52813705576835 97.35792581139891 97.0063975809217 96.68575639468844 96.48119239897734 96.32850112855397 96.16493277969387 95.8523159686258 95.04164139399586 93.45790001989393 90.89942959885005 87.34540362763605 83.27187121211942 79.11315361138676 74.9011761799771 70.54044895267624 66.10533213850138 61.70158575603722 57.498824912761826 53.878183946385214 50.98806341248179 48.99786867722738 47.918310736085694 47.378725252788975 46.997956043616306 46.76537121713727 46.681028460715176 46.71313928688189 46.63929809161946 46.09947144020626 44.8924098591452 42.996950355660104 40.540161062677036 37.765611094109886 34.82158703556116 31.803390784969817 28.700447904961532 25.555116783042845 22.473303659514976 19.688013068739206 17.516963189882897 16.08725223835578 15.36710925979277 15.144726930742129 15.144746036663323 15.2188996050482 15.28245993338895 15.293065858650667 15.229534199243709 15.113047320311281 14.943605795920504 14.752980863465014 14.6470817551581 14.689452545832511 14.996593407371106 15.54732232510336 16.24632293271225 16.955913948811723 17.59136937152988 18.06796182255566 18.385691793192176 18.544558607139606 18.523381008630643 18.322158484049147 17.962073060178433 17.47489689145054 16.945357065177998 16.47936182105689 16.161638284070268 15.981595560380313 15.886279374279189 15.822735668925212 15.716828396982935 15.526194084047397 15.229651133293748 14.8060177715769 14.287066520328658 13.683388320032835 13.058528285481378 12.465440690595305 11.988852484089467 11.713490531696332 11.692309141032288 11.967671815532542 12.560760265401237 13.460983685218501 14.668342072961993 16.14047198554075 17.824419157885902 19.688410980013682 21.668902316083322 23.712938828564585
71.47502243901691 73.34951097377878 75.13238097462929 76.82193361086121 78.41752522063193 79.91946709802774 81.32891494260744 82.64775314649188 83.87847842853844 85.02408654782548 86.08796501419509 87.07379392162383 87.9854563039456 88.8269587794212 89.60236272459848 90.31572580163201 90.97105335151933 91.57225894807783 92.1231332705434 92.62732038196619 93.08830048192192 93.50937822241552 93.89367572383553 94.24412949389409 94.56349052898037 94.85432695833398 95.11902867249327 95.3598134554822 95.5787342131018 95.77768695626004 95.95841925790286 96.12253895466186 96.27152290999275 96.4067256947426 96.52938807427819 96.63721949202018 96.74081901387254 96.82972462350378 96.9153040793159 96.98834457650453 97.05830544164326 97.11830442039675 97.17575841127646 97.22501953231604 97.27218086987386 97.31260906317459 97.35130706814651 97.38626147760046 97.41621849638065 97.44502020821194 97.46957518100112 97.49307176186812 97.51330347580183 97.53264645963708 97.54913439855356 97.5650551964277 97.57862245000653 97.59093260168059 97.60270012566963 97.52813705576835 97.35792581139891 97.0063975809217 96.68575639468844 96.48119239897734 96.32850112855397 96.16493277969387 95.8523159686258 95.04164139399586 93.45790001989393 90.89942959885005 87.34540362763605 83.27187121211942 79.11315361138676 74.9011761799771 70.54044895267624 66.10533213850138 61.70158575603722 57.498824912761826 53.878183946385214 50.98806341248179 48.99786867722738 47.918310736085694 47.378725252788975 46.997956043616306 46.76537121713727 46.681028460715176 46.71313928688189 46.63929809161946 46.09947144020626 44.8924098591452 42.996950355660104 40.540161062677036 37.765611094109886 34.82158703556116 31.803390784969817 28.700447904961532 25.555116783042845 22.473303659514976 19.688013068739206 17.516963189882897 16.08725223835578 15.36710925979277 15.144726930742129 15.144746036663323 15.2188996050482 15.28245993338895 15.293065858650667 15.229534199243709 15.113047320311281 14.943605795920504 14.752980863465014 14.6470817551581 14.689452545832511 14.996593407371106 15.54732232510336 16.24632293271225 16.955913948811723 17.59136937152988 18.06796182255566 18.385691793192176 18.544558607139606 18.523381008630643 18.322158484049147 17.962073060178433 17.47489689145054 16.945357065177998 16.47936182105689 16.161638284070268 15.981595560380313 15.886279374279189 15.822735668925212 15.716828396982935 15.526194084047397 15.229651133293748 14.8060177715769 14.287066520328658 13.683388320032835 13.058528285481378 12.465440690595305 11.988852484089467 11.713490531696332 11.692309141032288 11.967671815532542 12.560760265401237 13.460983685218501 14.668342072961993 16.14047198554075 17.824419157885902 19.688410980013682 21.668902316083322 23.712938828564585
71.47502243901691 73.34951097377878 75.13238097462929 76.82193361086121 78.41752522063193 79.91946709802774 81.32891494260744 82.64775314649188 83.87847842853844 85.02408654782548 86.08796501419509 87.07379392162383 87.9854563039456 88.8269587794212 89.60236272459848 90.31572580163201 90.97105335151933 91.57225894807783 92.1231332705434 92.62732038196619 93.08830048192192 93.50937822241552 93.89367572383553 94.24412949389409 94.56349052898037 94.85432695833398 95.11902867249327 95.3598134554822 95.5787342131018 95.77768695626004 95.95841925790286 96.12253895466186 96.27152290999275 96.4067256947426 96.52938807427819 96.63721949202018 96.74081901387254 96.82972462350378 96.9153040793159 96.98834457650453 97.05830544164326 97.11830442039675 97.17575841127646 97.22501953231604 97.27218086987386 97.31260906317459 97.35130706814651 97.38626147760046 97.41621849638065 97.44502020821194 97.46957518100112 97.49307176186812 97.51330347580183 97.53264645963708 97.54913439855356 97.5650551964277 97.57862245000653 97.59093260168059 97.60270012566963 97.52813705576835 97.35792581139891 97.0063975809217 96.68575639468844 96.48119239897734 96.32850112855397 96.16493277969387 95.8523159686258 95.04164139399586 93.45790001989393 90.89942959885005 87.34540362763605 83.27187121211942 79.11315361138676 74.9011761799771 70.54044895267624 66.10533213850138 61.70158575603722 57.498824912761826 53.878183946385214 50.98806341248179 48.99786867722738 47.918310736085694 47.378725252788975 46.997956043616306 46.76537121713727 46.681028460715176 46.71313928688189 46.63929809161946 46.09947144020626 44.8924098591452 42.996950355660104 40.540161062677036 37.765611094109886 34.82158703556116 31.803390784969817 28.700447904961532 25.555116783042845 22.473303659514976 19.688013068739206 17.516963189882897 16.08725223835578 15.36710925979277 15.144726930742129 15.144746036663323 15.2188996050482 15.28245993338895 15.293065858650667 15.229534199243709 15.113047320311281 14.943605795920504 14.752980863465014 14.6470817551581 14.689452545832511 14.996593407371106 15.54732232510336 16.24632293271225 16.955913948811723 17.59136937152988 18.06796182255566 18.385691793192176 18.544558607139606 18.523381008630643 18.322158484049147 17.962073060178433 17.47489689145054 16.945357065177998 16.47936182105689 16.161638284070268 15.981595560380313 15.886279374279189 15.822735668925212 15.716828396982935 15.526194084047397 15.229651133293748 14.8060177715769 14.287066520328658 13.683388320032835 13.058528285481378 12.465440690595305 11.988852484089467 11.713490531696332 11.692309141032288 11.967671815532542 12.560760265401237 13.460983685218501 14.668342072961993 16.14047198554075 17.824419157885902 19.688410980013682 21.668902316083322 23.712938828564585