4 151 8
300.0440999999999 302.0443999999999 304.0446999999999 306.0449999999999 308.0452999999999 310.0455999999999 312.0458999999999 314.0461999999999 316.04649999999987 318.0467999999999 320.0470999999999 322.04739999999987 324.0476999999999 326.0479999999999 328.04829999999987 330.0485999999999 332.0488999999999 334.04919999999987 336.0494999999999 338.0497999999999 340.0500999999999 342.05039999999985 344.0506999999999 346.0509999999999 348.05129999999986 350.0515999999999 352.0518999999999 354.05219999999986 356.0524999999999 358.0527999999999 360.05309999999986 362.0533999999999 364.0536999999999 366.05399999999986 368.0542999999999 369.99 372.04 373.98 376.04 377.98 380.03 381.97 384.02 385.96 388.01 389.95 392.0 394.05 395.99 398.05 399.99 402.04 403.99 406.05 407.99 410.06 412.01 413.96 416.02 417.97 420.04 422.0 423.95 426.02 427.98 430.05 432.01 433.96 436.03 437.99 440.06 442.01 443.96 446.03 447.98 450.04 451.98 454.04 455.99 458.04 459.98 462.03 463.97 466.02 467.95 470.0 472.05 473.98 476.02 477.96 480.0 482.05 483.98 486.03 487.96 490.01 492.06 493.99 496.05 497.98 500.04 501.98 504.04 505.98 508.04 509.99 512.05 514.0 515.95 518.01 519.96 522.03 523.98 526.04 527.99 530.05 532.0 534.06 536.0 538.06 540.0 542.05 543.99 546.04 547.98 550.03 551.96 554.0 556.04 557.97 560.01 562.05 563.98 566.01 568.05 569.98 572.01 574.05 575.97 578.01 580.05 581.98 584.02 585.95 588.0 590.04 591.97 594.02 595.96 598.01 599.95
0.0 39.77 47.82 50.0 60.0 70.0 80.0 90.0
71.69571887237906 73.57599534423954 75.36437038778762 77.059139926765 78.65965831186735 80.16623779837676 81.58003765435421 82.90294809043735 84.1374735347074 85.28661899637405 86.35378244503603 87.34265533785087 88.25713269845934 89.10123351652605 89.87903170908201 90.59459746729591 91.2519484996252 91.85501046399374 92.40758574427717 92.91332965545237 93.37573314305375 93.79811106299918 94.1835951759797 94.53513105688582 94.85547819647397 95.14721265370444 95.41273169848115 95.65425996277307 95.8738566912248 96.07342374913698 96.25471410551005 96.41934056156039 96.56878454091712 96.7044047969927 96.82744592631735 96.9356102996638 97.03952971011766 97.12870983733956 97.21455354043725 97.28781956784148 97.35799645408639 97.41818069421042 97.47581208819456 97.52522531486972 97.57253227447336 97.61308529960714 97.65190279403683 97.68696513369119 97.7170146520184 97.74590529610686 97.77053608831841 97.79410522056654 97.81439940481441 97.8338021147945 97.85034096421353 97.86631092140497 97.87992006716338 97.89226822941059 97.90407208847844 97.91418161090486 97.92388960488357 97.93220188030669 97.9397028003648 97.94690542356064 97.9530722323284 97.95896193122108 97.9640045027314 97.968554583207 97.97292345775323 97.97666384034096 97.9802359731433 97.98327932923364 97.98604012820395 97.98869088404913 97.99094921369728 97.99310756159969 97.99494673431931 97.99671397724858 97.99822726044171 97.99966685829038 98.00089985005259 98.00207914373995 98.00308918430926 98.00405523226001 98.00487856646338 98.00567031846171 98.00638494749943 98.00699400187708 98.007576977285 98.00807885313901 98.0085566406368 98.00899010934565 97.84515537565795 97.71209366955098 97.7431840070165 97.98978299631067 98.31845811704744 98.56499263792746 98.66783956176643 98.66802425141557 98.70925456058966 98.89414041978338 99.14059888427145 99.28440616432069 99.25373743222654 99.05884273031808 98.85368002819423 98.81271176446053 98.88462935034988 98.88470216180498 98.64871369492226 98.1458822429103 97.56093670667876 97.17098716338315 97.16076506979967 97.42764495501672 97.67399317760909 97.56113119407603 96.97616114980592 96.12434868769985 95.35463690801973 94.97492242582372 95.04678219886789 95.31364058969962 95.34444469379001 94.79024987143556 93.65105446053298 92.31685878439873 91.28029253991988 90.8697757483314 91.15715159577603 91.73189446380223 91.91663722733907 91.22901318172397 89.69981131888518 87.8421881402138 86.30272182083412 85.6766742331397 86.12825554300277 87.24694076959057 87.69852173916495 86.23089529964153 83.05958752795954 79.1595963608198 75.56749914493298 72.80671595728641 70.51803691340393 67.0183071732258 61.43515962739535 54.045699121060046 45.55808225509197
71.52213347988318 73.3978575386498 75.18190267535343 76.8725689395434 78.46921224512295 79.97214409136032 81.3825209395659 82.70222842391222 83.93376490890883 85.08012812821657 86.14470782447316 87.1311865173005 88.04344979994077 88.88550693152084 89.66142196554709 90.37525523868449 91.03101473195468 91.63261659871306 92.18385401673052 92.68837345095362 93.14965739484794 93.57101267860018 93.95556348046945 94.30624824369625 94.62581977792281 94.91684790510934 95.18172409103299 95.4226675815167 95.64173263548497 95.84081651355571 96.02166794054551 96.1858958128528 96.3349779673723 96.47026986778381 96.59301309727478 96.70091558950061 96.80458339648449 96.89354760610864 96.97918346955943 97.05227210963395 97.1222790877932 97.18231761342955 97.23980947372462 97.28910306404656 97.33629548686503 97.37675032743638 97.41547383926695 97.45045128807864 97.48042805230679 97.50924874809327 97.5338199057018 97.55733197377461 97.57757702295565 97.59693275625317 97.61343156279776 97.62936285448266 97.64293905059017 97.65525731620444 97.6670325964737 97.67711764232823 97.68680213189171 97.69509428213004 97.70257704140849 97.70976222604322 97.71591410410191 97.72178954320741 97.72681990594475 97.7520823285975 97.70463084285828 97.64618576089478 97.59793127095884 97.49733038583257 97.27207986240487 96.99488846083771 96.74838673793114 96.58468929900717 96.43103497815409 96.17365757825297 95.78127963986026 95.35772290553788 95.05833474906414 94.89363503312225 94.71840239572103 94.40837304488888 93.99454532771907 93.3630027862505 92.17163031375053 90.275271802883 87.51850425929244 84.04638946398708 80.25287608750682 76.17941033552825 71.898541533658 67.6487287766562 63.6061725512468 59.80200448299087 56.22585231763014 53.064305994529356 50.4832468623424 48.73145538529297 47.81931720996891 47.37364326492723 47.16638861876597 46.87619305644178 46.08841374611245 44.42985747782366 41.92126035189714 38.75957606078673 35.26616190240905 31.669078172364877 28.07198617407544 24.464522700822993 20.76375603380065 17.042252492679655 13.538437437935661 10.635867085236656 8.676631407955936 7.629633003365278 7.266812825256236 7.256448433876184 7.401579106674218 7.536343411013923 7.619275724584971 7.650376189140989 7.619278276022937 7.536348469549498 7.380853900990744 7.163161039773269 6.914368934250082 6.7174085264807735 6.665577265454167 6.789974277977055 7.080233209216017 7.411957653835042 7.6918502202849215 7.85771262153743 7.91991126039758 7.888812481338468 7.764416256635481 7.515623485071794 7.152800516718736 6.65521458062654 6.095430340417447 5.546012427176715 5.141723784603851 4.944762689563793 4.975861910733281 5.193555954398294 5.514913785431362 5.867370760218298 6.199094973376081
71.47502243901691 73.34951097377878 75.13238097462929 76.82193361086121 78.41752522063193 79.91946709802774 81.32891494260744 82.64775314649188 83.87847842853844 85.02408654782548 86.08796501419509 87.07379392162383 87.9854563039456 88.8269587794212 89.60236272459848 90.31572580163201 90.97105335151933 91.57225894807783 92.1231332705434 92.62732038196619 93.08830048192192 93.50937822241552 93.89367572383553 94.24412949389409 94.56349052898037 94.85432695833398 95.11902867249327 95.3598134554822 95.5787342131018 95.77768695626004 95.95841925790286 96.12253895466186 96.27152290999275 96.4067256947426 96.52938807427819 96.63721949202018 96.74081901387254 96.82972462350378 96.9153040793159 96.98834457650453 97.05830544164326 97.11830442039675 97.17575841127646 97.22501953231604 97.27218086987386 97.31260906317459 97.35130706814651 97.38626147760046 97.41621849638065 97.44502020821194 97.46957518100112 97.49307176186812 97.51330347580183 97.53264645963708 97.54913439855356 97.5650551964277 97.57862245000653 97.59093260168059 97.60270012566963 97.61277852858741 97.6224566390573 97.6307433273245 97.63822115777099 97.64540160958371 97.65154943545093 97.65742100445303 97.66244805373184 97.58229565269035 97.40667626676985 97.05043921880485 96.72577061116155 96.51702199233064 96.36092224534674 96.19411727383263 95.87867986587862 95.06546082644007 93.47890836696354 90.91803143664329 87.36144213004678 83.28579828435501 79.12515123324897 74.91140997725307 70.54918811669204 66.11271734571801 61.70783923964196 57.504079977695866 53.88266893939131 50.99187563831691 49.00120706497459 47.92124430588158 47.38136844611411 47.00032256952996 46.767509419963325 46.682954882224315 46.714870713453834 46.64087548835815 46.100879965431204 44.893654200133824 42.99802746588552 40.54107321092608 37.76638675574504 34.82222966657383 31.80392655455847 28.700882349201123 25.555466073055886 22.473582798788183 19.68823367813822 17.51714156157795 16.08739935497746 15.3672374272719 15.14484036952977 15.144849537148287 15.218993012517172 15.282545400308265 15.29314266856216 15.229603896506005 15.113110059309387 14.943661759920923 14.75303096062136 14.647126584092618 14.689493311309327 14.996630936661518 15.547357603805864 16.24635617589252 16.955945408007466 17.59139880328791 18.067989245965972 18.385716947015716 18.544581727121226 18.52340175040953 18.322177180214606 17.962089596551927 17.47491148613793 16.945369828421416 16.479373142041243 16.161648265397726 15.981604469759711 15.886287451923815 15.82274289868257 15.716834881968875 15.526199927185191 15.229656290583726 14.806022299216368 14.287070487374596 13.683391755548625 13.05853124618205 12.465443259174187 11.98885471582106 11.71349249268162 11.69231092715346 11.967673459704322
71.47502243901691 73.34951097377878 75.13238097462929 76.82193361086121 78.41752522063193 79.91946709802774 81.32891494260744 82.64775314649188 83.87847842853844 85.02408654782548 86.08796501419509 87.07379392162383 87.9854563039456 88.8269587794212 89.60236272459848 90.31572580163201 90.97105335151933 91.57225894807783 92.1231332705434 92.62732038196619 93.08830048192192 93.50937822241552 93.89367572383553 94.24412949389409 94.56349052898037 94.85432695833398 95.11902867249327 95.3598134554822 95.5787342131018 95.77768695626004 95.95841925790286 96.12253895466186 96.27152290999275 96.4067256947426 96.52938807427819 96.63721949202018 96.74081901387254 96.82972462350378 96.9153040793159 96.98834457650453 97.05830544164326 97.11830442039675 97.17575841127646 97.22501953231604 97.27218086987386 97.31260906317459 97.35130706814651 97.38626147760046 97.41621849638065 97.44502020821194 97.46957518100112 97.49307176186812 97.51330347580183 97.53264645963708 97.54913439855356 97.5650551964277 97.57862245000653 97.59093260168059 97.60270012566963 97.61277852858741 97.6224566390573 97.6307433273245 97.63822115777099 97.64540160958371 97.65154943545093 97.65742100445303 97.66244805373184 97.58229565269035 97.40667626676985 97.05043921880485 96.72577061116155 96.51702199233064 96.36092224534674 96.19411727383263 95.87867986587862 95.06546082644007 93.47890836696354 90.91803143664329 87.36144213004678 83.28579828435501 79.12515123324897 74.91140997725307 70.54918811669204 66.11271734571801 61.70783923964196 57.504079977695866 53.88266893939131 50.99187563831691 49.00120706497459 47.92124430588158 47.38136844611411 47.00032256952996 46.767509419963325 46.682954882224315 46.714870713453834 46.64087548835815 46.100879965431204 44.893654200133824 42.99802746588552 40.54107321092608 37.76638675574504 34.82222966657383 31.80392655455847 28.700882349201123 25.555466073055886 22.473582798788183 19.68823367813822 17.51714156157795 16.08739935497746 15.3672374272719 15.14484036952977 15.144849537148287 15.218993012517172 15.282545400308265 15.29314266856216 15.229603896506005 15.113110059309387 14.943661759920923 14.75303096062136 14.647126584092618 14.689493311309327 14.996630936661518 15.547357603805864 16.24635617589252 16.955945408007466 17.59139880328791 18.067989245965972 18.385716947015716 18.544581727121226 18.52340175040953 18.322177180214606 17.962089596551927 17.47491148613793 16.945369828421416 16.479373142041243 16.161648265397726 15.981604469759711 15.886287451923815 15.82274289868257 15.716834881968875 15.526199927185191 15.229656290583726 14.806022299216368 14.287070487374596 13.683391755548625 13.05853124618205 12.465443259174187 11.98885471582106 11.71349249268162 11.69231092715346 11.967673459704322
71.47502243901691 73.34951097377878 75.13238097462929 76.82193361086121 78.41752522063193 79.91946709802774 81.32891494260744 82.64775314649188 83.87847842853844 85.02408654782548 86.08796501419509 87.07379392162383 87.9854563039456 88.8269587794212 89.60236272459848 90.31572580163201 90.97105335151933 91.57225894807783 92.1231332705434 92.62732038196619 93.08830048192192 93.50937822241552 93.89367572383553 94.24412949389409 94.56349052898037 94.85432695833398 95.11902867249327 95.3598134554822 95.5787342131018 95.77768695626004 95.95841925790286 96.12253895466186 96.27152290999275 96.4067256947426 96.52938807427819 96.63721949202018 96.74081901387254 96.82972462350378 96.9153040793159 96.98834457650453 97.05830544164326 97.11830442039675 97.17575841127646 97.22501953231604 97.27218086987386 97.31260906317459 97.35130706814651 97.38626147760046 97.41621849638065 97.44502020821194 97.46957518100112 97.49307176186812 97.51330347580183 97.53264645963708 97.54913439855356 97.5650551964277 97.57862245000653 97.59093260168059 97.60270012566963 97.61277852858741 97.6224566390573 97.6307433273245 97.63822115777099 97.64540160958371 97.65154943545093 97.65742100445303 97.66244805373184 97.58229565269035 97.40667626676985 97.05043921880485 96.72577061116155 96.51702199233064 96.36092224534674 96.19411727383263 95.87867986587862 95.06546082644007 93.47890836696354 90.91803143664329 87.36144213004678 83.28579828435501 79.12515123324897 74.91140997725307 70.54918811669204 66.11271734571801 61.70783923964196 57.504079977695866 53.88266893939131 50.99187563831691 49.00120706497459 47.92124430588158 47.38136844611411 47.00032256952996 46.767509419963325 46.682954882224315 46.714870713453834 46.64087548835815 46.100879965431204 44.893654200133824 42.99802746588552 40.54107321092608 37.76638675574504 34.82222966657383 31.80392655455847 28.700882349201123 25.555466073055886 22.473582798788183 19.68823367813822 17.51714156157795 16.08739935497746 15.3672374272719 15.14484036952977 15.144849537148287 15.218993012517172 15.282545400308265 15.29314266856216 15.229603896506005 15.113110059309387 14.943661759920923 14.75303096062136 14.647126584092618 14.689493311309327 14.996630936661518 15.547357603805864 16.24635617589252 16.955945408007466 17.59139880328791 18.067989245965972 18.385716947015716 18.544581727121226 18.52340175040953 18.322177180214606 17.962089596551927 17.47491148613793 16.945369828421416 16.479373142041243 16.161648265397726 15.981604469759711 15.886287451923815 15.82274289868257 15.716834881968875 15.526199927185191 15.229656290583726 14.806022299216368 14.287070487374596 13.683391755548625 13.05853124618205 12.465443259174187 11.98885471582106 11.71349249268162 11.69231092715346 11.967673459704322
71.47502243901691 73.34951097377878 75.13238097462929 76.82193361086121 78.41752522063193 79.91946709802774 81.32891494260744 82.64775314649188 83.87847842853844 85.02408654782548 86.08796501419509 87.07379392162383 87.9854563039456 88.8269587794212 89.60236272459848 90.31572580163201 90.97105335151933 91.57225894807783 92.1231332705434 92.62732038196619 93.08830048192192 93.50937822241552 93.89367572383553 94.24412949389409 94.56349052898037 94.85432695833398 95.11902867249327 95.3598134554822 95.5787342131018 95.77768695626004 95.95841925790286 96.12253895466186 96.27152290999275 96.4067256947426 96.52938807427819 96.63721949202018 96.74081901387254 96.82972462350378 96.9153040793159 96.98834457650453 97.05830544164326 97.11830442039675 97.17575841127646 97.22501953231604 97.27218086987386 97.31260906317459 97.35130706814651 97.38626147760046 97.41621849638065 97.44502020821194 97.46957518100112 97.49307176186812 97.51330347580183 97.53264645963708 97.54913439855356 97.5650551964277 97.57862245000653 97.59093260168059 97.60270012566963 97.61277852858741 97.6224566390573 97.6307433273245 97.63822115777099 97.64540160958371 97.65154943545093 97.65742100445303 97.66244805373184 97.58229565269035 97.40667626676985 97.05043921880485 96.72577061116155 96.51702199233064 96.36092224534674 96.19411727383263 95.87867986587862 95.06546082644007 93.47890836696354 90.91803143664329 87.36144213004678 83.28579828435501 79.12515123324897 74.91140997725307 70.54918811669204 66.11271734571801 61.70783923964196 57.504079977695866 53.88266893939131 50.99187563831691 49.00120706497459 47.92124430588158 47.38136844611411 47.00032256952996 46.767509419963325 46.682954882224315 46.714870713453834 46.64087548835815 46.100879965431204 44.893654200133824 42.99802746588552 40.54107321092608 37.76638675574504 34.82222966657383 31.80392655455847 28.700882349201123 25.555466073055886 22.473582798788183 19.68823367813822 17.51714156157795 16.08739935497746 15.3672374272719 15.14484036952977 15.144849537148287 15.218993012517172 15.282545400308265 15.29314266856216 15.229603896506005 15.113110059309387 14.943661759920923 14.75303096062136 14.647126584092618 14.689493311309327 14.996630936661518 15.547357603805864 16.24635617589252 16.955945408007466 17.59139880328791 18.067989245965972 18.385716947015716 18.544581727121226 18.52340175040953 18.322177180214606 17.962089596551927 17.47491148613793 16.945369828421416 16.479373142041243 16.161648265397726 15.981604469759711 15.886287451923815 15.82274289868257 15.716834881968875 15.526199927185191 15.229656290583726 14.806022299216368 14.287070487374596 13.683391755548625 13.05853124618205 12.465443259174187 11.98885471582106 11.71349249268162 11.69231092715346 11.967673459704322
71.47502243901691 73.34951097377878 75.13238097462929 76.82193361086121 78.41752522063193 79.91946709802774 81.32891494260744 82.64775314649188 83.87847842853844 85.02408654782548 86.08796501419509 87.07379392162383 87.9854563039456 88.8269587794212 89.60236272459848 90.31572580163201 90.97105335151933 91.57225894807783 92.1231332705434 92.62732038196619 93.08830048192192 93.50937822241552 93.89367572383553 94.24412949389409 94.56349052898037 94.85432695833398 95.11902867249327 95.3598134554822 95.5787342131018 95.77768695626004 95.95841925790286 96.12253895466186 96.27152290999275 96.4067256947426 96.52938807427819 96.63721949202018 96.74081901387254 96.82972462350378 96.9153040793159 96.98834457650453 97.05830544164326 97.11830442039675 97.17575841127646 97.22501953231604 97.27218086987386 97.31260906317459 97.35130706814651 97.38626147760046 97.41621849638065 97.44502020821194 97.46957518100112 97.49307176186812 97.51330347580183 97.53264645963708 97.54913439855356 97.5650551964277 97.57862245000653 97.59093260168059 97.60270012566963 97.61277852858741 97.6224566390573 97.6307433273245 97.63822115777099 97.64540160958371 97.65154943545093 97.65742100445303 97.66244805373184 97.58229565269035 97.40667626676985 97.05043921880485 96.72577061116155 96.51702199233064 96.36092224534674 96.19411727383263 95.87867986587862 95.06546082644007 93.47890836696354 90.91803143664329 87.36144213004678 83.28579828435501 79.12515123324897 74.91140997725307 70.54918811669204 66.11271734571801 61.70783923964196 57.504079977695866 53.88266893939131 50.99187563831691 49.00120706497459 47.92124430588158 47.38136844611411 47.00032256952996 46.767509419963325 46.682954882224315 46.714870713453834 46.64087548835815 46.100879965431204 44.893654200133824 42.99802746588552 40.54107321092608 37.76638675574504 34.82222966657383 31.80392655455847 28.700882349201123 25.555466073055886 22.473582798788183 19.68823367813822 17.51714156157795 16.08739935497746 15.3672374272719 15.14484036952977 15.144849537148287 15.218993012517172 15.282545400308265 15.29314266856216 15.229603896506005 15.113110059309387 14.943661759920923 14.75303096062136 14.647126584092618 14.689493311309327 14.996630936661518 15.547357603805864 16.24635617589252 16.955945408007466 17.59139880328791 18.067989245965972 18.385716947015716 18.544581727121226 18.52340175040953 18.322177180214606 17.962089596551927 17.47491148613793 16.945369828421416 16.479373142041243 16.161648265397726 15.981604469759711 15.886287451923815 15.82274289868257 15.716834881968875 15.526199927185191 15.229656290583726 14.806022299216368 14.287070487374596 13.683391755548625 13.05853124618205 12.465443259174187 11.98885471582106 11.71349249268162 11.69231092715346 11.967673459704322
71.47502243901691 73.34951097377878 75.13238097462929 76.82193361086121 78.41752522063193 79.91946709802774 81.32891494260744 82.64775314649188 83.87847842853844 85.02408654782548 86.08796501419509 87.07379392162383 87.9854563039456 88.8269587794212 89.60236272459848 90.31572580163201 90.97105335151933 91.57225894807783 92.1231332705434 92.62732038196619 93.08830048192192 93.50937822241552 93.89367572383553 94.24412949389409 94.56349052898037 94.85432695833398 95.11902867249327 95.3598134554822 95.5787342131018 95.77768695626004 95.95841925790286 96.12253895466186 96.27152290999275 96.4067256947426 96.52938807427819 96.63721949202018 96.74081901387254 96.82972462350378 96.9153040793159 96.98834457650453 97.05830544164326 97.11830442039675 97.17575841127646 97.22501953231604 97.27218086987386 97.31260906317459 97.35130706814651 97.38626147760046 97.41621849638065 97.44502020821194 97.46957518100112 97.49307176186812 97.51330347580183 97.53264645963708 97.54913439855356 97.5650551964277 97.57862245000653 97.59093260168059 97.60270012566963 97.61277852858741 97.6224566390573 97.6307433273245 97.63822115777099 97.64540160958371 97.65154943545093 97.65742100445303 97.66244805373184 97.58229565269035 97.40667626676985 97.05043921880485 96.72577061116155 96.51702199233064 96.36092224534674 96.19411727383263 95.87867986587862 95.06546082644007 93.47890836696354 90.91803143664329 87.36144213004678 83.28579828435501 79.12515123324897 74.91140997725307 70.54918811669204 66.11271734571801 61.70783923964196 57.504079977695866 53.88266893939131 50.99187563831691 49.00120706497459 47.92124430588158 47.38136844611411 47.00032256952996 46.767509419963325 46.682954882224315 46.714870713453834 46.64087548835815 46.100879965431204 44.893654200133824 42.99802746588552 40.54107321092608 37.76638675574504 34.82222966657383 31.80392655455847 28.700882349201123 25.555466073055886 22.473582798788183 19.68823367813822 17.51714156157795 16.08739935497746 15.3672374272719 15.14484036952977 15.144849537148287 15.218993012517172 15.282545400308265 15.29314266856216 15.229603896506005 15.113110059309387 14.943661759920923 14.75303096062136 14.647126584092618 14.689493311309327 14.996630936661518 15.547357603805864 16.24635617589252 16.955945408007466 17.59139880328791 18.067989245965972 18.385716947015716 18.544581727121226 18.52340175040953 18.322177180214606 17.962089596551927 17.47491148613793 16.945369828421416 16.479373142041243 16.161648265397726 15.981604469759711 15.886287451923815 15.82274289868257 15.716834881968875 15.526199927185191 15.229656290583726 14.806022299216368 14.287070487374596 13.683391755548625 13.05853124618205 12.465443259174187 11.98885471582106 11.71349249268162 11.69231092715346 11.967673459704322