4 151 8
300.0440999999999 302.0443999999999 304.0446999999999 306.0449999999999 308.0452999999999 310.0455999999999 312.0458999999999 314.0461999999999 316.04649999999987 318.0467999999999 320.0470999999999 322.04739999999987 324.0476999999999 326.0479999999999 328.04829999999987 330.0485999999999 332.0488999999999 334.04919999999987 336.0494999999999 338.0497999999999 340.0500999999999 342.05039999999985 344.0506999999999 346.0509999999999 348.05129999999986 350.0515999999999 352.0518999999999 354.05219999999986 356.0524999999999 358.0527999999999 360.05309999999986 362.0533999999999 364.0536999999999 366.05399999999986 368.0542999999999 369.99 372.04 373.98 376.04 377.98 380.03 381.97 384.02 385.96 388.01 389.95 392.0 394.05 395.99 398.05 399.99 402.04 403.99 406.05 407.99 410.06 412.01 413.96 416.02 417.97 420.04 422.0 423.95 426.02 427.98 430.05 432.01 433.96 436.03 437.99 440.06 442.01 443.96 446.03 447.98 450.04 451.98 454.04 455.99 458.04 459.98 462.03 463.97 466.02 467.95 470.0 472.05 473.98 476.02 477.96 480.0 482.05 483.98 486.03 487.96 490.01 492.06 493.99 496.05 497.98 500.04 501.98 504.04 505.98 508.04 509.99 512.05 514.0 515.95 518.01 519.96 522.03 523.98 526.04 527.99 530.05 532.0 534.06 536.0 538.06 540.0 542.05 543.99 546.04 547.98 550.03 551.96 554.0 556.04 557.97 560.01 562.05 563.98 566.01 568.05 569.98 572.01 574.05 575.97 578.01 580.05 581.98 584.02 585.95 588.0 590.04 591.97 594.02 595.96 598.01 599.95
0.0 39.77 47.82 50.0 60.0 70.0 80.0 90.0
71.69571887237906 73.57599534423954 75.36437038778762 77.059139926765 78.65965831186735 80.16623779837676 81.58003765435421 82.90294809043735 84.1374735347074 85.28661899637405 86.35378244503603 87.34265533785087 88.25713269845934 89.10123351652605 89.87903170908201 90.59459746729591 91.2519484996252 91.85501046399374 92.40758574427717 92.91332965545237 93.37573314305375 93.79811106299918 94.1835951759797 94.53513105688582 94.85547819647397 95.14721265370444 95.41273169848115 95.65425996277307 95.8738566912248 96.07342374913698 96.25471410551005 96.41934056156039 96.56878454091712 96.7044047969927 96.82744592631735 96.9356102996638 97.03952971011766 97.12870983733956 97.21455354043725 97.28781956784148 97.35799645408639 97.41818069421042 97.47581208819456 97.52522531486972 97.57253227447336 97.61308529960714 97.65190279403683 97.68696513369119 97.7170146520184 97.74590529610686 97.77053608831841 97.79410522056654 97.81439940481441 97.8338021147945 97.85034096421353 97.86631092140497 97.87992006716338 97.89226822941059 97.90407208847844 97.91418161090486 97.92388960488357 97.93220188030669 97.9397028003648 97.94690542356064 97.9530722323284 97.95896193122108 97.9640045027314 97.968554583207 97.97292345775323 97.97666384034096 97.9802359731433 97.98327932923364 97.98604012820395 97.98869088404913 97.99094921369728 97.99310756159969 97.99494673431931 97.99671397724858 97.99822726044171 97.99966685829038 98.00089985005259 98.00207914373995 98.00308918430926 98.00405523226001 98.00487856646338 98.00567031846171 98.00638494749943 98.00699400187708 98.007576977285 98.00807885313901 98.0085566406368 98.00899010934565 98.00935953823509 98.00971479300618 98.01001756268454 98.01030871541336 98.0105715049899 98.01079546982581 98.01101183845114 98.01119529862893 98.01137253624776 98.01152355841958 97.84746063795487 97.71416488427715 97.74507241283482 97.9914867788103 98.32000152305862 98.56639839903188 98.66910498954476 98.6691776423034 98.71029216789037 98.89508745087146 99.1414526179799 99.2851848139595 99.25443741312269 99.05947846895832 98.85425052923513 98.81323071076837 98.88510029403959 98.88512701323809 98.64909804756063 98.14622683792437 97.56124733640408 97.17126618964961 97.1610180749311 97.42787375807036 97.67420112886491 97.56131846631399 96.97633058350607 96.12449962264195 95.35477319031243 94.97504490579838 95.04689340803786 95.31374118783559 95.34453628746492 94.79033177509227 93.65112815020947 92.31692438034159 91.28035090556084 90.86982867591517 91.15719954210216 91.7319378943342 91.91667686894915 91.22904862586896 89.69984279868454 87.84221622193607 86.30274667512936 85.67669652099374 86.12827590930534 87.24695940526614 87.6985386054879
71.52213347988318 73.3978575386498 75.18190267535343 76.8725689395434 78.46921224512295 79.97214409136032 81.3825209395659 82.70222842391222 83.93376490890883 85.08012812821657 86.14470782447316 87.1311865173005 88.04344979994077 88.88550693152084 89.66142196554709 90.37525523868449 91.03101473195468 91.63261659871306 92.18385401673052 92.68837345095362 93.14965739484794 93.57101267860018 93.95556348046945 94.30624824369625 94.62581977792281 94.91684790510934 95.18172409103299 95.4226675815167 95.64173263548497 95.84081651355571 96.02166794054551 96.1858958128528 96.3349779673723 96.47026986778381 96.59301309727478 96.70091558950061 96.80458339648449 96.89354760610864 96.97918346955943 97.05227210963395 97.1222790877932 97.18231761342955 97.23980947372462 97.28910306404656 97.33629548686503 97.37675032743638 97.41547383926695 97.45045128807864 97.48042805230679 97.50924874809327 97.5338199057018 97.55733197377461 97.57757702295565 97.59693275625317 97.61343156279776 97.62936285448266 97.64293905059017 97.65525731620444 97.6670325964737 97.67711764232823 97.68680213189171 97.69509428213004 97.70257704140849 97.70976222604322 97.71591410410191 97.72178954320741 97.72681990594475 97.73135897003725 97.73571726692536 97.73944859352217 97.74301207768991 97.74604806538825 97.74880218007699 97.75144651807044 97.75369937998572 97.75585250222508 97.75768722204957 97.78017950137283 97.7298653526937 97.66911118900907 97.61851452041068 97.516036962492 97.28900469317549 97.01009698365338 96.76213946121057 96.59707149606623 96.44229064767599 96.1837463611151 95.79041784438247 95.36590812391233 95.06576163762915 94.90032679572202 94.72446259148887 94.41382496135222 93.99947403759877 93.36742145576333 92.17556762691136 90.27877337494748 87.52157151103837 84.04906195787181 80.25518184252748 76.18137950852302 71.90023548566171 67.65016273470567 63.60740142738326 59.80304428127968 56.2267349526929 53.065062812293995 50.48389431649974 48.73202503708258 47.81981987481906 47.374096924898765 47.1667947847194 46.87656068850206 46.08873878182385 44.430142619224476 41.921502286468105 38.75977961899833 35.26632985951743 31.669214236416774 28.07209554744227 24.46460859696404 20.763822144685303 17.042301429468544 13.53847269181763 10.635892062940556 8.676649880799513 7.629647648731008 7.26682552160316 7.256459827988489 7.401589685123289 7.536353129907357 7.6192846394930775 7.650384263678687 7.619285595565253 7.536354981342628 7.380859708642771 7.163166129572775 6.914373355374987 6.717412439071066 6.665580771377026 6.789977492695301 7.080236262763803 7.411960533516544 7.691852919709793 7.857715133520659 7.919913541250472 7.88881453352715 7.764418092646785 7.515625090385629 7.152801892357016
71.47502243901691 73.34951097377878 75.13238097462929 76.82193361086121 78.41752522063193 79.91946709802774 81.32891494260744 82.64775314649188 83.87847842853844 85.02408654782548 86.08796501419509 87.07379392162383 87.9854563039456 88.8269587794212 89.60236272459848 90.31572580163201 90.97105335151933 91.57225894807783 92.1231332705434 92.62732038196619 93.08830048192192 93.50937822241552 93.89367572383553 94.24412949389409 94.56349052898037 94.85432695833398 95.11902867249327 95.3598134554822 95.5787342131018 95.77768695626004 95.95841925790286 96.12253895466186 96.27152290999275 96.4067256947426 96.52938807427819 96.63721949202018 96.74081901387254 96.82972462350378 96.9153040793159 96.98834457650453 97.05830544164326 97.11830442039675 97.17575841127646 97.22501953231604 97.27218086987386 97.31260906317459 97.35130706814651 97.38626147760046 97.41621849638065 97.44502020821194 97.46957518100112 97.49307176186812 97.51330347580183 97.53264645963708 97.54913439855356 97.5650551964277 97.57862245000653 97.59093260168059 97.60270012566963 97.61277852858741 97.6224566390573 97.6307433273245 97.63822115777099 97.64540160958371 97.65154943545093 97.65742100445303 97.66244805373184 97.66698412798016 97.67133955409396 97.67506842289666 97.67862955982669 97.68166354774492 97.68441584832097 97.68705844451074 97.68930982248439 97.69146152647987 97.6932950377895 97.61034402317469 97.43183382285582 97.07322477720054 96.7461699233087 96.53554047959274 96.37768853947976 96.20920023800225 95.8923089608646 95.07764825778149 93.48981945694702 90.92756889524175 87.36977702313385 83.29294728525055 79.13133326539219 74.91669262209439 70.55370193745374 66.1165352381412 61.71107495971333 57.50680152174949 53.884970655665974 50.9938534969673 49.00292440508677 47.922768098077455 47.3827297659011 47.001537487912 46.76861127703303 46.68394442630205 46.71577324834211 46.64168644951139 46.1016036583839 44.89429448580951 42.99857892113792 40.54154712032863 37.76678374667354 34.822563131568934 31.804200429080772 28.701107439248375 25.555646301413084 22.47372702947548 19.688347302211735 17.517233558404826 16.087475972134847 15.367303451567887 15.144899376476092 15.14490271145902 15.21904146912059 15.282589284102285 15.293182491669445 15.229639662328726 15.113142235635078 14.943690444838234 14.753056736653267 14.647149583085413 14.68951430575587 14.996650276366466 15.547375794939686 16.246373322999034 16.95596169692033 17.591414003162267 18.068003462829733 18.385730011026496 18.544593584734393 18.523412539463315 18.32218681721036 17.962098100716275 17.47491902268026 16.945376412008414 16.47937892541305 16.161653432014443 15.981609072297237 15.886291584568541 15.822746640204647 15.716838239035994 15.526202913209325
71.47502243901691 73.34951097377878 75.13238097462929 76.82193361086121 78.41752522063193 79.91946709802774 81.32891494260744 82.64775314649188 83.87847842853844 85.02408654782548 86.08796501419509 87.07379392162383 87.9854563039456 88.8269587794212 89.60236272459848 90.31572580163201 90.97105335151933 91.57225894807783 92.1231332705434 92.62732038196619 93.08830048192192 93.50937822241552 93.89367572383553 94.24412949389409 94.56349052898037 94.85432695833398 95.11902867249327 95.3598134554822 95.5787342131018 95.77768695626004 95.95841925790286 96.12253895466186 96.27152290999275 96.4067256947426 96.52938807427819 96.63721949202018 96.74081901387254 96.82972462350378 96.9153040793159 96.98834457650453 97.05830544164326 97.11830442039675 97.17575841127646 97.22501953231604 97.27218086987386 97.31260906317459 97.35130706814651 97.38626147760046 97.41621849638065 97.44502020821194 97.46957518100112 97.49307176186812 97.51330347580183 97.53264645963708 97.54913439855356 97.5650551964277 97.57862245000653 97.59093260168059 97.60270012566963 97.61277852858741 97.6224566390573 97.6307433273245 97.63822115777099 97.64540160958371 97.65154943545093 97.65742100445303 97.66244805373184 97.66698412798016 97.67133955409396 97.67506842289666 97.67862955982669 97.68166354774492 97.68441584832097 97.68705844451074 97.68930982248439 97.69146152647987 97.6932950377895 97.61034402317469 97.43183382285582 97.07322477720054 96.7461699233087 96.53554047959274 96.37768853947976 96.20920023800225 95.8923089608646 95.07764825778149 93.48981945694702 90.92756889524175 87.36977702313385 83.29294728525055 79.13133326539219 74.91669262209439 70.55370193745374 66.1165352381412 61.71107495971333 57.50680152174949 53.884970655665974 50.9938534969673 49.00292440508677 47.922768098077455 47.3827297659011 47.001537487912 46.76861127703303 46.68394442630205 46.71577324834211 46.64168644951139 46.1016036583839 44.89429448580951 42.99857892113792 40.54154712032863 37.76678374667354 34.822563131568934 31.804200429080772 28.701107439248375 25.555646301413084 22.47372702947548 19.688347302211735 17.517233558404826 16.087475972134847 15.367303451567887 15.144899376476092 15.14490271145902 15.21904146912059 15.282589284102285 15.293182491669445 15.229639662328726 15.113142235635078 14.943690444838234 14.753056736653267 14.647149583085413 14.68951430575587 14.996650276366466 15.547375794939686 16.246373322999034 16.95596169692033 17.591414003162267 18.068003462829733 18.385730011026496 18.544593584734393 18.523412539463315 18.32218681721036 17.962098100716275 17.47491902268026 16.945376412008414 16.47937892541305 16.161653432014443 15.981609072297237 15.886291584568541 15.822746640204647 15.716838239035994 15.526202913209325
71.47502243901691 73.34951097377878 75.13238097462929 76.82193361086121 78.41752522063193 79.91946709802774 81.32891494260744 82.64775314649188 83.87847842853844 85.02408654782548 86.08796501419509 87.07379392162383 87.9854563039456 88.8269587794212 89.60236272459848 90.31572580163201 90.97105335151933 91.57225894807783 92.1231332705434 92.62732038196619 93.08830048192192 93.50937822241552 93.89367572383553 94.24412949389409 94.56349052898037 94.85432695833398 95.11902867249327 95.3598134554822 95.5787342131018 95.77768695626004 95.95841925790286 96.12253895466186 96.27152290999275 96.4067256947426 96.52938807427819 96.63721949202018 96.74081901387254 96.82972462350378 96.9153040793159 96.98834457650453 97.05830544164326 97.11830442039675 97.17575841127646 97.22501953231604 97.27218086987386 97.31260906317459 97.35130706814651 97.38626147760046 97.41621849638065 97.44502020821194 97.46957518100112 97.49307176186812 97.51330347580183 97.53264645963708 97.54913439855356 97.5650551964277 97.57862245000653 97.59093260168059 97.60270012566963 97.61277852858741 97.6224566390573 97.6307433273245 97.63822115777099 97.64540160958371 97.65154943545093 97.65742100445303 97.66244805373184 97.66698412798016 97.67133955409396 97.67506842289666 97.67862955982669 97.68166354774492 97.68441584832097 97.68705844451074 97.68930982248439 97.69146152647987 97.6932950377895 97.61034402317469 97.43183382285582 97.07322477720054 96.7461699233087 96.53554047959274 96.37768853947976 96.20920023800225 95.8923089608646 95.07764825778149 93.48981945694702 90.92756889524175 87.36977702313385 83.29294728525055 79.13133326539219 74.91669262209439 70.55370193745374 66.1165352381412 61.71107495971333 57.50680152174949 53.884970655665974 50.9938534969673 49.00292440508677 47.922768098077455 47.3827297659011 47.001537487912 46.76861127703303 46.68394442630205 46.71577324834211 46.64168644951139 46.1016036583839 44.89429448580951 42.99857892113792 40.54154712032863 37.76678374667354 34.822563131568934 31.804200429080772 28.701107439248375 25.555646301413084 22.47372702947548 19.688347302211735 17.517233558404826 16.087475972134847 15.367303451567887 15.144899376476092 15.14490271145902 15.21904146912059 15.282589284102285 15.293182491669445 15.229639662328726 15.113142235635078 14.943690444838234 14.753056736653267 14.647149583085413 14.68951430575587 14.996650276366466 15.547375794939686 16.246373322999034 16.95596169692033 17.591414003162267 18.068003462829733 18.385730011026496 18.544593584734393 18.523412539463315 18.32218681721036 17.962098100716275 17.47491902268026 16.945376412008414 16.47937892541305 16.161653432014443 15.981609072297237 15.886291584568541 15.822746640204647 15.716838239035994 15.526202913209325
71.47502243901691 73.34951097377878 75.13238097462929 76.82193361086121 78.41752522063193 79.91946709802774 81.32891494260744 82.64775314649188 83.87847842853844 85.02408654782548 86.08796501419509 87.07379392162383 87.9854563039456 88.8269587794212 89.60236272459848 90.31572580163201 90.97105335151933 91.57225894807783 92.1231332705434 92.62732038196619 93.08830048192192 93.50937822241552 93.89367572383553 94.24412949389409 94.56349052898037 94.85432695833398 95.11902867249327 95.3598134554822 95.5787342131018 95.77768695626004 95.95841925790286 96.12253895466186 96.27152290999275 96.4067256947426 96.52938807427819 96.63721949202018 96.74081901387254 96.82972462350378 96.9153040793159 96.98834457650453 97.05830544164326 97.11830442039675 97.17575841127646 97.22501953231604 97.27218086987386 97.31260906317459 97.35130706814651 97.38626147760046 97.41621849638065 97.44502020821194 97.46957518100112 97.49307176186812 97.51330347580183 97.53264645963708 97.54913439855356 97.5650551964277 97.57862245000653 97.59093260168059 97.60270012566963 97.61277852858741 97.6224566390573 97.6307433273245 97.63822115777099 97.64540160958371 97.65154943545093 97.65742100445303 97.66244805373184 97.66698412798016 97.67133955409396 97.67506842289666 97.67862955982669 97.68166354774492 97.68441584832097 97.68705844451074 97.68930982248439 97.69146152647987 97.6932950377895 97.61034402317469 97.43183382285582 97.07322477720054 96.7461699233087 96.53554047959274 96.37768853947976 96.20920023800225 95.8923089608646 95.07764825778149 93.48981945694702 90.92756889524175 87.36977702313385 83.29294728525055 79.13133326539219 74.91669262209439 70.55370193745374 66.1165352381412 61.71107495971333 57.50680152174949 53.884970655665974 50.9938534969673 49.00292440508677 47.922768098077455 47.3827297659011 47.001537487912 46.76861127703303 46.68394442630205 46.71577324834211 46.64168644951139 46.1016036583839 44.89429448580951 42.99857892113792 40.54154712032863 37.76678374667354 34.822563131568934 31.804200429080772 28.701107439248375 25.555646301413084 22.47372702947548 19.688347302211735 17.517233558404826 16.087475972134847 15.367303451567887 15.144899376476092 15.14490271145902 15.21904146912059 15.282589284102285 15.293182491669445 15.229639662328726 15.113142235635078 14.943690444838234 14.753056736653267 14.647149583085413 14.68951430575587 14.996650276366466 15.547375794939686 16.246373322999034 16.95596169692033 17.591414003162267 18.068003462829733 18.385730011026496 18.544593584734393 18.523412539463315 18.32218681721036 17.962098100716275 17.47491902268026 16.945376412008414 16.47937892541305 16.161653432014443 15.981609072297237 15.886291584568541 15.822746640204647 15.716838239035994 15.526202913209325
71.47502243901691 73.34951097377878 75.13238097462929 76.82193361086121 78.41752522063193 79.91946709802774 81.32891494260744 82.64775314649188 83.87847842853844 85.02408654782548 86.08796501419509 87.07379392162383 87.9854563039456 88.8269587794212 89.60236272459848 90.31572580163201 90.97105335151933 91.57225894807783 92.1231332705434 92.62732038196619 93.08830048192192 93.50937822241552 93.89367572383553 94.24412949389409 94.56349052898037 94.85432695833398 95.11902867249327 95.3598134554822 95.5787342131018 95.77768695626004 95.95841925790286 96.12253895466186 96.27152290999275 96.4067256947426 96.52938807427819 96.63721949202018 96.74081901387254 96.82972462350378 96.9153040793159 96.98834457650453 97.05830544164326 97.11830442039675 97.17575841127646 97.22501953231604 97.27218086987386 97.31260906317459 97.35130706814651 97.38626147760046 97.41621849638065 97.44502020821194 97.46957518100112 97.49307176186812 97.51330347580183 97.53264645963708 97.54913439855356 97.5650551964277 97.57862245000653 97.59093260168059 97.60270012566963 97.61277852858741 97.6224566390573 97.6307433273245 97.63822115777099 97.64540160958371 97.65154943545093 97.65742100445303 97.66244805373184 97.66698412798016 97.67133955409396 97.67506842289666 97.67862955982669 97.68166354774492 97.68441584832097 97.68705844451074 97.68930982248439 97.69146152647987 97.6932950377895 97.61034402317469 97.43183382285582 97.07322477720054 96.7461699233087 96.53554047959274 96.37768853947976 96.20920023800225 95.8923089608646 95.07764825778149 93.48981945694702 90.92756889524175 87.36977702313385 83.29294728525055 79.13133326539219 74.91669262209439 70.55370193745374 66.1165352381412 61.71107495971333 57.50680152174949 53.884970655665974 50.9938534969673 49.00292440508677 47.922768098077455 47.3827297659011 47.001537487912 46.76861127703303 46.68394442630205 46.71577324834211 46.64168644951139 46.1016036583839 44.89429448580951 42.99857892113792 40.54154712032863 37.76678374667354 34.822563131568934 31.804200429080772 28.701107439248375 25.555646301413084 22.47372702947548 19.688347302211735 17.517233558404826 16.087475972134847 15.367303451567887 15.144899376476092 15.14490271145902 15.21904146912059 15.282589284102285 15.293182491669445 15.229639662328726 15.113142235635078 14.943690444838234 14.753056736653267 14.647149583085413 14.68951430575587 14.996650276366466 15.547375794939686 16.246373322999034 16.95596169692033 17.591414003162267 18.068003462829733 18.385730011026496 18.544593584734393 18.523412539463315 18.32218681721036 17.962098100716275 17.47491902268026 16.945376412008414 16.47937892541305 16.161653432014443 15.981609072297237 15.886291584568541 15.822746640204647 15.716838239035994 15.526202913209325
71.47502243901691 73.34951097377878 75.13238097462929 76.82193361086121 78.41752522063193 79.91946709802774 81.32891494260744 82.64775314649188 83.87847842853844 85.02408654782548 86.08796501419509 87.07379392162383 87.9854563039456 88.8269587794212 89.60236272459848 90.31572580163201 90.97105335151933 91.57225894807783 92.1231332705434 92.62732038196619 93.08830048192192 93.50937822241552 93.89367572383553 94.24412949389409 94.56349052898037 94.85432695833398 95.11902867249327 95.3598134554822 95.5787342131018 95.77768695626004 95.95841925790286 96.12253895466186 96.27152290999275 96.4067256947426 96.52938807427819 96.63721949202018 96.74081901387254 96.82972462350378 96.9153040793159 96.98834457650453 97.05830544164326 97.11830442039675 97.17575841127646 97.22501953231604 97.27218086987386 97.31260906317459 97.35130706814651 97.38626147760046 97.41621849638065 97.44502020821194 97.46957518100112 97.49307176186812 97.51330347580183 97.53264645963708 97.54913439855356 97.5650551964277 97.57862245000653 97.59093260168059 97.60270012566963 97.61277852858741 97.6224566390573 97.6307433273245 97.63822115777099 97.64540160958371 97.65154943545093 97.65742100445303 97.66244805373184 97.66698412798016 97.67133955409396 97.67506842289666 97.67862955982669 97.68166354774492 97.68441584832097 97.68705844451074 97.68930982248439 97.69146152647987 97.6932950377895 97.61034402317469 97.43183382285582 97.07322477720054 96.7461699233087 96.53554047959274 96.37768853947976 96.20920023800225 95.8923089608646 95.07764825778149 93.48981945694702 90.92756889524175 87.36977702313385 83.29294728525055 79.13133326539219 74.91669262209439 70.55370193745374 66.1165352381412 61.71107495971333 57.50680152174949 53.884970655665974 50.9938534969673 49.00292440508677 47.922768098077455 47.3827297659011 47.001537487912 46.76861127703303 46.68394442630205 46.71577324834211 46.64168644951139 46.1016036583839 44.89429448580951 42.99857892113792 40.54154712032863 37.76678374667354 34.822563131568934 31.804200429080772 28.701107439248375 25.555646301413084 22.47372702947548 19.688347302211735 17.517233558404826 16.087475972134847 15.367303451567887 15.144899376476092 15.14490271145902 15.21904146912059 15.282589284102285 15.293182491669445 15.229639662328726 15.113142235635078 14.943690444838234 14.753056736653267 14.647149583085413 14.68951430575587 14.996650276366466 15.547375794939686 16.246373322999034 16.95596169692033 17.591414003162267 18.068003462829733 18.385730011026496 18.544593584734393 18.523412539463315 18.32218681721036 17.962098100716275 17.47491902268026 16.945376412008414 16.47937892541305 16.161653432014443 15.981609072297237 15.886291584568541 15.822746640204647 15.716838239035994 15.526202913209325