4 151 8
300.0440999999999 302.0443999999999 304.0446999999999 306.0449999999999 308.0452999999999 310.0455999999999 312.0458999999999 314.0461999999999 316.04649999999987 318.0467999999999 320.0470999999999 322.04739999999987 324.0476999999999 326.0479999999999 328.04829999999987 330.0485999999999 332.0488999999999 334.04919999999987 336.0494999999999 338.0497999999999 340.0500999999999 342.05039999999985 344.0506999999999 346.0509999999999 348.05129999999986 350.0515999999999 352.0518999999999 354.05219999999986 356.0524999999999 358.0527999999999 360.05309999999986 362.0533999999999 364.0536999999999 366.05399999999986 368.0542999999999 369.99 372.04 373.98 376.04 377.98 380.03 381.97 384.02 385.96 388.01 389.95 392.0 394.05 395.99 398.05 399.99 402.04 403.99 406.05 407.99 410.06 412.01 413.96 416.02 417.97 420.04 422.0 423.95 426.02 427.98 430.05 432.01 433.96 436.03 437.99 440.06 442.01 443.96 446.03 447.98 450.04 451.98 454.04 455.99 458.04 459.98 462.03 463.97 466.02 467.95 470.0 472.05 473.98 476.02 477.96 480.0 482.05 483.98 486.03 487.96 490.01 492.06 493.99 496.05 497.98 500.04 501.98 504.04 505.98 508.04 509.99 512.05 514.0 515.95 518.01 519.96 522.03 523.98 526.04 527.99 530.05 532.0 534.06 536.0 538.06 540.0 542.05 543.99 546.04 547.98 550.03 551.96 554.0 556.04 557.97 560.01 562.05 563.98 566.01 568.05 569.98 572.01 574.05 575.97 578.01 580.05 581.98 584.02 585.95 588.0 590.04 591.97 594.02 595.96 598.01 599.95
0.0 39.77 47.82 50.0 60.0 70.0 80.0 90.0
71.69571887237906 73.57599534423954 75.36437038778762 77.059139926765 78.65965831186735 80.16623779837676 81.58003765435421 82.90294809043735 84.1374735347074 85.28661899637405 86.35378244503603 87.34265533785087 88.25713269845934 89.10123351652605 89.87903170908201 90.59459746729591 91.2519484996252 91.85501046399374 92.40758574427717 92.91332965545237 93.37573314305375 93.79811106299918 94.1835951759797 94.53513105688582 94.85547819647397 95.14721265370444 95.41273169848115 95.65425996277307 95.8738566912248 96.07342374913698 96.25471410551005 96.41934056156039 96.56878454091712 96.7044047969927 96.82744592631735 96.9356102996638 97.03952971011766 97.12870983733956 97.21455354043725 97.28781956784148 97.35799645408639 97.41818069421042 97.47581208819456 97.52522531486972 97.57253227447336 97.61308529960714 97.65190279403683 97.68696513369119 97.7170146520184 97.74590529610686 97.77053608831841 97.79410522056654 97.81439940481441 97.8338021147945 97.85034096421353 97.86631092140497 97.87992006716338 97.89226822941059 97.90407208847844 97.91418161090486 97.92388960488357 97.93220188030669 97.9397028003648 97.94690542356064 97.9530722323284 97.95896193122108 97.9640045027314 97.968554583207 97.97292345775323 97.97666384034096 97.9802359731433 97.98327932923364 97.98604012820395 97.98869088404913 97.99094921369728 97.99310756159969 97.99494673431931 97.99671397724858 97.99822726044171 97.99966685829038 98.00089985005259 98.00207914373995 98.00308918430926 98.00405523226001 98.00487856646338 98.00567031846171 98.00638494749943 98.00699400187708 98.007576977285 98.00807885313901 98.0085566406368 98.00899010934565 98.00935953823509 98.00971479300618 98.01001756268454 98.01030871541336 98.0105715049899 98.01079546982581 98.01101183845114 98.01119529862893 98.01137253624776 98.01152355841958 98.01166866923316 98.01179231644227 98.01191112374765 98.01201285480082 98.0121100777881 97.84798441653163 97.71463996312207 97.74550113015367 97.99187664992901 98.32035468859988 98.56671955932495 98.66939909049067 98.6694407289589 98.71053293767521 98.89530295885692 99.14165025613028 99.28536172750793 99.25459920550344 99.05962280015137 98.85438219208278 98.813348343667 98.88520804153718 98.88522331804809 98.64918598573395 98.14630507463853 97.56131846631399 97.17133008409732 97.16107601191024 97.42792615387322 97.67424922935847 97.56136148761559 96.97636917022272 96.12453464675957 95.35480430082094 94.97507286597681 95.04691903127775 95.31376420732443 95.34455708146056 94.79035070601842 93.65114491897512 92.31693930730209 91.28036432427479 90.8698407482326 91.15721047823766 91.7319478870622 91.91668591782701 91.22905678715624 89.69985004140996 87.84222257745711
71.52213347988318 73.3978575386498 75.18190267535343 76.8725689395434 78.46921224512295 79.97214409136032 81.3825209395659 82.70222842391222 83.93376490890883 85.08012812821657 86.14470782447316 87.1311865173005 88.04344979994077 88.88550693152084 89.66142196554709 90.37525523868449 91.03101473195468 91.63261659871306 92.18385401673052 92.68837345095362 93.14965739484794 93.57101267860018 93.95556348046945 94.30624824369625 94.62581977792281 94.91684790510934 95.18172409103299 95.4226675815167 95.64173263548497 95.84081651355571 96.02166794054551 96.1858958128528 96.3349779673723 96.47026986778381 96.59301309727478 96.70091558950061 96.80458339648449 96.89354760610864 96.97918346955943 97.05227210963395 97.1222790877932 97.18231761342955 97.23980947372462 97.28910306404656 97.33629548686503 97.37675032743638 97.41547383926695 97.45045128807864 97.48042805230679 97.50924874809327 97.5338199057018 97.55733197377461 97.57757702295565 97.59693275625317 97.61343156279776 97.62936285448266 97.64293905059017 97.65525731620444 97.6670325964737 97.67711764232823 97.68680213189171 97.69509428213004 97.70257704140849 97.70976222604322 97.71591410410191 97.72178954320741 97.72681990594475 97.73135897003725 97.73571726692536 97.73944859352217 97.74301207768991 97.74604806538825 97.74880218007699 97.75144651807044 97.75369937998572 97.75585250222508 97.75768722204957 97.7594501862358 97.76095980555804 97.76239591793839 97.76362592445459 97.76480236290651 97.78654062171506 97.73567736498214 97.67430531794186 97.62326637514238 97.5203214115795 97.29288105888848 97.01358301110005 96.76529916703494 96.59991633421286 96.44485423346781 96.18606789083228 95.79250729774438 95.36779456836223 95.06746110478578 94.90185803243067 94.72585039617293 94.4150744193459 94.00060358090549 93.36843488189677 92.1764630003792 90.27957768809513 87.52226845987128 84.04967581049927 80.25570615802866 76.18183539220873 71.90062036844525 67.65049164465653 63.60768041428179 59.80328221500783 56.22693691917963 53.06523571494035 50.48404479279192 48.73215497376381 47.8199365148116 47.374200160524055 47.16688881156523 46.8766442165602 46.088813910019304 44.43020735462982 41.921558121238384 38.7598257608479 35.26636828652797 31.669245079251805 28.072120571581898 24.46462809878955 20.763837283163326 17.042312635542935 13.538480764789952 10.635897782824221 8.676654153689764 7.629651013152253 7.266828413060649 7.256462471966907 7.401592099970614 7.536355348572044 7.619286693539782 7.650386111344438 7.61928725727968 7.536356486455827 7.380861030227564 7.163167287803496 6.914374371825923 6.717413331498579 6.665581571047208 6.789978232354789 7.080236959788492 7.411961196585382 7.691853540780878 7.857715702038577
71.47502243901691 73.34951097377878 75.13238097462929 76.82193361086121 78.41752522063193 79.91946709802774 81.32891494260744 82.64775314649188 83.87847842853844 85.02408654782548 86.08796501419509 87.07379392162383 87.9854563039456 88.8269587794212 89.60236272459848 90.31572580163201 90.97105335151933 91.57225894807783 92.1231332705434 92.62732038196619 93.08830048192192 93.50937822241552 93.89367572383553 94.24412949389409 94.56349052898037 94.85432695833398 95.11902867249327 95.3598134554822 95.5787342131018 95.77768695626004 95.95841925790286 96.12253895466186 96.27152290999275 96.4067256947426 96.52938807427819 96.63721949202018 96.74081901387254 96.82972462350378 96.9153040793159 96.98834457650453 97.05830544164326 97.11830442039675 97.17575841127646 97.22501953231604 97.27218086987386 97.31260906317459 97.35130706814651 97.38626147760046 97.41621849638065 97.44502020821194 97.46957518100112 97.49307176186812 97.51330347580183 97.53264645963708 97.54913439855356 97.5650551964277 97.57862245000653 97.59093260168059 97.60270012566963 97.61277852858741 97.6224566390573 97.6307433273245 97.63822115777099 97.64540160958371 97.65154943545093 97.65742100445303 97.66244805373184 97.66698412798016 97.67133955409396 97.67506842289666 97.67862955982669 97.68166354774492 97.68441584832097 97.68705844451074 97.68930982248439 97.69146152647987 97.6932950377895 97.69505684072571 97.69656546567414 97.69800063209908 97.6992298284201 97.70040549196169 97.61669409481645 97.43762811115674 97.0783872163717 96.75087931422273 96.53978184974275 96.38152859487482 96.21265748547526 95.8954402629299 95.08044834805821 93.49230456147149 90.92976355973849 87.37168279908136 83.2945949130162 79.13274787670575 74.91790141866765 70.55473561719546 66.1174102141683 61.711816509944164 57.50742571051474 53.885494082581396 50.994307812254085 49.00331462352531 47.92311810218727 47.38303932223296 47.0018187539416 46.76886162994451 46.684171400092595 46.71597814727523 46.64187201916721 46.10176925538916 44.8944407655256 42.99870708610642 40.541655218321296 37.766875865744375 34.822639015423455 31.804263830646732 28.70115858096474 25.55568795908567 22.47375977404354 19.688373524896726 17.517254411917506 16.087493501421598 15.367318417875598 15.144912877002835 15.14491478413326 15.219052565012435 15.282599333087338 15.293191610972766 15.229647852687053 15.113149678230895 14.943697034509466 14.753062606869397 14.64715491995054 14.689519098366082 14.996654691305336 15.547379986282774 16.246377246706203 16.955965394900385 17.591417516408328 18.06800669800823 18.385732983862383 18.54459631089171 18.52341500035181 18.32218901532437 17.96210005739968 17.474920743025397 16.94537792793001 16.479380256024264 16.16165460133522
71.47502243901691 73.34951097377878 75.13238097462929 76.82193361086121 78.41752522063193 79.91946709802774 81.32891494260744 82.64775314649188 83.87847842853844 85.02408654782548 86.08796501419509 87.07379392162383 87.9854563039456 88.8269587794212 89.60236272459848 90.31572580163201 90.97105335151933 91.57225894807783 92.1231332705434 92.62732038196619 93.08830048192192 93.50937822241552 93.89367572383553 94.24412949389409 94.56349052898037 94.85432695833398 95.11902867249327 95.3598134554822 95.5787342131018 95.77768695626004 95.95841925790286 96.12253895466186 96.27152290999275 96.4067256947426 96.52938807427819 96.63721949202018 96.74081901387254 96.82972462350378 96.9153040793159 96.98834457650453 97.05830544164326 97.11830442039675 97.17575841127646 97.22501953231604 97.27218086987386 97.31260906317459 97.35130706814651 97.38626147760046 97.41621849638065 97.44502020821194 97.46957518100112 97.49307176186812 97.51330347580183 97.53264645963708 97.54913439855356 97.5650551964277 97.57862245000653 97.59093260168059 97.60270012566963 97.61277852858741 97.6224566390573 97.6307433273245 97.63822115777099 97.64540160958371 97.65154943545093 97.65742100445303 97.66244805373184 97.66698412798016 97.67133955409396 97.67506842289666 97.67862955982669 97.68166354774492 97.68441584832097 97.68705844451074 97.68930982248439 97.69146152647987 97.6932950377895 97.69505684072571 97.69656546567414 97.69800063209908 97.6992298284201 97.70040549196169 97.61669409481645 97.43762811115674 97.0783872163717 96.75087931422273 96.53978184974275 96.38152859487482 96.21265748547526 95.8954402629299 95.08044834805821 93.49230456147149 90.92976355973849 87.37168279908136 83.2945949130162 79.13274787670575 74.91790141866765 70.55473561719546 66.1174102141683 61.711816509944164 57.50742571051474 53.885494082581396 50.994307812254085 49.00331462352531 47.92311810218727 47.38303932223296 47.0018187539416 46.76886162994451 46.684171400092595 46.71597814727523 46.64187201916721 46.10176925538916 44.8944407655256 42.99870708610642 40.541655218321296 37.766875865744375 34.822639015423455 31.804263830646732 28.70115858096474 25.55568795908567 22.47375977404354 19.688373524896726 17.517254411917506 16.087493501421598 15.367318417875598 15.144912877002835 15.14491478413326 15.219052565012435 15.282599333087338 15.293191610972766 15.229647852687053 15.113149678230895 14.943697034509466 14.753062606869397 14.64715491995054 14.689519098366082 14.996654691305336 15.547379986282774 16.246377246706203 16.955965394900385 17.591417516408328 18.06800669800823 18.385732983862383 18.54459631089171 18.52341500035181 18.32218901532437 17.96210005739968 17.474920743025397 16.94537792793001 16.479380256024264 16.16165460133522
71.47502243901691 73.34951097377878 75.13238097462929 76.82193361086121 78.41752522063193 79.91946709802774 81.32891494260744 82.64775314649188 83.87847842853844 85.02408654782548 86.08796501419509 87.07379392162383 87.9854563039456 88.8269587794212 89.60236272459848 90.31572580163201 90.97105335151933 91.57225894807783 92.1231332705434 92.62732038196619 93.08830048192192 93.50937822241552 93.89367572383553 94.24412949389409 94.56349052898037 94.85432695833398 95.11902867249327 95.3598134554822 95.5787342131018 95.77768695626004 95.95841925790286 96.12253895466186 96.27152290999275 96.4067256947426 96.52938807427819 96.63721949202018 96.74081901387254 96.82972462350378 96.9153040793159 96.98834457650453 97.05830544164326 97.11830442039675 97.17575841127646 97.22501953231604 97.27218086987386 97.31260906317459 97.35130706814651 97.38626147760046 97.41621849638065 97.44502020821194 97.46957518100112 97.49307176186812 97.51330347580183 97.53264645963708 97.54913439855356 97.5650551964277 97.57862245000653 97.59093260168059 97.60270012566963 97.61277852858741 97.6224566390573 97.6307433273245 97.63822115777099 97.64540160958371 97.65154943545093 97.65742100445303 97.66244805373184 97.66698412798016 97.67133955409396 97.67506842289666 97.67862955982669 97.68166354774492 97.68441584832097 97.68705844451074 97.68930982248439 97.69146152647987 97.6932950377895 97.69505684072571 97.69656546567414 97.69800063209908 97.6992298284201 97.70040549196169 97.61669409481645 97.43762811115674 97.0783872163717 96.75087931422273 96.53978184974275 96.38152859487482 96.21265748547526 95.8954402629299 95.08044834805821 93.49230456147149 90.92976355973849 87.37168279908136 83.2945949130162 79.13274787670575 74.91790141866765 70.55473561719546 66.1174102141683 61.711816509944164 57.50742571051474 53.885494082581396 50.994307812254085 49.00331462352531 47.92311810218727 47.38303932223296 47.0018187539416 46.76886162994451 46.684171400092595 46.71597814727523 46.64187201916721 46.10176925538916 44.8944407655256 42.99870708610642 40.541655218321296 37.766875865744375 34.822639015423455 31.804263830646732 28.70115858096474 25.55568795908567 22.47375977404354 19.688373524896726 17.517254411917506 16.087493501421598 15.367318417875598 15.144912877002835 15.14491478413326 15.219052565012435 15.282599333087338 15.293191610972766 15.229647852687053 15.113149678230895 14.943697034509466 14.753062606869397 14.64715491995054 14.689519098366082 14.996654691305336 15.547379986282774 16.246377246706203 16.955965394900385 17.591417516408328 18.06800669800823 18.385732983862383 18.54459631089171 18.52341500035181 18.32218901532437 17.96210005739968 17.474920743025397 16.94537792793001 16.479380256024264 16.16165460133522
71.47502243901691 73.34951097377878 75.13238097462929 76.82193361086121 78.41752522063193 79.91946709802774 81.32891494260744 82.64775314649188 83.87847842853844 85.02408654782548 86.08796501419509 87.07379392162383 87.9854563039456 88.8269587794212 89.60236272459848 90.31572580163201 90.97105335151933 91.57225894807783 92.1231332705434 92.62732038196619 93.08830048192192 93.50937822241552 93.89367572383553 94.24412949389409 94.56349052898037 94.85432695833398 95.11902867249327 95.3598134554822 95.5787342131018 95.77768695626004 95.95841925790286 96.12253895466186 96.27152290999275 96.4067256947426 96.52938807427819 96.63721949202018 96.74081901387254 96.82972462350378 96.9153040793159 96.98834457650453 97.05830544164326 97.11830442039675 97.17575841127646 97.22501953231604 97.27218086987386 97.31260906317459 97.35130706814651 97.38626147760046 97.41621849638065 97.44502020821194 97.46957518100112 97.49307176186812 97.51330347580183 97.53264645963708 97.54913439855356 97.5650551964277 97.57862245000653 97.59093260168059 97.60270012566963 97.61277852858741 97.6224566390573 97.6307433273245 97.63822115777099 97.64540160958371 97.65154943545093 97.65742100445303 97.66244805373184 97.66698412798016 97.67133955409396 97.67506842289666 97.67862955982669 97.68166354774492 97.68441584832097 97.68705844451074 97.68930982248439 97.69146152647987 97.6932950377895 97.69505684072571 97.69656546567414 97.69800063209908 97.6992298284201 97.70040549196169 97.61669409481645 97.43762811115674 97.0783872163717 96.75087931422273 96.53978184974275 96.38152859487482 96.21265748547526 95.8954402629299 95.08044834805821 93.49230456147149 90.92976355973849 87.37168279908136 83.2945949130162 79.13274787670575 74.91790141866765 70.55473561719546 66.1174102141683 61.711816509944164 57.50742571051474 53.885494082581396 50.994307812254085 49.00331462352531 47.92311810218727 47.38303932223296 47.0018187539416 46.76886162994451 46.684171400092595 46.71597814727523 46.64187201916721 46.10176925538916 44.8944407655256 42.99870708610642 40.541655218321296 37.766875865744375 34.822639015423455 31.804263830646732 28.70115858096474 25.55568795908567 22.47375977404354 19.688373524896726 17.517254411917506 16.087493501421598 15.367318417875598 15.144912877002835 15.14491478413326 15.219052565012435 15.282599333087338 15.293191610972766 15.229647852687053 15.113149678230895 14.943697034509466 14.753062606869397 14.64715491995054 14.689519098366082 14.996654691305336 15.547379986282774 16.246377246706203 16.955965394900385 17.591417516408328 18.06800669800823 18.385732983862383 18.54459631089171 18.52341500035181 18.32218901532437 17.96210005739968 17.474920743025397 16.94537792793001 16.479380256024264 16.16165460133522
71.47502243901691 73.34951097377878 75.13238097462929 76.82193361086121 78.41752522063193 79.91946709802774 81.32891494260744 82.64775314649188 83.87847842853844 85.02408654782548 86.08796501419509 87.07379392162383 87.9854563039456 88.8269587794212 89.60236272459848 90.31572580163201 90.97105335151933 91.57225894807783 92.1231332705434 92.62732038196619 93.08830048192192 93.50937822241552 93.89367572383553 94.24412949389409 94.56349052898037 94.85432695833398 95.11902867249327 95.3598134554822 95.5787342131018 95.77768695626004 95.95841925790286 96.12253895466186 96.27152290999275 96.4067256947426 96.52938807427819 96.63721949202018 96.74081901387254 96.82972462350378 96.9153040793159 96.98834457650453 97.05830544164326 97.11830442039675 97.17575841127646 97.22501953231604 97.27218086987386 97.31260906317459 97.35130706814651 97.38626147760046 97.41621849638065 97.44502020821194 97.46957518100112 97.49307176186812 97.51330347580183 97.53264645963708 97.54913439855356 97.5650551964277 97.57862245000653 97.59093260168059 97.60270012566963 97.61277852858741 97.6224566390573 97.6307433273245 97.63822115777099 97.64540160958371 97.65154943545093 97.65742100445303 97.66244805373184 97.66698412798016 97.67133955409396 97.67506842289666 97.67862955982669 97.68166354774492 97.68441584832097 97.68705844451074 97.68930982248439 97.69146152647987 97.6932950377895 97.69505684072571 97.69656546567414 97.69800063209908 97.6992298284201 97.70040549196169 97.61669409481645 97.43762811115674 97.0783872163717 96.75087931422273 96.53978184974275 96.38152859487482 96.21265748547526 95.8954402629299 95.08044834805821 93.49230456147149 90.92976355973849 87.37168279908136 83.2945949130162 79.13274787670575 74.91790141866765 70.55473561719546 66.1174102141683 61.711816509944164 57.50742571051474 53.885494082581396 50.994307812254085 49.00331462352531 47.92311810218727 47.38303932223296 47.0018187539416 46.76886162994451 46.684171400092595 46.71597814727523 46.64187201916721 46.10176925538916 44.8944407655256 42.99870708610642 40.541655218321296 37.766875865744375 34.822639015423455 31.804263830646732 28.70115858096474 25.55568795908567 22.47375977404354 19.688373524896726 17.517254411917506 16.087493501421598 15.367318417875598 15.144912877002835 15.14491478413326 15.219052565012435 15.282599333087338 15.293191610972766 15.229647852687053 15.113149678230895 14.943697034509466 14.753062606869397 14.64715491995054 14.689519098366082 14.996654691305336 15.547379986282774 16.246377246706203 16.955965394900385 17.591417516408328 18.06800669800823 18.385732983862383 18.54459631089171 18.52341500035181 18.32218901532437 17.96210005739968 17.474920743025397 16.94537792793001 16.479380256024264 16.16165460133522
71.47502243901691 73.34951097377878 75.13238097462929 76.82193361086121 78.41752522063193 79.91946709802774 81.32891494260744 82.64775314649188 83.87847842853844 85.02408654782548 86.08796501419509 87.07379392162383 87.9854563039456 88.8269587794212 89.60236272459848 90.31572580163201 90.97105335151933 91.57225894807783 92.1231332705434 92.62732038196619 93.08830048192192 93.50937822241552 93.89367572383553 94.24412949389409 94.56349052898037 94.85432695833398 95.11902867249327 95.3598134554822 95.5787342131018 95.77768695626004 95.95841925790286 96.12253895466186 96.27152290999275 96.4067256947426 96.52938807427819 96.63721949202018 96.74081901387254 96.82972462350378 96.9153040793159 96.98834457650453 97.05830544164326 97.11830442039675 97.17575841127646 97.22501953231604 97.27218086987386 97.31260906317459 97.35130706814651 97.38626147760046 97.41621849638065 97.44502020821194 97.46957518100112 97.49307176186812 97.51330347580183 97.53264645963708 97.54913439855356 97.5650551964277 97.57862245000653 97.59093260168059 97.60270012566963 97.61277852858741 97.6224566390573 97.6307433273245 97.63822115777099 97.64540160958371 97.65154943545093 97.65742100445303 97.66244805373184 97.66698412798016 97.67133955409396 97.67506842289666 97.67862955982669 97.68166354774492 97.68441584832097 97.68705844451074 97.68930982248439 97.69146152647987 97.6932950377895 97.69505684072571 97.69656546567414 97.69800063209908 97.6992298284201 97.70040549196169 97.61669409481645 97.43762811115674 97.0783872163717 96.75087931422273 96.53978184974275 96.38152859487482 96.21265748547526 95.8954402629299 95.08044834805821 93.49230456147149 90.92976355973849 87.37168279908136 83.2945949130162 79.13274787670575 74.91790141866765 70.55473561719546 66.1174102141683 61.711816509944164 57.50742571051474 53.885494082581396 50.994307812254085 49.00331462352531 47.92311810218727 47.38303932223296 47.0018187539416 46.76886162994451 46.684171400092595 46.71597814727523 46.64187201916721 46.10176925538916 44.8944407655256 42.99870708610642 40.541655218321296 37.766875865744375 34.822639015423455 31.804263830646732 28.70115858096474 25.55568795908567 22.47375977404354 19.688373524896726 17.517254411917506 16.087493501421598 15.367318417875598 15.144912877002835 15.14491478413326 15.219052565012435 15.282599333087338 15.293191610972766 15.229647852687053 15.113149678230895 14.943697034509466 14.753062606869397 14.64715491995054 14.689519098366082 14.996654691305336 15.547379986282774 16.246377246706203 16.955965394900385 17.591417516408328 18.06800669800823 18.385732983862383 18.54459631089171 18.52341500035181 18.32218901532437 17.96210005739968 17.474920743025397 16.94537792793001 16.479380256024264 16.16165460133522