4 302 9
300.00980000000004 300.01 301.04 301.96 302.98 303.99 305.01 306.01 307.02 308.02 309.01 310.0 310.99 311.98 312.96 314.05 315.02 316.0 316.97 318.05 319.02 319.98 320.95 322.03 323.0 323.97 325.04 326.02 326.99 327.96 329.05 330.03 331.01 332.0 332.99 333.98 334.97 335.97 336.98 337.99 339.0 340.02 341.04 341.95 342.98 344.02 344.95 345.99 347.04 347.98 349.03 349.98 351.04 352.0 352.95 354.03 354.99 355.95 357.04 358.01 358.98 359.95 361.05 362.02 363.0 363.98 364.95 366.06 367.04 368.02 368.99 369.97 370.95 372.05 373.03 374.0 374.98 375.95 377.04 378.0 378.97 380.05 381.01 381.96 383.04 383.98 385.05 385.99 387.04 387.98 389.02 389.95 390.99 392.02 393.05 393.96 394.98 395.99 397.0 398.01 399.01 400.0 401.0 401.98 402.97 403.95 405.04 406.02 406.99 407.96 409.04 410.01 410.97 412.05 413.01 413.98 415.05 416.02 416.98 417.95 419.03 420.0 420.98 421.95 423.04 424.03 425.01 426.0 427.0 427.99 429.0 430.0 431.01 432.03 433.05 433.96 434.99 436.02 437.06 437.99 439.03 439.97 441.02 441.97 443.03 443.98 445.05 446.0 446.96 448.04 449.01 449.97 451.06 452.03 453.0 453.98 454.95 456.05 457.02 458.0 458.98 459.95 461.05 462.03 463.0 463.98 464.95 466.04 467.01 467.98 468.95 470.03 470.99 471.95 473.03 473.98 475.04 475.99 477.05 477.99 479.04 479.97 481.01 482.05 482.96 483.99 485.01 486.03 487.05 488.06 488.95 489.95 490.95 492.05 493.04 494.02 495.0 495.98 496.95 498.03 499.0 499.97 501.04 502.01 502.97 504.04 505.0 505.96 507.03 507.99 508.96 510.03 511.0 511.97 513.05 514.02 515.0 515.98 516.96 517.95 519.05 520.05 521.05 522.05 522.95 523.96 524.98 526.0 527.03 528.06 528.98 530.02 530.95 532.0 533.05 533.99 535.05 536.0 536.95 538.02 538.98 540.06 541.02 541.98 542.95 544.03 545.0 545.97 546.94 548.04 549.01 549.98 550.96 552.05 553.02 553.99 554.97 556.06 557.02 557.99 558.96 560.04 561.0 561.96 563.03 563.99 565.05 566.0 567.06 568.0 569.05 569.98 571.03 571.95 572.99 574.02 575.04 575.95 576.96 577.98 578.98 579.98 580.98 581.97 582.96 583.95 585.04 586.02 586.99 587.96 589.04 590.0 590.97 592.03 592.99 593.95 595.02 595.97 597.04 597.99 598.95 600.02
0.0 13.54 26.89 39.77 51.58 60.9 70.0 80.0 90.0
71.04621016395508 71.04640116776291 72.01828385346005 72.86622769671244 73.78380616888882 74.6687911250516 75.53851734100292 76.36764030081241 77.18133551154482 77.96350007421718 78.7148996341819 79.44358638507431 80.14972241721287 80.83351346454663 81.48863126151679 82.19218038521053 82.79637466926383 83.38620033031759 83.9499753586079 84.55469490631351 85.07760724218844 85.57671080199597 86.0628242770298 86.58308345197726 87.03199759835246 87.46401013135127 87.92150344746943 88.32348667487035 88.70581620544317 89.0731366507707 89.46856084454765 89.8089302791267 90.1354393507316 90.45167684330286 90.75470945707075 91.04499891710968 91.32299884563508 91.59178361798111 91.85144626538978 92.09969055317852 92.33695734246406 92.56586954226188 92.7844541505615 93.01967880358475 93.25109496304322 93.46536782889592 93.66115696861314 93.89784329274933 94.11813273974629 94.29403078757542 94.47972629551018 94.58500218176972 94.669232425639 94.65462718678683 94.55378378796573 94.41254959820279 94.21164841088105 94.005306875303 93.80649310920023 93.6600097127079 93.57862329009458 93.57270961817055 93.65310140953306 93.70891798004132 93.73195971327178 93.70150766755243 93.55687183334592 93.35756341452064 93.12638682623239 92.95227826408104 92.84499717486025 92.54472660062879 91.46781187334074 89.18617269299631 85.19418122310707 79.81724926622519 73.29637771942413 66.18395746757933 58.704559019021524 50.93274190471264 42.92272990364611 34.6757684198902 26.501911015200584 19.00907786161282 12.68349702299669 8.090896501899326 4.981215297202461 3.1329533535577907 2.0015563350904637 1.3346598950483837 0.9405430609547563 0.6777271368677829 0.5159885324351556 0.40477560787463696 0.32388032358883195 0.2631936959018409 0.23286388097561478 0.20252200531758918 0.19242452228470752 0.1823226992783276 0.1722165950090461 0.1621065447898237 0.15199321479288305 0.15201031368414447 0.1520267606124074 0.14190611141577708 0.14192139555085106 0.13179627175046055 0.12166864441048514 0.12167869417926558 0.11154854943640514 0.11155686700656238 0.11156471219377839 0.10143009148315991 0.10143653371008922 0.09129846348959303 0.10144924095530747 0.10145484427008593 0.10146012915514616 0.09131869627810246 0.0913235415547742 0.08118015664947711 0.08118369345271415 0.0811870278748293 0.08119058711450883 0.08119365619772519 0.07104697992502033 0.071049413815014 0.07105175313524627 0.06090339154313478 0.06090522469567693 0.06090695084516917 0.06090860891005194 0.060910200620123534 0.06091171326534595 0.050760832703782746 0.05076198832320662 0.05076308598347651 0.050764138450874484 0.04061202750807394 0.04061279055830053 0.04061344693972929 0.0406141445870994 0.04061474501432523 0.050769227707032974 0.05076990651924604 0.050770633463217106 0.05077124709719225 0.05077183829203052 0.0507724703482002 0.05077300966739845 0.050773518293637625 0.05077406697162009 0.05077453073246738 0.05077497254552198 0.04062031814634919 0.04062063877276396 0.040620984047500835 0.04062127315790566 0.050776939194202425 0.05077727031658963 0.05077758246919689 0.050777918617479156 0.06093384349950563 0.06093416511271621 0.06093447458498939 0.06093476632698573 0.0609350777158156 0.0609353409092266 0.060935591644475935 0.07109180226303242 0.081248110916026 0.08124839548868826 0.09140475006715842 0.0914050762943166 0.09140534904787527 0.10156182052987388 0.1117183040772434 0.12187486254985107 0.1421876831082066 0.15234433731206104 0.17265728926628743 0.19297035610079932 0.23359620512147336 0.2742221318957961 0.34531743734514075 0.446882215796596 0.5789166149399203 0.7820465575594026 1.1172111236785842 1.6961318548624627 2.7727224654631764 5.078253110558384 9.222120607809384 15.11292063359728 21.409995113505722 26.89455793078857 30.65251475475251 33.55732493524276 37.02075498456692 41.15452128533576 46.09066456875107 51.76825077312448 51.76828963170917 51.76832627812701 51.768365103386174 51.768398212829254 51.76842977059755 51.768463204650786 51.7684917165704 51.76851916854532 51.768547945598414 51.768572735595576 51.7685963519904 51.76862133349769 51.76864264917871 51.768663159994354 51.76868269002106 51.76870128615766 51.76871916930852 51.768738028381996 51.76875429577661 51.76876976981051 51.76878448917547 51.76879712181865 51.76881063772755 51.76882361205185 51.76883594128153 51.768847769423644 51.76885900384119 51.76886856080144 51.76887884796554 51.76888760478973 51.7688970142845 51.76890594252744 51.76891354734218 51.76892170495174 51.76892865755556 51.76893528763313 51.76894238762728 51.768948442360454 51.76895491542136 51.768960383026936 51.76896559438762 51.768970612008964 51.76897591966292 51.76898044846008 51.76898476285265 51.76898887299108 51.768993299026704 51.768997005041165 51.769000535603524 51.76900393285201 51.76900752094224 51.76901055365514 51.769013442791675 51.76901622283448 51.769019159047176 51.76902161580668 51.76902398123261 51.76902623467317 51.769028618368665 51.769030631806366 51.769032550882024 51.76903458405501 51.769036317904 51.76903813812115 51.76903968946356 51.769041335641056 51.76904272422805 51.76904420006477 51.76904544407417 51.76904678080266 51.76904789571613 51.76904909581467 51.76905022442789 51.76905128624466 51.76905218890947 51.769053143834 51.769054060494135 51.76905491492018 51.76905572767542 51.76905650079213 51.769057229029926 51.76905792209762 51.76905858169374 51.76905927113219 51.76905985971836 51.769060414577794 51.769060943168725 51.76906150231359 51.76906197460684 51.76906242934188 51.76906290168802 51.76906330839791 51.76906369604686 51.76906410674318 51.769064453414416 51.7690648246564 51.76906513802399 51.76906543992532 51.769065759775955
70.84189413879645 70.84208459331195 71.81117232053342 72.65667763096033 73.57161731373789 74.4540572135472 75.32128225451663 76.14802080695063 76.95937597771801 77.73929117685506 78.4885298478569 79.21512102770922 79.91922634058808 80.60105092878901 81.25428472569808 81.95581056961204 82.55826730039885 83.14639672974194 83.7085504432204 84.31153092709646 84.83293946185763 85.33060769027668 85.8153231910517 86.33408619489542 86.78170934553962 87.21247948878454 87.66865713703427 88.06948433352217 88.4507143536523 88.81697845194634 89.21126547740229 89.5506560711706 89.8762261618568 90.27664950444992 90.63601599177971 90.95447695645952 91.27038493350882 91.59646010653796 91.90414277253487 92.17178408457309 92.41888870413379 92.60929989265315 92.74069713099283 92.78146844984505 92.7591409073793 92.67959165071127 92.57088846994036 92.4822450306607 92.38591808873076 92.303570535508 92.2890667830473 92.28276243700039 92.35362324726081 92.38541829753218 92.37085469026759 92.34563988851272 92.25154831934726 92.12255293676962 91.85190792148482 91.35503077835105 90.4742519114115 89.02927426799151 86.83895827662421 83.60193510635304 79.39724334010494 74.2024940461199 68.09581621062534 61.22267865366955 53.87105556617613 46.30793034975017 38.71416396822348 31.352093660542945 24.44358601276784 18.232358426363582 13.0192370330415 8.827654684609817 5.699665883564209 3.546109971537395 2.2475167496652495 1.4518387389838836 0.968231310906144 0.6860845635021374 0.5046318383169128 0.38363347859419994 0.30296523765125477 0.25253775301107956 0.2121924182242432 0.17181589150768023 0.16175018427882282 0.14156206485319014 0.12136659137468121 0.1112743155593168 0.10117938779431211 0.10119906872167886 0.10121776882927 0.0911101617802977 0.0911253015108083 0.091139555554054 0.10128123530843518 0.09116600415064481 0.10130905178532844 0.10132176351088382 0.1114673818533681 0.10134538334592574 0.1114919833770585 0.11150335181125147 0.11151536138767691 0.11152561622881947 0.10139571380153897 0.10140408903645648 0.1014129498877094 0.10142051170119604 0.10142764405371892 0.0912917432659784 0.09129754156624897 0.09130312500182593 0.08116353659632951 0.09131402191165568 0.08117224760094377 0.08117631895411559 0.08118062608661482 0.07103626384900678 0.07103935870984837 0.07104227647816679 0.06089604940448392 0.06089835133442201 0.060900520661186966 0.06090260695912677 0.060904612193132326 0.06090650114535428 0.06090833439149342 0.06091006062911932 0.050759765648882904 0.050761092141667116 0.05076235274371293 0.05076342444775692 0.05076458012618436 0.050765677842498524 0.05076673036363333 0.050767626343595836 0.06092229624609455 0.05076940072375661 0.05077027282749481 0.05077102339984781 0.050771819879638795 0.05077249872651062 0.05077322570759795 0.050773839372903994 0.05077443059792745 0.050775062686368624 0.05077560203310341 0.050776110685311994 0.060931991269570586 0.06093254781100175 0.06093307801373696 0.06093358820468235 0.07108974736367035 0.07109035162531066 0.07109085759435153 0.08124725081686553 0.08124778063973535 0.08124828010940756 0.09140492022088505 0.10156159109423259 0.12187455257234206 0.132031435844198 0.15234469382784327 0.1828145668075982 0.22344099118995564 0.264067712526655 0.33516417973311513 0.4367308936185853 0.5992375110048787 0.8531545587242152 1.3203629580552751 2.1735270475264015 3.6157854160229497 5.728394601467111 8.480892180607524 11.659985319406061 14.950820954160747 18.17056832206553 21.34970520195877 24.57963824330281 27.72832012609666 30.389486031961724 32.055279162636985 32.57333995724873 32.0249181078702 30.592833786850196 28.67320180200836 26.6316831491831 24.691727268104362 22.87365197276048 21.126666611627794 19.60313109553392 18.66870142876691 18.790605582221644 18.496068023759744 18.61797218937413 19.05474430040018 19.73528728709188 20.649446224852294 20.649461724859403 20.649476342472 20.649491829186136 20.64950503596161 20.649517623801252 20.649530960058012 20.649542332962103 20.649553283072862 20.64956476173404 20.649574650028615 20.649584070193825 20.64959403487843 20.6496025373293 20.649610718733506 20.64961850891823 20.649625926590584 20.64963305986545 20.649640582418712 20.649647071196778 20.649653243517193 20.649659114813414 20.64966415375296 20.64966954501169 20.649674720241837 20.649679638155064 20.64968435619326 20.649688837405154 20.649692649508783 20.649696752877908 20.649700245821318 20.649703999103558 20.64970756042289 20.649710593849957 20.649713847777168 20.64971662104875 20.649719265670274 20.64972209773327 20.64972451286002 20.649727094850352 20.64972927578221 20.64973135450248 20.64973335594353 20.649735473073495 20.64973727953116 20.649739000466596 20.649740639928645 20.649742405396537 20.649743883660634 20.649745291939965 20.649746647042733 20.64974807826892 20.649749287964845 20.64975044039068 20.649751549300937 20.649752720504626 20.649753700462853 20.649754643989716 20.64975554284759 20.64975649366187 20.649757296786813 20.649758062272394 20.6497588732694 20.649759564871317 20.649760290923975 20.649760909727224 20.64976156635852 20.64976212024149 20.649762708926843 20.64976320514035 20.64976373833787 20.64976418305728 20.649764661755512 20.649765111939512 20.649765535479574 20.649765895536717 20.64976627643934 20.649766642078976 20.649766982894523 20.649767307088315 20.649767615470996 20.649767905952267 20.6497681824048 20.64976844550611 20.649768720511002 20.64976895528769 20.649769176611375 20.649769387457013 20.649769610490083 20.649769798879568 20.64976998026539 20.649770168675968 20.649770330905405 20.649770485531764 20.649770649351314 20.649770787632384 20.64977093571429 20.64977106071112 20.649771181134263 20.649771308717064
70.61283323924613 70.61302307794405 71.57897734707213 72.44462122560539 73.38005101551592 74.30706971488101 75.20419768360136 76.02965109688513 76.85589632788525 77.64292033500645 78.39123019947588 79.06704656494642 79.73629078805796 80.37426578522978 80.94892467430658 81.57901462209425 82.05741733838208 82.51110574153935 82.96355792529133 83.36653505283608 83.68625881868368 83.92648617767391 84.0880530361594 84.13434675641105 83.89669570258548 83.30647562755905 82.2887156898952 80.76120268589217 78.69761393110137 76.13432040282312 73.2333017959403 70.06324634599363 66.7247349909585 63.3340686051136 59.98530633694924 56.833470598189685 54.02574966467821 51.61639852338355 49.533070083591014 47.64325955984979 45.698456729593346 43.53568825824091 40.88135594675191 37.87016145756671 34.530615660253304 30.900181568704078 27.050335453192496 23.06195483901567 19.007762117461144 15.042935022399323 11.372332471799456 8.220688134905123 5.673268399485217 3.8399074680811394 2.546585897740565 1.6966859333959259 1.1820693158172706 0.8452458837748257 0.6172504358387352 0.47834224173690965 0.37904346642165593 0.299512973796204 0.2498352096391131 0.21003143012421518 0.18016725447517254 0.16026761120514493 0.1403324109335755 0.13040792605094179 0.12045342716436477 0.11048282869524854 0.10049658257294401 0.10055211570535197 0.1006050503778683 0.10066151898622129 0.10070932645826391 0.09067899249181033 0.090718092512153 0.08067109594704562 0.080706124811783 0.09082738935587227 0.08076371927621288 0.07069443194774547 0.0707165584950978 0.06063209678584567 0.06065145581268385 0.060667484440906874 0.0606848456442796 0.060699357297361124 0.05059565698101893 0.05060661525158023 0.05061815913659167 0.060753587851325765 0.060766151412642515 0.07090763324381959 0.07092073593722815 0.07093176754279834 0.08107834770230948 0.08109103017638943 0.09124097823941112 0.10139320337776135 0.10140670800086589 0.11156137517778902 0.11157483012650697 0.12173168949964769 0.11159945536467951 0.12175727428080245 0.12177038826587173 0.12178158614903328 0.12179214426525031 0.1218022042350566 0.12181284750619346 0.13197375796515282 0.1319830389611741 0.1421462674500378 0.14215529572260147 0.15231856011322986 0.15232832563264948 0.16249252174537696 0.17265729777859098 0.19297959983126164 0.20314719908584272 0.23362985606808057 0.2641148218333555 0.30476038812139056 0.3758876235424749 0.4673374133292692 0.6095922533038705 0.8331379530718065 1.2192664161267717 1.879760690364957 2.9264182364490767 4.399913226006094 6.300278205028741 8.525921854918595 10.975237514745475 13.587224402878793 16.239999176681874 18.720103464007064 20.844586451702938 22.481247680819845 23.508183944659333 23.87445592734924 23.671589186591827 22.9604596469395 21.893583861287574 20.623340576586568 19.22094402658957 17.859125767738856 16.77171351473426 16.172199022567277 16.213030445611572 17.046723780376727 18.764813450504743 21.407940456751724 24.803337720331847 28.75788111921502 33.01743907711186 37.26692133960809 41.272443400900805 44.901879556137345 48.05355869974591 50.6766369219869 52.55766245102964 53.5542197236385 53.473174364816145 52.49750472547567 50.77968466003678 48.624719297368166 46.38836556223918 44.35530829443429 42.73904355456464 41.66159056595913 41.22458307755778 41.499213292302365 42.4855049754911 44.13259809478375 46.21686851195408 48.54512598122727 50.883570957595815 53.08984003944224 55.07246301039417 56.7704077833734 58.11253554413701 59.07849590776106 59.719104707308425 60.003889800331464 60.07516781142208 60.04477314514132 60.044873403242725 60.20763615143595 60.54321964656715 61.05164542969553 61.68207018983958 62.343000808384815 62.9530861623852 63.5123343128371 64.0004122112971 64.44782034009478 64.6410534536055 64.75295540213061 64.82418022982345 64.87506867608927 64.9361267332532 64.93617547598534 64.93622144385942 64.93627014478928 64.93631167601662 64.93635126088208 64.93639319928805 64.93642896355665 64.9364633982709 64.93649949511286 64.93653059074336 64.93656021425167 64.93659155010519 64.93661828768553 64.93664401567332 64.93666851339674 64.93669183968389 64.93671427162883 64.93673792773401 64.93675833293571 64.93677774297586 64.93679620638798 64.93681205229558 64.93682900613814 64.93684528063756 64.9368607459548 64.93687558272683 64.93688967475333 64.93690166264113 64.9369145664689 64.93692555069643 64.93693735360914 64.93694855285783 64.93695809204849 64.93696832464394 64.93697704572601 64.93698536224338 64.93699426820626 64.9370018630335 64.93700998259514 64.93701684095183 64.93702337788466 64.93702967179821 64.93703632951767 64.93704201026874 64.93704742207883 64.93705257768032 64.93705812953122 64.93706277821495 64.93706720681823 64.93707146819764 64.93707596896168 64.9370797730815 64.9370833971046 64.93708688428467 64.93709056735831 64.93709364902408 64.93709661612448 64.9370994427547 64.93710243277175 64.93710495835151 64.93710736556709 64.93710991590203 64.93711209077632 64.93711437398755 64.93711631993253 64.93711838483503 64.93712012662579 64.93712197785929 64.93712353829741 64.93712521503885 64.93712661354394 64.93712811890194 64.93712953459149 64.9371308664941 64.93713199876252 64.93713319658357 64.93713434640722 64.93713541816679 64.93713643765608 64.9371374074243 64.93713832089813 64.9371391902559 64.93714001762821 64.93714088243361 64.93714162073374 64.93714231672833 64.9371429797727 64.93714368114277 64.93714427356949 64.93714484397184 64.93714543646489 64.93714594662632 64.93714643287844 64.9371469480403 64.93714738289152 64.93714784856336 64.93714824163976 64.93714862033332 64.9371490215418
35.199017516703066 35.02700764489451 35.3696283073004 35.647930064969565 35.9180961033164 36.05006411428011 35.921008665973936 35.438568971175975 34.548049361612584 33.149149451181394 31.313112846324433 29.09282164924368 26.515039061265043 23.667836702526465 20.632592401422787 17.538492234061714 14.467051231428364 11.592855649129708 9.054049028010505 6.892884475120928 5.179232625248686 3.8756661325848 2.891535904101002 2.2159585572169664 1.7232929577755385 1.3633689942524776 1.111216455789584 0.9209450371226403 0.7847904230327436 0.6754629845992214 0.5936538835630615 0.5391587917938551 0.4841590657555676 0.4477512352479984 0.4205756836050497 0.39315360661966614 0.3847356832713628 0.35692794592171595 0.33859173715207364 0.3298066439852688 0.3306562903090884 0.3119774297044092 0.3127141317373235 0.31334315370187527 0.3042110166274172 0.3048463588524066 0.3152405478917423 0.31583936446250904 0.32630327860865105 0.33671424503879815 0.357111403561173 0.37748895311001146 0.4079085171092292 0.43832797471935736 0.47876668526542876 0.5293448562621124 0.5999357081204311 0.6606410459950948 0.7616242910469005 0.892781089402829 1.0643115191249657 1.2964076155885218 1.5793222964652616 2.013503872913262 2.609519811058036 3.448334331803056 4.570730674423365 6.078754525846999 7.951885651976565 10.150636867564497 12.665230594558508 15.415179818041324 18.339847158916722 21.329125942653363 24.228418753028453 26.906605147135156 29.18083809803318 30.95888337947603 32.0792061503199 32.58863427916868 32.58988007464171 32.14448806466589 31.391869867087593 30.41445257614464 29.34558112345944 28.335536950423613 27.498630426036044 26.98585578047217 26.890856858126618 27.294018353023944 28.156243101442826 29.415381536398435 31.001619386280638 32.84302518697084 34.858181814847384 36.975004187683055 39.07249600313291 41.088656314989414 42.911223991413536 44.47884988775062 45.69947990725235 46.55255215739949 47.03804250574481 47.14544690747775 46.90545079765441 46.35870894948859 45.56696957163788 44.60069131783364 43.56249097868506 42.52393605240175 41.577370357007275 40.824276203247905 40.40814514154801 40.40096305941063 40.80214725672173 41.60192767246941 42.729043385024475 44.08081616490083 45.524605617768216 46.91733518786867 48.259222485926685 49.5497416047913 50.78916406596701 51.90585575657125 52.828488247641175 53.546345449193296 54.12096146909175 54.63417998657607 55.23940877317261 56.18209280747711 57.57482601545006 59.305081219853776 61.229713750181666 63.13392400469948 64.85402114073669 66.21592141005891 67.13810995462195 67.54876216383063 67.52970220138734 67.090986676427 66.212415995342 64.92441021235052 63.39088493457773 61.71392363205462 60.07789199863163 58.63606992645649 57.59329324427685 57.0619432487219 57.12399834262185 57.72839170097799 58.80336604141496 60.3285399940793 62.26308223836787 64.627316240384 67.28830424759394 70.1744304057621 73.1424304242608 76.059360172018 78.77157564906643 81.12565974048506 82.9374066579791 84.15563546158091 84.69854157671801 84.59668521889638 83.80918215051418 82.4895297287813 80.72981214957687 78.66310523904374 76.41211706071581 74.15086092137572 71.99190607893202 70.09901940419523 68.48237677248544 67.2034174554457 66.23147100525466 65.57672012494683 65.20851806273835 65.13705862751036 65.35215201752679 65.86399411191903 66.69309379088041 67.82918248679121 69.31323346017963 71.07359503941373 73.07954891478232 75.26972953837141 77.60318347428347 79.92640483571564 82.19845781693714 84.26583233516847 86.06711024776047 87.49998027519675 88.50302317671462 89.03531262938763 89.1070571907036 88.76943703722125 88.09409003467346 87.10148340540316 86.64103764144323 85.99638362804396 85.22890726477368 84.3693198288912 83.46879817025612 83.46886082408959 83.46891991112477 83.46898251122565 83.46903589540187 83.4690867777275 83.46914068529051 83.46918665662679 83.4692309189559 83.46927731778145 83.46931728805743 83.46935536606979 83.46939564512806 83.46943001357302 83.46946308428925 83.46949457362552 83.46952455719942 83.4695533911872 83.4695837987087 83.46961002752379 83.46963497715979 83.46965871000153 83.46967907830697 83.46970087075032 83.46972178996702 83.46974166906219 83.4697607402263 83.46977885409565 83.46979426330833 83.46981084986885 83.46982496897816 83.46984014042413 83.4698545359213 83.4698667975824 83.46987995054499 83.46989116061054 83.46990185064928 83.46991329836038 83.46992306073972 83.46993349761186 83.46994231333306 83.46995071589656 83.46995880608343 83.46996736390585 83.4699746659346 83.46998162226704 83.46998824926932 83.46999538560999 83.47000136102096 83.47000705354084 83.47001253111145 83.47001831638667 83.4700232061965 83.47002786451024 83.47003234692617 83.4700370811434 83.47004104231189 83.47004485621821 83.47004848956438 83.47005233292774 83.4700555793041 83.47005867353533 83.47006195173196 83.47006474731207 83.4700676821483 83.470070183463 83.47007283768552 83.4700750765807 83.47007745615342 83.47007946193821 83.47008161721908 83.47008341485538 83.47008534984028 83.47008716956546 83.47008888159102 83.47009033700715 83.47009187668449 83.47009335466605 83.47009473230416 83.47009604275414 83.47009728929274 83.47009846347059 83.47009958094175 83.47010064444486 83.4701017560644 83.47010270507424 83.47010359970463 83.47010445198086 83.47010535352088 83.47010611502527 83.47010684821959 83.47010760980923 83.47010826556996 83.4701088905977 83.47010955278596 83.47011011174307 83.47011071031693 83.47011121557674 83.47011170234886 83.47011221806163
28.98810080425231 30.05203635488979 31.525802129188925 32.90845218407291 34.28254197729825 35.5669973769289 36.707835043890995 37.73677089964152 38.67031901538672 39.55645109486252 40.29903894672613 40.89786203194906 41.40154962008631 41.79010415012335 42.09316650012576 42.38471769026547 42.58769162747114 42.80905112435506 43.025077619461186 43.26106679632036 43.51000859365937 43.79331854769067 44.12674405496925 44.52598468980162 44.96611955308865 45.456999265538 45.98306382945581 46.521529861020305 47.06225417464404 47.60761902240462 48.17100595376363 48.678197515750924 49.160578219165835 49.59010262370151 49.974469279847355 50.293538162568275 50.56688561728446 50.80581467475628 51.04020353879388 51.23854751690944 51.45128758651113 51.66989746944775 51.913606806696535 52.180618711009274 52.48753803139164 52.801260107169114 53.14065645213533 53.50791044726759 53.86201727787889 54.171908186051034 54.49839337287927 54.772051860557994 55.04097821245909 55.257695184022545 55.43981828192555 55.586479471024475 55.71157160812675 55.81321022533942 55.87822211624903 55.92287938245184 55.954591245520675 55.97344059215712 55.98574422775061 55.97881843394469 55.97016949736762 55.94895619558354 55.93580052525962 55.91553441984869 55.8883319054301 55.88037157087892 55.94393842513646 56.09039434427653 56.33010955676248 56.64563876868319 57.01970962265745 57.36099846235472 57.627910362080414 57.79881753340685 57.88714492399329 57.93981036324514 58.01282198374189 58.05541117356433 58.13690031324377 58.36519625682882 58.837892760914976 59.603369316464395 60.64526763292945 61.93848622382909 63.381262066531725 64.7377452917616 65.81004182699652 66.53150520806167 66.94728587631596 67.09786882363439 66.95151433276529 66.46442447907037 65.64968661799593 64.61168355104547 63.46696408315424 62.384997544605575 61.63060408083375 61.511204120710744 62.06959902585013 63.32701473659546 65.15672876286095 67.34679070241236 69.69670154634711 72.02478093925481 74.16205797028259 75.8752712927404 77.04833643613617 77.67976150284267 77.73825175449123 77.23499495307718 76.21102509735566 74.67758228245357 72.80470250448508 70.78242817351908 68.77032364874931 66.98068940001747 65.57304352295147 64.68468790469183 64.27365881073315 64.29752250117113 64.72483604857567 65.57630429044272 66.8097654004756 68.48898893217465 70.53971909036059 72.93009962930029 75.55407862457106 78.22053733895018 80.79152076038656 83.09716880978652 85.01004770474933 86.3706731009613 87.13699905364511 87.29812831021461 86.85404291285465 85.91068565504327 84.51086338357382 82.79225673826832 80.94626931321545 79.1000290776315 77.3918331328753 75.91699897273779 74.78196917169481 73.94404766217099 73.43523671511379 73.14945685326975 73.07590498950105 73.17220369532032 73.44907885897352 73.92759254218757 74.59722158028197 75.50045357222689 76.6479009014051 78.07150973928287 79.73927353805101 81.60880462321667 83.65886211327322 85.762011150937 87.84398868657227 89.78784849372533 91.45559225460435 92.78350763223541 93.68662279016274 94.13312946239398 94.03795822310762 93.48611547325055 92.47759680929876 91.0867750145059 89.41976587124488 87.57219132347392 85.66090422413137 83.77079454432057 81.97626909084967 80.35161624151912 78.92874993748029 77.71824371505802 76.73076693926255 75.95565851325168 75.38234146992625 75.00017748052741 74.77728860277523 74.71371384729156 74.83067535907153 75.09631495684067 75.52125403851888 76.10549246703823 76.85963945160668 77.77310160378926 78.88834855462758 80.19477073266353 81.69234762009117 83.32798808993905 85.1016935594139 86.96036209009536 87.87380697289042 88.84036101046172 89.84938552754902 90.93275157725706 92.07984619680975 92.07991531431806 92.07998049705975 92.08004955529213 92.08010844684017 92.08016457843449 92.08022404736445 92.08027476132781 92.08032358997453 92.08037477552907 92.0804188693335 92.08046087565921 92.08050531010144 92.08054322416268 92.08057970661518 92.08061444454486 92.08064752137038 92.08067933001286 92.08071287452248 92.08074180922996 92.080769332792 92.08079551402938 92.08081798362848 92.08084202428648 92.08086510163155 92.08088703155106 92.08090807018941 92.08092805277381 92.08094505167597 92.0809633493869 92.08097892509234 92.08099566169861 92.08101154230543 92.08102506893925 92.08103957882557 92.08105194537613 92.08106373825136 92.08107636696414 92.0810871364781 92.08109865006884 92.08110837526282 92.0811176446757 92.08112656948568 92.08113601017477 92.0811440655164 92.081151739498 92.08115905017412 92.08116692273448 92.08117351459798 92.08117979438596 92.08118583704943 92.08119221916185 92.08119761342829 92.08120275231639 92.08120769716018 92.08121291978235 92.08121728960427 92.08122149697175 92.08122550515162 92.08122974501508 92.08123332630345 92.08123673975065 92.08124035614203 92.0812434401278 92.08124667773603 92.08124943709855 92.0812523651436 92.08125483501412 92.08125746007516 92.08125967278649 92.08126205041664 92.08126403350586 92.08126616811323 92.08126817557013 92.0812700642166 92.08127166978055 92.0812733682985 92.08127499875584 92.08127651851783 92.0812779641602 92.0812793392978 92.08128063460956 92.0812818673645 92.08128304058376 92.08128426688339 92.08128531379772 92.08128630072254 92.08128724092373 92.08128823547102 92.08128907553592 92.08128988437012 92.08129072452908 92.08129144794128 92.08129213744992 92.08129286795275 92.0812934845746 92.08129414490026 92.08129470228513 92.08129523927504 92.08129580819126
34.657624014343256 35.916016241210194 37.51210531072613 38.86832188535714 39.995732950719685 40.76701857283949 41.18919254267586 41.26854363277152 41.07321700895568 40.64140277734957 40.02318763639354 39.26364545417502 38.51725779460452 37.80877259508089 37.21743101780005 36.86248477496595 36.70624116421644 36.81655598373012 37.205961339880695 37.91026050051315 38.83285641998941 39.99153577966178 41.35889544263974 42.86466814221868 44.482685174915275 46.106191507188605 47.696089297425324 49.13356832558451 50.39775437435758 51.41386311779304 52.166137728064136 52.6150841878836 52.781231521196716 52.651061542169195 52.283232452069626 51.67596184478972 50.94226142758824 50.172536787680556 49.43093691110112 48.78105582313721 48.327261779041955 48.04689407417358 47.940382417494156 48.01088330787405 48.31014949297517 48.84072867583414 49.5799080811765 50.57582737166414 51.83328715193243 53.382563793943724 55.27041192761199 57.36176280134147 59.464288086457 61.25682395696125 62.69280035851861 63.83456142076365 64.71432282867632 65.35402990176085 65.73534539280764 65.76028013998574 65.35676143810038 64.55039293132486 63.45394377178133 62.518862650845094 62.220733751196605 62.69416182569455 63.74007917237112 64.85823734178217 65.635483703156 65.94315753515899 65.84706152929537 65.58860728693392 65.27450447495563 64.90864974068087 64.34887406451426 63.41082311250024 62.06783646998419 60.43994894219074 59.000590439051564 58.13428237141225 57.96625585039332 58.52614725902182 59.608175658250445 61.201616164961756 63.430723438765455 66.30451016506304 69.66661950691562 73.29688555701632 76.76820001488349 79.63120748756572 81.7272992177631 83.07924145064442 83.7578456146884 83.82814206654244 83.24947544085485 81.88484693126978 79.69666449036396 76.85851615903819 73.62706059894349 70.38061394205594 67.60574498319474 65.43792018357816 63.86408131896166 62.78961870460576 62.09326556313153 61.747987772382146 61.727588623259486 62.12552284958908 63.01018373906911 64.42234420688797 66.53859173483082 69.26320630516317 72.47505792806452 75.90425040872185 79.2518313514447 82.24775151947335 84.63520865348842 86.42661998532411 87.54112234935008 88.00578026312202 87.8073799634565 86.85011489051308 85.20211763631728 83.02571811382748 80.57855662590521 78.1307085953071 75.93979581847375 74.19550551677288 72.85726638348527 71.88445432238667 71.20946447482535 70.7239183081376 70.41433569089418 70.22655733495158 70.20121231622092 70.32459761009524 70.62419098456178 71.18107955842474 71.99529622996984 73.13442418477625 74.6258775300998 76.48293958414747 78.70590013938039 81.21322666145545 83.89681449380502 86.6480219910098 89.23681880716553 91.5274380682062 93.34390045229134 94.57792180186553 95.20213666471597 95.20309036639821 94.55379929818287 93.30820513438432 91.61544552227532 89.55681239138804 87.3084197092727 85.03294531983384 82.87925885011651 80.98295287175546 79.45242302402096 78.26057581415766 77.39393496504475 76.82529204595886 76.5276084091388 76.44669963002954 76.54191311741825 76.7861990178987 77.19302369191041 77.6946847728803 78.3453833859315 79.10450445787296 79.98553020340086 80.97494904583041 82.12699427922854 83.42805026545348 84.90528150867642 86.54508402153274 88.38816341359446 90.380265840735 92.49434460821604 94.66259739180273 96.81732272913756 98.83654254385209 99.99608471209609 99.99628123744769 99.99646613223439 99.9966418344401 99.99680880107069 99.99696594982022 99.99709800076613 99.99723952854424 98.36372655592578 96.06026138743171 93.58061241348076 91.03319798159211 88.53997561877327 86.20935147342963 84.84081599586042 83.51293462229256 82.30699456379797 81.19590407883456 80.19322080075642 80.19328099585701 80.19333776413164 80.19339790760827 80.19344919682203 80.19349808236564 80.19354987442686 80.19359404170373 80.19363656704027 80.19368114503041 80.19371954674743 80.19375613045918 80.19379482884091 80.19382784856032 80.19385962147794 80.19388987507394 80.19391868199837 80.19394638445004 80.19397559868506 80.1940007981992 80.19402476873324 80.19404757022386 80.19406713921313 80.19408807645266 80.19410817473371 80.19412727371085 80.19414559646269 80.194162999487 80.19417780399385 80.19419373964573 80.19420730467691 80.19422188074778 80.1942357113205 80.19424749179556 80.19426012859466 80.1942708987421 80.1942811692702 80.19429216773722 80.19430154701017 80.19431157430672 80.19432004407139 80.19432811689194 80.19433588959451 80.19434411158115 80.19435112705538 80.19435781039954 80.19436417733746 80.19437103362576 80.19437677454286 80.19438224367042 80.19438750628396 80.19439306452685 80.1943977624452 80.19440223795212 80.19440654446399 80.19441109289569 80.1944148986155 80.19441856285218 80.19442205361445 80.19442574615219 80.19442886513055 80.19443183793445 80.19443498748437 80.19443767335714 80.19444049302119 80.19444289617647 80.19444544623897 80.19444759727288 80.1944498834637 80.19445181053521 80.1944538812361 80.19445560832753 80.19445746737753 80.194459215691 80.19446086053132 80.19446225883235 80.19446373808792 80.19446515806885 80.19446648164413 80.19446774066793 80.19446893828845 80.19447006638788 80.19447114000597 80.19447216177387 80.19447322976998 80.19447414153771 80.19447500106 80.19447581989023 80.194476686051 80.19447741767156 80.19447812209303 80.19447885379552 80.19447948382215 80.19448008432182 80.19448072052374 80.19448125754562 80.19448183262956 80.1944823180614 80.19448278573105 80.19448328120565
50.0 50.0 50.0 50.0 50.0 50.0 50.0 50.0 50.0 50.0 50.0 50.0 50.0 50.0 50.0 50.0 50.0 50.0 50.0 50.0 50.0 50.0 50.0 50.0 50.0 50.0 50.0 50.0 50.0 50.0 50.0 50.0 50.0 50.0 50.0 50.0 50.0 50.0 50.0 50.0 50.0 50.0 50.0 50.0 50.0 50.0 50.0 50.0 50.0 50.0 50.0 50.0 50.0 50.0 50.0 50.0 50.0 50.0 50.0 50.0 50.0 50.0 50.0 50.0 50.0 50.0 50.0 50.0 50.0 50.0 50.0 50.0 50.0 50.0 50.0 50.0 50.0 50.0 50.0 50.0 50.0 50.0 50.0 50.0 50.0 50.0 50.0 50.0 50.0 50.0 50.0 50.0 50.0 50.0 50.0 50.0 50.0 50.0 50.0 50.0 50.0 50.0 50.0 50.0 50.0 50.0 50.0 50.0 50.0 50.0 50.0 50.0 50.0 50.0 50.0 50.0 50.0 50.0 50.0 50.0 50.0 50.0 50.0 50.0 50.0 50.0 50.0 50.0 50.0 50.0 50.0 50.0 50.0 50.0 50.0 50.0 50.0 50.0 50.0 50.0 50.0 50.0 50.0 50.0 50.0 50.0 50.0 50.0 50.0 50.0 50.0 50.0 50.0 50.0 50.0 50.0 50.0 50.0 50.0 50.0 50.0 50.0 50.0 50.0 50.0 50.0 50.0 50.0 50.0 50.0 50.0 50.0 50.0 50.0 50.0 50.0 50.0 50.0 50.0 50.0 50.0 50.0 50.0 50.0 50.0 50.0 50.0 50.0 50.0 50.0 50.0 50.0 50.0 50.0 50.0 50.0 50.0 50.0 50.0 50.0 50.0 50.0 50.0 50.0 50.0 50.0 50.0 50.0 50.0 50.0 50.0 50.0 50.0 50.0 50.0 50.0 50.0 50.0 50.0 50.0 50.0 50.0 50.0 50.0 50.0 50.0 50.0 50.0 50.0 50.0 50.0 50.0 50.0 50.0 50.0 50.0 50.0 50.0 50.0 50.0 50.0 50.0 50.0 50.0 50.0 50.0 50.0 50.0 50.0 50.0 50.0 50.0 50.0 50.0 50.0 50.0 50.0 50.0 50.0 50.0 50.0 50.0 50.0 50.0 50.0 50.0 50.0 50.0 50.0 50.0 50.0 50.0 50.0 50.0 50.0 50.0 50.0 50.0 50.0 50.0 50.0 50.0 50.0 50.0 50.0 50.0 50.0 50.0 50.0 50.0 50.0 50.0 50.0 50.0 50.0 50.0 50.0 50.0 50.0 50.0 50.0 50.0
50.0 50.0 50.0 50.0 50.0 50.0 50.0 50.0 50.0 50.0 50.0 50.0 50.0 50.0 50.0 50.0 50.0 50.0 50.0 50.0 50.0 50.0 50.0 50.0 50.0 50.0 50.0 50.0 50.0 50.0 50.0 50.0 50.0 50.0 50.0 50.0 50.0 50.0 50.0 50.0 50.0 50.0 50.0 50.0 50.0 50.0 50.0 50.0 50.0 50.0 50.0 50.0 50.0 50.0 50.0 50.0 50.0 50.0 50.0 50.0 50.0 50.0 50.0 50.0 50.0 50.0 50.0 50.0 50.0 50.0 50.0 50.0 50.0 50.0 50.0 50.0 50.0 50.0 50.0 50.0 50.0 50.0 50.0 50.0 50.0 50.0 50.0 50.0 50.0 50.0 50.0 50.0 50.0 50.0 50.0 50.0 50.0 50.0 50.0 50.0 50.0 50.0 50.0 50.0 50.0 50.0 50.0 50.0 50.0 50.0 50.0 50.0 50.0 50.0 50.0 50.0 50.0 50.0 50.0 50.0 50.0 50.0 50.0 50.0 50.0 50.0 50.0 50.0 50.0 50.0 50.0 50.0 50.0 50.0 50.0 50.0 50.0 50.0 50.0 50.0 50.0 50.0 50.0 50.0 50.0 50.0 50.0 50.0 50.0 50.0 50.0 50.0 50.0 50.0 50.0 50.0 50.0 50.0 50.0 50.0 50.0 50.0 50.0 50.0 50.0 50.0 50.0 50.0 50.0 50.0 50.0 50.0 50.0 50.0 50.0 50.0 50.0 50.0 50.0 50.0 50.0 50.0 50.0 50.0 50.0 50.0 50.0 50.0 50.0 50.0 50.0 50.0 50.0 50.0 50.0 50.0 50.0 50.0 50.0 50.0 50.0 50.0 50.0 50.0 50.0 50.0 50.0 50.0 50.0 50.0 50.0 50.0 50.0 50.0 50.0 50.0 50.0 50.0 50.0 50.0 50.0 50.0 50.0 50.0 50.0 50.0 50.0 50.0 50.0 50.0 50.0 50.0 50.0 50.0 50.0 50.0 50.0 50.0 50.0 50.0 50.0 50.0 50.0 50.0 50.0 50.0 50.0 50.0 50.0 50.0 50.0 50.0 50.0 50.0 50.0 50.0 50.0 50.0 50.0 50.0 50.0 50.0 50.0 50.0 50.0 50.0 50.0 50.0 50.0 50.0 50.0 50.0 50.0 50.0 50.0 50.0 50.0 50.0 50.0 50.0 50.0 50.0 50.0 50.0 50.0 50.0 50.0 50.0 50.0 50.0 50.0 50.0 50.0 50.0 50.0 50.0 50.0 50.0 50.0 50.0 50.0 50.0
50.0 50.0 50.0 50.0 50.0 50.0 50.0 50.0 50.0 50.0 50.0 50.0 50.0 50.0 50.0 50.0 50.0 50.0 50.0 50.0 50.0 50.0 50.0 50.0 50.0 50.0 50.0 50.0 50.0 50.0 50.0 50.0 50.0 50.0 50.0 50.0 50.0 50.0 50.0 50.0 50.0 50.0 50.0 50.0 50.0 50.0 50.0 50.0 50.0 50.0 50.0 50.0 50.0 50.0 50.0 50.0 50.0 50.0 50.0 50.0 50.0 50.0 50.0 50.0 50.0 50.0 50.0 50.0 50.0 50.0 50.0 50.0 50.0 50.0 50.0 50.0 50.0 50.0 50.0 50.0 50.0 50.0 50.0 50.0 50.0 50.0 50.0 50.0 50.0 50.0 50.0 50.0 50.0 50.0 50.0 50.0 50.0 50.0 50.0 50.0 50.0 50.0 50.0 50.0 50.0 50.0 50.0 50.0 50.0 50.0 50.0 50.0 50.0 50.0 50.0 50.0 50.0 50.0 50.0 50.0 50.0 50.0 50.0 50.0 50.0 50.0 50.0 50.0 50.0 50.0 50.0 50.0 50.0 50.0 50.0 50.0 50.0 50.0 50.0 50.0 50.0 50.0 50.0 50.0 50.0 50.0 50.0 50.0 50.0 50.0 50.0 50.0 50.0 50.0 50.0 50.0 50.0 50.0 50.0 50.0 50.0 50.0 50.0 50.0 50.0 50.0 50.0 50.0 50.0 50.0 50.0 50.0 50.0 50.0 50.0 50.0 50.0 50.0 50.0 50.0 50.0 50.0 50.0 50.0 50.0 50.0 50.0 50.0 50.0 50.0 50.0 50.0 50.0 50.0 50.0 50.0 50.0 50.0 50.0 50.0 50.0 50.0 50.0 50.0 50.0 50.0 50.0 50.0 50.0 50.0 50.0 50.0 50.0 50.0 50.0 50.0 50.0 50.0 50.0 50.0 50.0 50.0 50.0 50.0 50.0 50.0 50.0 50.0 50.0 50.0 50.0 50.0 50.0 50.0 50.0 50.0 50.0 50.0 50.0 50.0 50.0 50.0 50.0 50.0 50.0 50.0 50.0 50.0 50.0 50.0 50.0 50.0 50.0 50.0 50.0 50.0 50.0 50.0 50.0 50.0 50.0 50.0 50.0 50.0 50.0 50.0 50.0 50.0 50.0 50.0 50.0 50.0 50.0 50.0 50.0 50.0 50.0 50.0 50.0 50.0 50.0 50.0 50.0 50.0 50.0 50.0 50.0 50.0 50.0 50.0 50.0 50.0 50.0 50.0 50.0 50.0 50.0 50.0 50.0 50.0 50.0 50.0