4 302 9
300.00980000000004 300.01 301.04 301.96 302.98 303.99 305.01 306.01 307.02 308.02 309.01 310.0 310.99 311.98 312.96 314.05 315.02 316.0 316.97 318.05 319.02 319.98 320.95 322.03 323.0 323.97 325.04 326.02 326.99 327.96 329.05 330.03 331.01 332.0 332.99 333.98 334.97 335.97 336.98 337.99 339.0 340.02 341.04 341.95 342.98 344.02 344.95 345.99 347.04 347.98 349.03 349.98 351.04 352.0 352.95 354.03 354.99 355.95 357.04 358.01 358.98 359.95 361.05 362.02 363.0 363.98 364.95 366.06 367.04 368.02 368.99 369.97 370.95 372.05 373.03 374.0 374.98 375.95 377.04 378.0 378.97 380.05 381.01 381.96 383.04 383.98 385.05 385.99 387.04 387.98 389.02 389.95 390.99 392.02 393.05 393.96 394.98 395.99 397.0 398.01 399.01 400.0 401.0 401.98 402.97 403.95 405.04 406.02 406.99 407.96 409.04 410.01 410.97 412.05 413.01 413.98 415.05 416.02 416.98 417.95 419.03 420.0 420.98 421.95 423.04 424.03 425.01 426.0 427.0 427.99 429.0 430.0 431.01 432.03 433.05 433.96 434.99 436.02 437.06 437.99 439.03 439.97 441.02 441.97 443.03 443.98 445.05 446.0 446.96 448.04 449.01 449.97 451.06 452.03 453.0 453.98 454.95 456.05 457.02 458.0 458.98 459.95 461.05 462.03 463.0 463.98 464.95 466.04 467.01 467.98 468.95 470.03 470.99 471.95 473.03 473.98 475.04 475.99 477.05 477.99 479.04 479.97 481.01 482.05 482.96 483.99 485.01 486.03 487.05 488.06 488.95 489.95 490.95 492.05 493.04 494.02 495.0 495.98 496.95 498.03 499.0 499.97 501.04 502.01 502.97 504.04 505.0 505.96 507.03 507.99 508.96 510.03 511.0 511.97 513.05 514.02 515.0 515.98 516.96 517.95 519.05 520.05 521.05 522.05 522.95 523.96 524.98 526.0 527.03 528.06 528.98 530.02 530.95 532.0 533.05 533.99 535.05 536.0 536.95 538.02 538.98 540.06 541.02 541.98 542.95 544.03 545.0 545.97 546.94 548.04 549.01 549.98 550.96 552.05 553.02 553.99 554.97 556.06 557.02 557.99 558.96 560.04 561.0 561.96 563.03 563.99 565.05 566.0 567.06 568.0 569.05 569.98 571.03 571.95 572.99 574.02 575.04 575.95 576.96 577.98 578.98 579.98 580.98 581.97 582.96 583.95 585.04 586.02 586.99 587.96 589.04 590.0 590.97 592.03 592.99 593.95 595.02 595.97 597.04 597.99 598.95 600.02
0.0 13.54 26.89 39.77 51.58 60.9 70.0 80.0 90.0
71.04621016395508 71.04640116776291 72.01828385346005 72.86622769671244 73.78380616888882 74.6687911250516 75.53851734100292 76.36764030081241 77.18133551154482 77.96350007421718 78.7148996341819 79.44358638507431 80.14972241721287 80.83351346454663 81.48863126151679 82.19218038521053 82.79637466926383 83.38620033031759 83.9499753586079 84.55469490631351 85.07760724218844 85.57671080199597 86.0628242770298 86.58308345197726 87.03199759835246 87.46401013135127 87.92150344746943 88.32348667487035 88.70581620544317 89.0731366507707 89.46856084454765 89.8089302791267 90.1354393507316 90.45167684330286 90.75470945707075 91.04499891710968 91.32299884563508 91.59178361798111 91.85144626538978 92.09969055317852 92.33695734246406 92.56586954226188 92.7844541505615 92.9710893349243 93.17318282103754 93.3677742527981 93.53405936521106 93.71173239951312 93.88261661152673 94.02866297110008 94.18438485663707 94.31881549645519 94.46188429454403 94.63485392019255 94.78145726232954 94.92797769049743 95.06505074533816 95.22718711895325 95.387836663522 95.51170633330352 95.63135424502585 95.68712173062549 95.71963930440285 95.65723219329516 95.51180703874249 95.31256520006804 95.06892231465122 94.8306808277811 94.58038985086938 94.3971323303621 94.28064105418606 94.24233419810044 94.28189684472139 94.31470444104325 94.30919399922125 94.25078463164347 94.07996387313912 93.8462325369816 93.59471924629234 93.3968568894018 93.2681875349904 92.94962305861169 91.84839761970316 89.53346338536596 85.51262164867514 80.10088546824176 73.54617879987164 66.39839849314414 58.884169959100774 51.0810741650336 43.04248674648863 34.766390588277154 26.568350709308213 19.054811740698533 12.712302700861656 8.10839040066825 4.991386666129482 3.139091082422632 2.005266074335373 1.337033128041069 0.9421260785788992 0.6788211563073867 0.5167769302958024 0.405360836491052 0.32432375597313584 0.26353992120072883 0.23315657840496956 0.20276349500070853 0.19264202031660146 0.18251804126889837 0.17239321276535344 0.1622645338277271 0.15213369844606145 0.15214513722473982 0.15215480056513378 0.1420198320949225 0.14202893733743047 0.1318912975511117 0.12175215498617538 0.12175826170413662 0.1116176619002796 0.11162271539303104 0.11162757849748195 0.10148378484353665 0.10148823389313606 0.09134286322244084 0.1014956856071719 0.10149916259287715 0.10150250447892324 0.09135508731470217 0.09135783704351538 0.08120926779355889 0.08121147854673591 0.08121360082683138 0.08121561768712794 0.08121733232605237 0.07106678365248928 0.07106832037686711 0.07106979383122428 0.06091804126211091 0.06091918583745079 0.06092017040959394 0.06092121688064911 0.060922117521487844 0.06092307324843956 0.05076990651924604 0.050770633463217106 0.05077124709719225 0.05077183829203052 0.040617976278560154 0.040618407733918754 0.04061881463491009 0.04061925357729606 0.040619624585973894 0.05077497254552198 0.0507753976829365 0.05077579846595496 0.05077623005937605 0.050776591447382086 0.050776939194202425 0.05077727031658963 0.05077758246919689 0.050777918617479156 0.0507782029162547 0.050778470927263515 0.040622983056659595 0.040623177551323816 0.04062338514387707 0.04062356060615106 0.050779659703729954 0.05077985875930888 0.05078006932251626 0.05078024718043017 0.06093650004477229 0.060936717529544396 0.06093689936525018 0.06093709231792432 0.06093725676940549 0.060937431274925534 0.06093757847494567 0.07109402407896183 0.08125048906648819 0.08125067625296813 0.09140721069970696 0.09140737729859869 0.09140755694430196 0.10156413995377184 0.11172075025156358 0.12187738559367312 0.14219050665000163 0.15234717259243677 0.17266037330723077 0.19297361820121858 0.23359997134318922 0.27422638246446673 0.34532250183073754 0.4468884248318342 0.5789242349307133 0.7820563014569288 1.1172244302612788 1.6961512968043118 2.7727526283096173 5.0783059420369305 9.222210513163024 15.113060526163038 21.410185135950176 26.894784867092774 30.652760652867062 33.55758336828844 37.02102262250327 41.15480472257125 46.090969310795685 51.768572735595576 51.7685963519904 51.76862133349769 51.76864264917871 51.768663159994354 51.76868269002106 51.76870128615766 51.76871916930852 51.768738028381996 51.76875429577661 51.76876976981051 51.76878448917547 51.76879712181865 51.76881063772755 51.76882361205185 51.76883594128153 51.768847769423644 51.76885900384119 51.76886856080144 51.76887884796554 51.76888760478973 51.7688970142845 51.76890594252744 51.76891354734218 51.76892170495174 51.76892865755556 51.76893528763313 51.76894238762728 51.768948442360454 51.76895491542136 51.768960383026936 51.76896559438762 51.768970612008964 51.76897591966292 51.76898044846008 51.76898476285265 51.76898887299108 51.768993299026704 51.768997005041165 51.769000535603524 51.76900393285201 51.76900752094224 51.76901055365514 51.769013442791675 51.76901622283448 51.769019159047176 51.76902161580668 51.76902398123261 51.76902623467317 51.769028618368665 51.769030631806366 51.769032550882024 51.76903458405501 51.769036317904 51.76903813812115 51.76903968946356 51.769041335641056 51.76904272422805 51.76904420006477 51.76904544407417 51.76904678080266 51.76904789571613 51.76904909581467 51.76905022442789 51.76905128624466 51.76905218890947 51.769053143834 51.769054060494135 51.76905491492018 51.76905572767542 51.76905650079213 51.769057229029926 51.76905792209762 51.76905858169374 51.76905927113219 51.76905985971836 51.769060414577794 51.769060943168725 51.76906150231359 51.76906197460684 51.76906242934188 51.76906290168802 51.76906330839791 51.76906369604686 51.76906410674318 51.769064453414416 51.7690648246564 51.76906513802399 51.76906543992532 51.769065759775955
70.84189413879645 70.84208459331195 71.81117232053342 72.65667763096033 73.57161731373789 74.4540572135472 75.32128225451663 76.14802080695063 76.95937597771801 77.73929117685506 78.4885298478569 79.21512102770922 79.91922634058808 80.60105092878901 81.25428472569808 81.95581056961204 82.55826730039885 83.14639672974194 83.7085504432204 84.31153092709646 84.83293946185763 85.33060769027668 85.8153231910517 86.33408619489542 86.78170934553962 87.21247948878454 87.66865713703427 88.06948433352217 88.4507143536523 88.81697845194634 89.21126547740229 89.5506560711706 89.8762261618568 90.19155421270924 90.49371535959668 90.78316999975594 91.06037045086714 91.32838224691812 91.58729815160993 91.8348285338148 92.07141298681277 92.29966687660834 92.51762287518726 92.79118683975285 93.05132635752857 93.27494286076744 93.48017159496194 93.71651712830537 93.93647843056414 94.10226645798674 94.26795545633432 94.36306829962936 94.41733620125177 94.39250732946701 94.28142965063857 94.12990515042044 93.9584401342061 93.79154774895308 93.63225351086716 93.49554207056393 93.41399244603716 93.35805592072602 93.37833717650797 93.3639872874104 93.30676040384371 93.22595206118042 93.09098639617254 92.93139616229789 92.6096794775943 92.07401276041335 91.15298098223575 89.66638513745798 87.42200293546658 84.14238441995813 79.8861994144896 74.63746805744789 68.47655125130144 61.54314152307371 54.14197300090457 46.52941514174044 38.890624321396785 31.4892635689731 24.54529261573464 18.30335517608643 13.067900584024123 8.859024375628673 5.719090891186745 3.5575996359237316 2.2543931933860932 1.45606695277567 0.9709327309974497 0.6878775870939584 0.5058969389715605 0.3845564611423796 0.3036533064878099 0.25308378272304916 0.21262570352521937 0.1721524938243242 0.16204997649349628 0.14181378423433638 0.12157086214239411 0.11145393986197219 0.10133398350306191 0.10134538334592574 0.10135634852459864 0.09123001511829665 0.09123984113537201 0.09124823145994321 0.10139571380153897 0.09126368013281083 0.1014129498877094 0.10142051170119604 0.1115704084590908 0.10143527029553157 0.11158588413652652 0.11159270833556503 0.11159986281995307 0.1116060267809125 0.10146530950117971 0.1014703986926445 0.10147578260826853 0.10148037692715255 0.10148479815692624 0.091340069757643 0.09134407410672588 0.09134752700163301 0.08120069421491596 0.09135391043869015 0.0812061495908431 0.0812086681938057 0.08121111252199124 0.07106173740063922 0.07106367190843607 0.07106552899833396 0.06091482329245551 0.0609161093373083 0.060917496151421224 0.060918813410998224 0.060920076436359986 0.060921151612315 0.06092229624609455 0.06092328086850793 0.05077027282749481 0.05077102339984781 0.050771819879638795 0.05077249872651062 0.05077322570759795 0.050773839372903994 0.05077443059792745 0.050775062686368624 0.06093072243972408 0.050776110685311994 0.05077665939130883 0.05077712317583479 0.05077756501144747 0.05077799017056863 0.05077839097405024 0.05077882258950762 0.05077918399596538 0.05077953176054096 0.0507798628998346 0.05078017506837973 0.060936613480590034 0.060936954656539546 0.06093727628617103 0.06093758577424523 0.07109419045299355 0.07109455375851041 0.07109486083316771 0.08125160385435538 0.08125192235954307 0.08125225927787635 0.09140911184820184 0.10156601889573992 0.12187965766664077 0.1320366898030057 0.15235050910209055 0.18282110430214188 0.22344865625552762 0.2640763225649456 0.3351746545430059 0.43674367682997084 0.5992543325002699 0.8531775258005935 1.3203961964807933 2.173579549077476 3.615867991729648 5.728520029899682 8.481067751370635 11.660216861654725 14.951099203881085 18.17089288859213 21.35006611170521 24.580034535559665 27.728749927761477 30.38993172944948 32.05572454253991 32.57376870388368 32.02531712186408 30.593198163881553 28.67353046909899 26.63197285988415 24.69198414786814 22.87387496526482 21.126862170359942 19.603305081322798 18.668858955286492 18.79075632269175 18.49621046643662 18.61810678618767 19.05487553322415 19.735417772773854 20.649574650028615 20.649584070193825 20.64959403487843 20.6496025373293 20.649610718733506 20.64961850891823 20.649625926590584 20.64963305986545 20.649640582418712 20.649647071196778 20.649653243517193 20.649659114813414 20.64966415375296 20.64966954501169 20.649674720241837 20.649679638155064 20.64968435619326 20.649688837405154 20.649692649508783 20.649696752877908 20.649700245821318 20.649703999103558 20.64970756042289 20.649710593849957 20.649713847777168 20.64971662104875 20.649719265670274 20.64972209773327 20.64972451286002 20.649727094850352 20.64972927578221 20.64973135450248 20.64973335594353 20.649735473073495 20.64973727953116 20.649739000466596 20.649740639928645 20.649742405396537 20.649743883660634 20.649745291939965 20.649746647042733 20.64974807826892 20.649749287964845 20.64975044039068 20.649751549300937 20.649752720504626 20.649753700462853 20.649754643989716 20.64975554284759 20.64975649366187 20.649757296786813 20.649758062272394 20.6497588732694 20.649759564871317 20.649760290923975 20.649760909727224 20.64976156635852 20.64976212024149 20.649762708926843 20.64976320514035 20.64976373833787 20.64976418305728 20.649764661755512 20.649765111939512 20.649765535479574 20.649765895536717 20.64976627643934 20.649766642078976 20.649766982894523 20.649767307088315 20.649767615470996 20.649767905952267 20.6497681824048 20.64976844550611 20.649768720511002 20.64976895528769 20.649769176611375 20.649769387457013 20.649769610490083 20.649769798879568 20.64976998026539 20.649770168675968 20.649770330905405 20.649770485531764 20.649770649351314 20.649770787632384 20.64977093571429 20.64977106071112 20.649771181134263 20.649771308717064
70.61283323924613 70.61302307794405 71.57897734707213 72.42174879204647 73.33373009956713 74.21331670924768 75.07773765596734 75.90180302357454 76.71053475029755 77.4879281637136 78.23474423879189 78.9589860513484 79.66081470296197 80.36580800707706 81.04271424365747 81.79401307935257 82.42993306320794 83.01714826379899 83.59599584700875 84.20701269583931 84.72777485759295 85.17110173071954 85.61889144011603 86.0911701546435 86.45557679369874 86.81151574239539 87.1368043616196 87.3965778464907 87.66351734629701 87.82148379921685 88.00540332144124 88.07709334777338 88.06721913011596 87.8935288606829 87.48529797092186 86.71724486344633 85.47229054661241 83.74966704341792 81.48833939440594 78.72123530429063 75.58118963966359 72.21403596294643 68.6857262700712 65.09815578577869 61.58382245223606 58.28342815013864 55.33379039520635 52.81109216111326 50.6284268492996 48.641118869026975 46.61276654385739 44.360135854019845 41.620441167652 38.527731374329576 35.09730447391861 31.38372869784394 27.45579486486501 23.388450807510473 19.264186989483107 15.237193491994475 11.510951585541864 8.316476905741265 5.736216413314037 3.88058070896169 2.572388022228852 1.7128600947549864 1.1928254929353916 0.8526672087946193 0.6223427070158847 0.4821068888519936 0.38188701377718726 0.3016563471160559 0.2515126259446707 0.2113891898710647 0.181276787624875 0.1612070977632184 0.14111703279668247 0.13109053091394915 0.12105918721767452 0.11101125365717723 0.10095464909526611 0.10099204563963639 0.10102365499299684 0.10105349464307611 0.10108575968780642 0.0910012266613603 0.0910272684664194 0.0809324763964815 0.0809530511696303 0.0910919074528444 0.08098905461854668 0.07087918582654673 0.07089384331474961 0.06077797135184536 0.06078920223190984 0.060798657893827136 0.060808760776732106 0.06081827263229206 0.0506894323552284 0.050696601688880676 0.050703354000432944 0.06085165918788492 0.06085899825082198 0.07101015220812783 0.07101783523206878 0.07102507666380144 0.0811802588439145 0.08118772409935553 0.09134410819893772 0.10150183686254716 0.10151070625516123 0.11167010289359082 0.11167795604407038 0.1218396578143181 0.11169344663918686 0.1218548480905839 0.1218626605061196 0.12186939130903272 0.12187573960841716 0.12188185252500736 0.12188831945150563 0.13205165777761077 0.13205741091667775 0.14222151445664896 0.14222774944850403 0.15239263478128343 0.15239806332596761 0.16256350303840128 0.17272940895129268 0.19305650333477936 0.20322348864229703 0.23371363556152464 0.2642052150495924 0.30486013783975896 0.3760035074496134 0.4674736892538702 0.6097621718403705 0.8333596547494999 1.2195759991245012 1.880212848531497 2.927089051475092 4.400868206275955 6.301582351089281 8.527589926419763 10.977284387275109 13.589653203990263 16.24276496800113 18.72311307010528 20.847748132557555 22.484540690080966 23.511435373479358 23.87761130596597 23.67456691561513 22.963218182242233 21.89606124983393 20.625571152664293 19.222899413429353 17.860878558017298 16.77328364814934 16.17362245275402 16.2143909723069 17.048088288499905 18.766236921586213 21.409488750566187 24.80504666352688 28.75976779015698 33.0195026578177 37.26912417816259 41.2747675175742 44.90428529372364 48.05600829743746 50.67911883145591 52.560072629093405 53.55655453793455 53.47541425486556 52.499593771357596 50.781623013024785 48.62645812946807 46.38995689900294 44.356754517825834 42.740379268173726 41.66281001007596 41.2257403134142 41.50033045869569 42.48657449299318 44.13366411779717 46.217923992337916 48.546188921105625 50.88462434528104 53.09089428956409 55.07348796397217 56.771421828379665 58.113517917442394 59.07944841773062 59.72003038078983 60.00476982781568 60.07600250302693 60.04556348455589 60.0456215314555 60.20835325662074 60.54391362430972 61.05230957528853 61.68271189770585 62.3436085828624 62.95366888686044 63.5128980107247 64.00095224683336 64.44833734816525 64.64155126993478 64.75342352730426 64.8246266834782 64.87549761677082 64.93653059074336 64.93656021425167 64.93659155010519 64.93661828768553 64.93664401567332 64.93666851339674 64.93669183968389 64.93671427162883 64.93673792773401 64.93675833293571 64.93677774297586 64.93679620638798 64.93681205229558 64.93682900613814 64.93684528063756 64.9368607459548 64.93687558272683 64.93688967475333 64.93690166264113 64.9369145664689 64.93692555069643 64.93693735360914 64.93694855285783 64.93695809204849 64.93696832464394 64.93697704572601 64.93698536224338 64.93699426820626 64.9370018630335 64.93700998259514 64.93701684095183 64.93702337788466 64.93702967179821 64.93703632951767 64.93704201026874 64.93704742207883 64.93705257768032 64.93705812953122 64.93706277821495 64.93706720681823 64.93707146819764 64.93707596896168 64.9370797730815 64.9370833971046 64.93708688428467 64.93709056735831 64.93709364902408 64.93709661612448 64.9370994427547 64.93710243277175 64.93710495835151 64.93710736556709 64.93710991590203 64.93711209077632 64.93711437398755 64.93711631993253 64.93711838483503 64.93712012662579 64.93712197785929 64.93712353829741 64.93712521503885 64.93712661354394 64.93712811890194 64.93712953459149 64.9371308664941 64.93713199876252 64.93713319658357 64.93713434640722 64.93713541816679 64.93713643765608 64.9371374074243 64.93713832089813 64.9371391902559 64.93714001762821 64.93714088243361 64.93714162073374 64.93714231672833 64.9371429797727 64.93714368114277 64.93714427356949 64.93714484397184 64.93714543646489 64.93714594662632 64.93714643287844 64.9371469480403 64.93714738289152 64.93714784856336 64.93714824163976 64.93714862033332 64.9371490215418
36.882643992310676 36.54601694887092 36.85632081174622 37.16747584599518 37.52671702356445 37.85885877969993 38.14866811812736 38.39848576223198 38.62878366267836 38.83139156666754 38.99838041543821 39.166953736010825 39.36314140168064 39.54571995799836 39.66881950057243 39.68235360362235 39.37235461717846 38.69554696217084 37.57784020414517 35.951646803699205 33.844224265682165 31.338816611621745 28.471204623138703 25.351295428243485 22.036150374959547 18.663416096996755 15.362567501291 12.279267161635204 9.566968966494398 7.2612270844416305 5.446538804753167 4.067338253883469 3.0283674897260013 2.3149691524524174 1.797005193585212 1.4191886287734292 1.1542070498140882 0.9550234228716182 0.8126201691649768 0.6984140696158633 0.6126866555727225 0.5557097966609789 0.4983881474563593 0.4602227569996292 0.4317833784389148 0.4031838939660861 0.39405068486467787 0.36518926515977607 0.3460792348879632 0.33671424503879815 0.3372718811411079 0.3178854341979044 0.31836762310964234 0.31878398161407806 0.30920348423392274 0.30961680271934866 0.31996571099756327 0.3203108101794399 0.3307052842703647 0.3410624386482718 0.3614642895141392 0.381887514669487 0.4124344850641765 0.44297085204091774 0.4836175711613349 0.5343909929402398 0.605394791314353 0.6664415260895382 0.7679076360231499 0.8998074514076098 1.0722958810089473 1.3056849616069146 1.58992600991161 2.0265202795870176 2.6255901493867655 3.468548420776563 4.596286390267396 6.1105730473588755 7.991875669611193 10.1991860399892 12.72295910615885 15.482623441646474 18.41615689319586 21.41218149591454 24.31898019593206 27.002219658575378 29.280289191143897 31.059192502052873 32.17735485409924 32.68354269372931 32.68080768234786 32.22849494736378 31.4705685779179 30.48762660945135 29.412228307203 28.396803216140583 27.55478112388042 27.03872342555797 26.94069710756997 27.34255136514087 28.20363256281846 29.462865246985732 31.048987901013668 32.890509960793985 34.90590699464027 37.023643961642684 39.121608038415836 41.13765092462577 42.95972668043403 44.526504881395205 45.74634728147496 46.59792227454579 47.081518631034825 47.18726193910925 46.94495549852778 46.39585987846158 45.60149821545316 44.63284864934069 43.592391276479596 42.55174309259302 41.6031305710245 40.84837344431309 40.430914982249554 40.42234984352367 40.822943299377386 41.62215927773429 42.748605242026365 44.1000719023055 45.5436191940266 46.93603202139313 48.27734567293024 49.56751010545212 50.80654664168934 51.92284482304837 52.84477495473907 53.561959601895325 54.136047216190676 54.64871838242969 55.253434568958184 56.195606863923985 57.58802373884117 59.317953106083884 61.2423881888932 63.14627597099488 64.86611636092039 66.2277579190286 67.14954406860703 67.55962188834691 67.53994502232614 67.10081403314668 66.22157386811165 64.93299097734518 63.39885908774483 61.721338119378785 60.08469016755954 58.642411877431115 57.59915233046501 57.06754361352677 57.12934617416703 57.733472787060634 58.80830056303588 60.333369003098376 62.26780542398564 64.63199030392518 67.29294039337988 70.17903422403947 73.14700180570105 76.06385602209082 78.77601140128438 81.1300062634097 82.94163450884777 84.15975701899295 84.70242566435473 84.60037339792443 83.81269275850367 82.49281225455626 80.73289375344363 78.66591825132319 76.41473835184348 74.1532786412314 71.9941560256013 70.10107121824377 68.4842991754794 67.20522658370481 66.2331382966631 65.5783041307796 65.21000726600741 65.13848486291039 65.35350493263951 65.8653020292864 66.69433501601131 67.8303940659654 69.31440517760038 71.07474094380427 73.08068168126961 75.27083345731639 77.60426170224545 79.9274568671365 82.19948196740752 84.26683598635178 86.06809679355747 87.5009321369505 88.5039439156909 89.03618062402887 89.10788200909309 88.77022490220342 88.09483337268504 87.10218214384976 86.64170488495212 85.99700533050942 85.22949424878185 84.3698776615731 83.46931728805743 83.46935536606979 83.46939564512806 83.46943001357302 83.46946308428925 83.46949457362552 83.46952455719942 83.4695533911872 83.4695837987087 83.46961002752379 83.46963497715979 83.46965871000153 83.46967907830697 83.46970087075032 83.46972178996702 83.46974166906219 83.4697607402263 83.46977885409565 83.46979426330833 83.46981084986885 83.46982496897816 83.46984014042413 83.4698545359213 83.4698667975824 83.46987995054499 83.46989116061054 83.46990185064928 83.46991329836038 83.46992306073972 83.46993349761186 83.46994231333306 83.46995071589656 83.46995880608343 83.46996736390585 83.4699746659346 83.46998162226704 83.46998824926932 83.46999538560999 83.47000136102096 83.47000705354084 83.47001253111145 83.47001831638667 83.4700232061965 83.47002786451024 83.47003234692617 83.4700370811434 83.47004104231189 83.47004485621821 83.47004848956438 83.47005233292774 83.4700555793041 83.47005867353533 83.47006195173196 83.47006474731207 83.4700676821483 83.470070183463 83.47007283768552 83.4700750765807 83.47007745615342 83.47007946193821 83.47008161721908 83.47008341485538 83.47008534984028 83.47008716956546 83.47008888159102 83.47009033700715 83.47009187668449 83.47009335466605 83.47009473230416 83.47009604275414 83.47009728929274 83.47009846347059 83.47009958094175 83.47010064444486 83.4701017560644 83.47010270507424 83.47010359970463 83.47010445198086 83.47010535352088 83.47010611502527 83.47010684821959 83.47010760980923 83.47010826556996 83.4701088905977 83.47010955278596 83.47011011174307 83.47011071031693 83.47011121557674 83.47011170234886 83.47011221806163
20.15111748916012 20.60932932451615 21.489498080570733 22.47523041225889 23.629227944832717 24.90016268862095 26.288292123200385 27.728722169566275 29.15458606395648 30.625998542640218 32.117060714801156 33.60397580969063 35.08531659510064 36.506704090551736 37.862473718162214 39.15061460241138 40.23478048783185 41.20496489955487 42.061624185884 42.900634921708836 43.55650358040191 44.05521793242696 44.45597791596348 44.762573343838824 44.95660694053246 45.10328549627935 45.223886809073996 45.34376961137423 45.46248657291016 45.572855755393874 45.755610405533915 45.95912901164465 46.21488425372884 46.51543716995925 46.889503034108465 47.318119106254876 47.76205046954326 48.242999195596155 48.7311463369995 49.225245060449346 49.715386946087456 50.17251254180368 50.60537174553931 50.9713697087483 51.30621199110421 51.57664642087991 51.79118229829119 51.98174684530686 52.168888519858314 52.31170796186677 52.48069690497516 52.64838487706939 52.85214171254513 53.086672548167584 53.34892147592313 53.62753025975771 53.937185550203544 54.26544020420122 54.588644684197135 54.87146262563359 55.16268269158034 55.410264554896735 55.65168795042672 55.84299823244389 56.00153704986007 56.11637405590323 56.21851610260556 56.303254579806406 56.339213382340695 56.36300339443515 56.374357167007474 56.3739974617476 56.36163760315619 56.34069658856591 56.314853433595076 56.276928216185446 56.24854689461605 56.20821767054108 56.169394218984934 56.147640100917684 56.198932621588895 56.33579786785999 56.564491864038224 56.86621671831015 57.232838974185064 57.56483479970423 57.82431180401095 57.98609007168575 58.06425492519326 58.1085494240604 58.17468103652707 58.20713404768893 58.282648213120204 58.505616894160944 58.97152037024474 59.732241970918 60.769101949249574 62.059829120399456 63.498734630834775 64.85285907735484 65.9208059805824 66.63890353414925 67.04957709723108 67.19487959249528 67.04317927030877 66.55185691225171 65.73220475876782 64.68872730222739 63.53870098869242 62.45183732731148 61.693809714483926 61.571152940000616 62.126968455362835 63.38318179615343 65.21160505198922 67.4007610543622 69.74951463893187 72.07671118268715 74.21296111123134 75.92488727174481 77.09607350125653 77.72561333692053 77.78205697253986 77.2758803191167 76.2498683405503 74.71389904591629 72.83803335082827 70.81334792429402 68.79904591389067 67.0073815979876 65.59766871310046 64.7078837858923 64.29565645061903 64.31856742699242 64.74479032857968 65.59542638776301 66.82838804126415 68.50721415369266 70.55762977616818 72.94764225603092 75.57139768395459 78.23751473509863 80.8082444573561 83.11342652613415 85.02590200686862 86.38611239750973 87.15183912555317 87.31216311401954 86.86721682567178 85.92326968452008 84.52255212386348 82.80319901554316 80.9564518173795 79.10953238139864 77.40059047667975 75.92520999176122 74.78957689783819 73.95130492714445 73.44211157133583 73.15589525690822 73.08203720024704 73.17806077774972 73.45465059780227 73.93293923279906 74.60236130847603 75.5054068061341 76.65269137376953 78.07612452702172 79.74376378287016 81.61317703191304 83.66312674134768 85.76621138126966 87.84801701745103 89.79176299296287 91.45942315623846 92.78719978875873 93.69019897907447 94.13649568660132 94.04118416259257 93.48916362717351 92.48048699060185 91.08944114487691 89.422276018143 87.57454878284182 85.66306062632935 83.7728180280648 81.97814122859397 80.3533756135563 78.93038391425569 77.71978703234522 76.73219497552276 75.95701524925587 75.38361578362232 75.00138669236787 74.77844768500545 74.71480961161372 74.83171506547241 75.09730341219641 75.52219499446747 76.10639892420426 76.8605204566043 77.77394765244726 78.8891692675782 80.19555254191646 81.69310380431183 83.32872765984106 85.10241164758133 86.96105969645 87.87448371025299 88.84100327318421 89.85000433346994 90.93335280600691 92.0804188693335 92.08046087565921 92.08050531010144 92.08054322416268 92.08057970661518 92.08061444454486 92.08064752137038 92.08067933001286 92.08071287452248 92.08074180922996 92.080769332792 92.08079551402938 92.08081798362848 92.08084202428648 92.08086510163155 92.08088703155106 92.08090807018941 92.08092805277381 92.08094505167597 92.0809633493869 92.08097892509234 92.08099566169861 92.08101154230543 92.08102506893925 92.08103957882557 92.08105194537613 92.08106373825136 92.08107636696414 92.0810871364781 92.08109865006884 92.08110837526282 92.0811176446757 92.08112656948568 92.08113601017477 92.0811440655164 92.081151739498 92.08115905017412 92.08116692273448 92.08117351459798 92.08117979438596 92.08118583704943 92.08119221916185 92.08119761342829 92.08120275231639 92.08120769716018 92.08121291978235 92.08121728960427 92.08122149697175 92.08122550515162 92.08122974501508 92.08123332630345 92.08123673975065 92.08124035614203 92.0812434401278 92.08124667773603 92.08124943709855 92.0812523651436 92.08125483501412 92.08125746007516 92.08125967278649 92.08126205041664 92.08126403350586 92.08126616811323 92.08126817557013 92.0812700642166 92.08127166978055 92.0812733682985 92.08127499875584 92.08127651851783 92.0812779641602 92.0812793392978 92.08128063460956 92.0812818673645 92.08128304058376 92.08128426688339 92.08128531379772 92.08128630072254 92.08128724092373 92.08128823547102 92.08128907553592 92.08128988437012 92.08129072452908 92.08129144794128 92.08129213744992 92.08129286795275 92.0812934845746 92.08129414490026 92.08129470228513 92.08129523927504 92.08129580819126
29.42628454048012 28.61391859437656 28.473043790069223 28.655860840969183 29.243085424735106 30.218617598564546 31.508152147095522 33.036134799705096 34.733561658254715 36.542470501517364 38.39854919147136 40.16103689937485 41.74752114418104 43.118233505123555 44.17226087517215 44.87457335012179 45.14671373138921 45.06132483795142 44.67525125015252 44.077310653473766 43.25835456989961 42.29483819848444 41.35889544263974 40.49805547859196 39.74919343733903 39.2268549965922 38.97837220475967 38.9964595935825 39.313712175186154 39.93611256914826 40.837065004533336 41.96932804417947 43.31605711408523 44.77989182431735 46.3853902049952 47.99389085339192 49.541349238329566 50.95169278158292 52.18492795434722 53.16081886570956 53.83860418283358 54.230253091242126 54.33243340649339 54.11758761195417 53.67650014940303 52.99433903243001 52.175646494266246 51.33381134777694 50.52403514001194 49.80274558815972 49.294167291902994 48.95677164563012 48.80708625616376 48.84453469264159 49.10297698187743 49.60502172970466 50.32306486738924 51.29184662742131 52.53254590434506 54.07192495453079 55.944111499496834 58.03015122109002 60.1240768652017 61.90567124744661 63.328006671726044 64.44308329059362 65.30318738095788 65.92784339977901 66.2776572086088 66.27782642236544 65.84706152929537 65.01232814648885 63.879979317725684 62.92301928147856 62.60391085458793 63.061674150000236 64.09646056240142 65.19773011309034 65.96556442433614 66.2585550582084 66.1471944662334 65.87556685502595 65.54610325375269 65.16140383056447 64.58939850582873 63.63615792671293 62.279369605640525 60.63577894589816 59.18110710915474 58.3035877962492 58.12798498103408 58.67910036182616 59.757612012284554 61.34886093579784 63.57478189384341 66.44787182943219 69.80887492986456 73.44048054852023 76.9104842960518 79.77280416665828 81.86485353122961 83.21335192111283 83.88582230824662 83.94934163154547 83.36345431112933 81.9925645781763 79.79683893015577 76.95016318121321 73.7102814929557 70.4560202917834 67.67507845823988 65.50169598032718 63.92310934506661 62.845309127848864 62.14556174279952 61.7974713572347 61.77436307284841 62.17031567620887 63.053432488522134 64.46447094492956 66.57981724641984 69.30409012073834 72.5158973558105 75.94443132753725 79.29222443308703 82.287749763203 84.67395564424329 86.46437355805709 87.57768433122662 88.0408510832396 87.84035499880511 86.88125927742298 85.23127803477536 83.05289287905941 80.60339851318362 78.15349156591864 75.96096337580023 74.21524926748036 72.87576551594314 71.9017454293003 71.22578762992643 70.73926859872796 70.42891132954193 70.24029695406948 70.21430478304399 70.33716857056329 70.63621880378945 71.1925232457702 72.00621638663692 73.14513677242114 74.63619907299278 76.49304798757427 78.71580081995164 81.22298385082533 83.90630791473691 86.65739365435975 89.24589705539717 91.53642106131252 93.35263911677339 94.58624627701603 95.21012561217519 95.21071091518108 94.5609720099873 93.31495349568232 91.62175780145124 89.56268779767728 87.3138764610804 85.03797159631766 82.88392591248308 80.98729174878017 79.45647322295092 78.26440865856014 77.397484079591 76.82864141396558 76.53081400578827 76.44974169200722 76.54483486155652 76.78894491154315 77.19567177176874 77.69721804059589 78.34783189638223 79.10681986449248 79.98777551715871 80.97712890623254 82.12906171982564 83.43006547020885 84.90722053790972 86.54697900520458 88.3899932184039 90.38206059856824 92.49606602041133 94.66428827509762 96.81895939414377 98.83813606431471 99.99763469721921 99.99774780030054 99.99785549515813 99.99795804038487 99.99805470983212 99.99815696722814 99.99824421929793 99.99832734076416 98.36474988048172 96.06119786746034 93.58147864127967 91.03400593837655 88.54072271916783 86.21004305508791 84.84146937542862 83.51353837090574 82.307561424164 81.19644092954076 80.19371954674743 80.19375613045918 80.19379482884091 80.19382784856032 80.19385962147794 80.19388987507394 80.19391868199837 80.19394638445004 80.19397559868506 80.1940007981992 80.19402476873324 80.19404757022386 80.19406713921313 80.19408807645266 80.19410817473371 80.19412727371085 80.19414559646269 80.194162999487 80.19417780399385 80.19419373964573 80.19420730467691 80.19422188074778 80.1942357113205 80.19424749179556 80.19426012859466 80.1942708987421 80.1942811692702 80.19429216773722 80.19430154701017 80.19431157430672 80.19432004407139 80.19432811689194 80.19433588959451 80.19434411158115 80.19435112705538 80.19435781039954 80.19436417733746 80.19437103362576 80.19437677454286 80.19438224367042 80.19438750628396 80.19439306452685 80.1943977624452 80.19440223795212 80.19440654446399 80.19441109289569 80.1944148986155 80.19441856285218 80.19442205361445 80.19442574615219 80.19442886513055 80.19443183793445 80.19443498748437 80.19443767335714 80.19444049302119 80.19444289617647 80.19444544623897 80.19444759727288 80.1944498834637 80.19445181053521 80.1944538812361 80.19445560832753 80.19445746737753 80.194459215691 80.19446086053132 80.19446225883235 80.19446373808792 80.19446515806885 80.19446648164413 80.19446774066793 80.19446893828845 80.19447006638788 80.19447114000597 80.19447216177387 80.19447322976998 80.19447414153771 80.19447500106 80.19447581989023 80.194476686051 80.19447741767156 80.19447812209303 80.19447885379552 80.19447948382215 80.19448008432182 80.19448072052374 80.19448125754562 80.19448183262956 80.1944823180614 80.19448278573105 80.19448328120565
50.0 50.0 50.0 50.0 50.0 50.0 50.0 50.0 50.0 50.0 50.0 50.0 50.0 50.0 50.0 50.0 50.0 50.0 50.0 50.0 50.0 50.0 50.0 50.0 50.0 50.0 50.0 50.0 50.0 50.0 50.0 50.0 50.0 50.0 50.0 50.0 50.0 50.0 50.0 50.0 50.0 50.0 50.0 50.0 50.0 50.0 50.0 50.0 50.0 50.0 50.0 50.0 50.0 50.0 50.0 50.0 50.0 50.0 50.0 50.0 50.0 50.0 50.0 50.0 50.0 50.0 50.0 50.0 50.0 50.0 50.0 50.0 50.0 50.0 50.0 50.0 50.0 50.0 50.0 50.0 50.0 50.0 50.0 50.0 50.0 50.0 50.0 50.0 50.0 50.0 50.0 50.0 50.0 50.0 50.0 50.0 50.0 50.0 50.0 50.0 50.0 50.0 50.0 50.0 50.0 50.0 50.0 50.0 50.0 50.0 50.0 50.0 50.0 50.0 50.0 50.0 50.0 50.0 50.0 50.0 50.0 50.0 50.0 50.0 50.0 50.0 50.0 50.0 50.0 50.0 50.0 50.0 50.0 50.0 50.0 50.0 50.0 50.0 50.0 50.0 50.0 50.0 50.0 50.0 50.0 50.0 50.0 50.0 50.0 50.0 50.0 50.0 50.0 50.0 50.0 50.0 50.0 50.0 50.0 50.0 50.0 50.0 50.0 50.0 50.0 50.0 50.0 50.0 50.0 50.0 50.0 50.0 50.0 50.0 50.0 50.0 50.0 50.0 50.0 50.0 50.0 50.0 50.0 50.0 50.0 50.0 50.0 50.0 50.0 50.0 50.0 50.0 50.0 50.0 50.0 50.0 50.0 50.0 50.0 50.0 50.0 50.0 50.0 50.0 50.0 50.0 50.0 50.0 50.0 50.0 50.0 50.0 50.0 50.0 50.0 50.0 50.0 50.0 50.0 50.0 50.0 50.0 50.0 50.0 50.0 50.0 50.0 50.0 50.0 50.0 50.0 50.0 50.0 50.0 50.0 50.0 50.0 50.0 50.0 50.0 50.0 50.0 50.0 50.0 50.0 50.0 50.0 50.0 50.0 50.0 50.0 50.0 50.0 50.0 50.0 50.0 50.0 50.0 50.0 50.0 50.0 50.0 50.0 50.0 50.0 50.0 50.0 50.0 50.0 50.0 50.0 50.0 50.0 50.0 50.0 50.0 50.0 50.0 50.0 50.0 50.0 50.0 50.0 50.0 50.0 50.0 50.0 50.0 50.0 50.0 50.0 50.0 50.0 50.0 50.0 50.0 50.0 50.0 50.0 50.0 50.0 50.0
50.0 50.0 50.0 50.0 50.0 50.0 50.0 50.0 50.0 50.0 50.0 50.0 50.0 50.0 50.0 50.0 50.0 50.0 50.0 50.0 50.0 50.0 50.0 50.0 50.0 50.0 50.0 50.0 50.0 50.0 50.0 50.0 50.0 50.0 50.0 50.0 50.0 50.0 50.0 50.0 50.0 50.0 50.0 50.0 50.0 50.0 50.0 50.0 50.0 50.0 50.0 50.0 50.0 50.0 50.0 50.0 50.0 50.0 50.0 50.0 50.0 50.0 50.0 50.0 50.0 50.0 50.0 50.0 50.0 50.0 50.0 50.0 50.0 50.0 50.0 50.0 50.0 50.0 50.0 50.0 50.0 50.0 50.0 50.0 50.0 50.0 50.0 50.0 50.0 50.0 50.0 50.0 50.0 50.0 50.0 50.0 50.0 50.0 50.0 50.0 50.0 50.0 50.0 50.0 50.0 50.0 50.0 50.0 50.0 50.0 50.0 50.0 50.0 50.0 50.0 50.0 50.0 50.0 50.0 50.0 50.0 50.0 50.0 50.0 50.0 50.0 50.0 50.0 50.0 50.0 50.0 50.0 50.0 50.0 50.0 50.0 50.0 50.0 50.0 50.0 50.0 50.0 50.0 50.0 50.0 50.0 50.0 50.0 50.0 50.0 50.0 50.0 50.0 50.0 50.0 50.0 50.0 50.0 50.0 50.0 50.0 50.0 50.0 50.0 50.0 50.0 50.0 50.0 50.0 50.0 50.0 50.0 50.0 50.0 50.0 50.0 50.0 50.0 50.0 50.0 50.0 50.0 50.0 50.0 50.0 50.0 50.0 50.0 50.0 50.0 50.0 50.0 50.0 50.0 50.0 50.0 50.0 50.0 50.0 50.0 50.0 50.0 50.0 50.0 50.0 50.0 50.0 50.0 50.0 50.0 50.0 50.0 50.0 50.0 50.0 50.0 50.0 50.0 50.0 50.0 50.0 50.0 50.0 50.0 50.0 50.0 50.0 50.0 50.0 50.0 50.0 50.0 50.0 50.0 50.0 50.0 50.0 50.0 50.0 50.0 50.0 50.0 50.0 50.0 50.0 50.0 50.0 50.0 50.0 50.0 50.0 50.0 50.0 50.0 50.0 50.0 50.0 50.0 50.0 50.0 50.0 50.0 50.0 50.0 50.0 50.0 50.0 50.0 50.0 50.0 50.0 50.0 50.0 50.0 50.0 50.0 50.0 50.0 50.0 50.0 50.0 50.0 50.0 50.0 50.0 50.0 50.0 50.0 50.0 50.0 50.0 50.0 50.0 50.0 50.0 50.0 50.0 50.0 50.0 50.0 50.0 50.0
50.0 50.0 50.0 50.0 50.0 50.0 50.0 50.0 50.0 50.0 50.0 50.0 50.0 50.0 50.0 50.0 50.0 50.0 50.0 50.0 50.0 50.0 50.0 50.0 50.0 50.0 50.0 50.0 50.0 50.0 50.0 50.0 50.0 50.0 50.0 50.0 50.0 50.0 50.0 50.0 50.0 50.0 50.0 50.0 50.0 50.0 50.0 50.0 50.0 50.0 50.0 50.0 50.0 50.0 50.0 50.0 50.0 50.0 50.0 50.0 50.0 50.0 50.0 50.0 50.0 50.0 50.0 50.0 50.0 50.0 50.0 50.0 50.0 50.0 50.0 50.0 50.0 50.0 50.0 50.0 50.0 50.0 50.0 50.0 50.0 50.0 50.0 50.0 50.0 50.0 50.0 50.0 50.0 50.0 50.0 50.0 50.0 50.0 50.0 50.0 50.0 50.0 50.0 50.0 50.0 50.0 50.0 50.0 50.0 50.0 50.0 50.0 50.0 50.0 50.0 50.0 50.0 50.0 50.0 50.0 50.0 50.0 50.0 50.0 50.0 50.0 50.0 50.0 50.0 50.0 50.0 50.0 50.0 50.0 50.0 50.0 50.0 50.0 50.0 50.0 50.0 50.0 50.0 50.0 50.0 50.0 50.0 50.0 50.0 50.0 50.0 50.0 50.0 50.0 50.0 50.0 50.0 50.0 50.0 50.0 50.0 50.0 50.0 50.0 50.0 50.0 50.0 50.0 50.0 50.0 50.0 50.0 50.0 50.0 50.0 50.0 50.0 50.0 50.0 50.0 50.0 50.0 50.0 50.0 50.0 50.0 50.0 50.0 50.0 50.0 50.0 50.0 50.0 50.0 50.0 50.0 50.0 50.0 50.0 50.0 50.0 50.0 50.0 50.0 50.0 50.0 50.0 50.0 50.0 50.0 50.0 50.0 50.0 50.0 50.0 50.0 50.0 50.0 50.0 50.0 50.0 50.0 50.0 50.0 50.0 50.0 50.0 50.0 50.0 50.0 50.0 50.0 50.0 50.0 50.0 50.0 50.0 50.0 50.0 50.0 50.0 50.0 50.0 50.0 50.0 50.0 50.0 50.0 50.0 50.0 50.0 50.0 50.0 50.0 50.0 50.0 50.0 50.0 50.0 50.0 50.0 50.0 50.0 50.0 50.0 50.0 50.0 50.0 50.0 50.0 50.0 50.0 50.0 50.0 50.0 50.0 50.0 50.0 50.0 50.0 50.0 50.0 50.0 50.0 50.0 50.0 50.0 50.0 50.0 50.0 50.0 50.0 50.0 50.0 50.0 50.0 50.0 50.0 50.0 50.0 50.0 50.0