4 302 9
300.00980000000004 300.01 301.04 301.96 302.98 303.99 305.01 306.01 307.02 308.02 309.01 310.0 310.99 311.98 312.96 314.05 315.02 316.0 316.97 318.05 319.02 319.98 320.95 322.03 323.0 323.97 325.04 326.02 326.99 327.96 329.05 330.03 331.01 332.0 332.99 333.98 334.97 335.97 336.98 337.99 339.0 340.02 341.04 341.95 342.98 344.02 344.95 345.99 347.04 347.98 349.03 349.98 351.04 352.0 352.95 354.03 354.99 355.95 357.04 358.01 358.98 359.95 361.05 362.02 363.0 363.98 364.95 366.06 367.04 368.02 368.99 369.97 370.95 372.05 373.03 374.0 374.98 375.95 377.04 378.0 378.97 380.05 381.01 381.96 383.04 383.98 385.05 385.99 387.04 387.98 389.02 389.95 390.99 392.02 393.05 393.96 394.98 395.99 397.0 398.01 399.01 400.0 401.0 401.98 402.97 403.95 405.04 406.02 406.99 407.96 409.04 410.01 410.97 412.05 413.01 413.98 415.05 416.02 416.98 417.95 419.03 420.0 420.98 421.95 423.04 424.03 425.01 426.0 427.0 427.99 429.0 430.0 431.01 432.03 433.05 433.96 434.99 436.02 437.06 437.99 439.03 439.97 441.02 441.97 443.03 443.98 445.05 446.0 446.96 448.04 449.01 449.97 451.06 452.03 453.0 453.98 454.95 456.05 457.02 458.0 458.98 459.95 461.05 462.03 463.0 463.98 464.95 466.04 467.01 467.98 468.95 470.03 470.99 471.95 473.03 473.98 475.04 475.99 477.05 477.99 479.04 479.97 481.01 482.05 482.96 483.99 485.01 486.03 487.05 488.06 488.95 489.95 490.95 492.05 493.04 494.02 495.0 495.98 496.95 498.03 499.0 499.97 501.04 502.01 502.97 504.04 505.0 505.96 507.03 507.99 508.96 510.03 511.0 511.97 513.05 514.02 515.0 515.98 516.96 517.95 519.05 520.05 521.05 522.05 522.95 523.96 524.98 526.0 527.03 528.06 528.98 530.02 530.95 532.0 533.05 533.99 535.05 536.0 536.95 538.02 538.98 540.06 541.02 541.98 542.95 544.03 545.0 545.97 546.94 548.04 549.01 549.98 550.96 552.05 553.02 553.99 554.97 556.06 557.02 557.99 558.96 560.04 561.0 561.96 563.03 563.99 565.05 566.0 567.06 568.0 569.05 569.98 571.03 571.95 572.99 574.02 575.04 575.95 576.96 577.98 578.98 579.98 580.98 581.97 582.96 583.95 585.04 586.02 586.99 587.96 589.04 590.0 590.97 592.03 592.99 593.95 595.02 595.97 597.04 597.99 598.95 600.02
0.0 13.54 26.89 39.77 51.58 60.9 70.0 80.0 90.0
71.04621016395508 71.04640116776291 72.01828385346005 72.86622769671244 73.78380616888882 74.6687911250516 75.53851734100292 76.36764030081241 77.18133551154482 77.96350007421718 78.7148996341819 79.44358638507431 80.14972241721287 80.83351346454663 81.48863126151679 82.19218038521053 82.79637466926383 83.38620033031759 83.9499753586079 84.55469490631351 85.07760724218844 85.57671080199597 86.0628242770298 86.58308345197726 87.03199759835246 87.46401013135127 87.92150344746943 88.32348667487035 88.70581620544317 89.0731366507707 89.46856084454765 89.8089302791267 90.1354393507316 90.45167684330286 90.75470945707075 91.04499891710968 91.32299884563508 91.59178361798111 91.85144626538978 92.09969055317852 92.33695734246406 92.56586954226188 92.7844541505615 92.9710893349243 93.17318282103754 93.3677742527981 93.53405936521106 93.71173239951312 93.88261661152673 94.02866297110008 94.18438485663707 94.31881549645519 94.46188429454403 94.58542075370688 94.70226648863779 94.82885690351769 94.93604806687371 95.03844139025932 95.14914329683194 95.24291166257191 95.33241284382228 95.4178333955487 95.50999053245954 95.63724948341564 95.74178731113476 95.83290676336499 95.93009013844097 96.0632892756113 96.17477937443682 96.26340216597511 96.34877139783022 96.37187745646723 96.36230966284924 96.27561363882586 96.10000224883309 95.87128616151261 95.60046848031497 95.32706080908724 95.05603444934094 94.84862150426297 94.71037512338829 94.65465793290946 94.674191635033 94.68196562085325 94.66170469233357 94.58571141546227 94.40059740722636 94.15030142498186 93.88107921204616 93.6688580888502 93.5284110506407 93.19253898452064 92.07865948416375 89.74887165600387 85.70683062969466 80.27407725006145 73.6963560705 66.52847874682804 58.993307489916916 51.17190426411728 43.11493107991177 34.822512152664 26.60894546974073 19.08236137781627 12.729707421945584 8.119056803145531 4.997660571897826 3.142834172510982 2.0075326327730045 1.3384656359719214 0.9430922815986982 0.6794827354036073 0.5172545747166089 0.40572036593263966 0.3245969078722854 0.26375111674771323 0.23333325419720716 0.20290968854017186 0.19277424539477767 0.18263739255620492 0.17250002293679575 0.16236031329895423 0.15221942522383902 0.15222567726530495 0.15223235083970407 0.1420888983460191 0.14209395985004067 0.1319489113707403 0.12180300537470787 0.12180678308626956 0.11165957860874103 0.11166274321614347 0.11166578300176189 0.10151700103353924 0.10151952210890994 0.09136949886680892 0.10152397664641324 0.10152617196695302 0.10152827690174897 0.09137706189316636 0.09137877875617618 0.08122689387945858 0.0812282891741988 0.08122949002865046 0.08123076433125274 0.08123185043079365 0.07107888684850396 0.07107974593606915 0.07108057360884272 0.06092696441784023 0.06092761160087814 0.06092822195236514 0.0609288803659441 0.060929436878960845 0.060929967054626374 0.0507753976829365 0.05077579846595496 0.05077623005937605 0.050776591447382086 0.04062155135536193 0.0406218162532717 0.04062206597535751 0.040622334893983314 0.04062256233300376 0.050778470927263515 0.0507787288208245 0.05077897193915478 0.05077923142984634 0.05077945075768884 0.050779659703729954 0.05077985875930888 0.05078006932251626 0.05078024718043017 0.05078041670397691 0.050780597941287 0.04062459957683345 0.04062472821194954 0.04062483784627033 0.040624954183283685 0.05078131539578807 0.05078144577068702 0.05078155566655513 0.05078167265810509 0.06093814046647131 0.06093825153239913 0.060938371296201305 0.06093848397226309 0.0609385910463074 0.06093869279683656 0.0609387885642864 0.07109534720980384 0.0812519403798733 0.08125204976893415 0.09140868443863925 0.09140879415482225 0.09140889754343051 0.10156555109814415 0.1117222207761026 0.12187890412315773 0.14219220021507184 0.15234891887463878 0.17266225157971976 0.19297562579740338 0.23360224868144222 0.2742289208376357 0.3453255667088739 0.44689219567676813 0.5789288791296959 0.7820623242609596 1.117232507126299 1.6961629784475314 2.7727709611827285 5.078337525563623 9.222265153542729 15.113146663575549 21.410299922399197 26.89492251278498 30.65291040974761 33.557737698541274 37.02118527999403 41.15497871120343 46.091153030063616 51.76876976981051 51.76878448917547 51.76879712181865 51.76881063772755 51.76882361205185 51.76883594128153 51.768847769423644 51.76885900384119 51.76886856080144 51.76887884796554 51.76888760478973 51.7688970142845 51.76890594252744 51.76891354734218 51.76892170495174 51.76892865755556 51.76893528763313 51.76894238762728 51.768948442360454 51.76895491542136 51.768960383026936 51.76896559438762 51.768970612008964 51.76897591966292 51.76898044846008 51.76898476285265 51.76898887299108 51.768993299026704 51.768997005041165 51.769000535603524 51.76900393285201 51.76900752094224 51.76901055365514 51.769013442791675 51.76901622283448 51.769019159047176 51.76902161580668 51.76902398123261 51.76902623467317 51.769028618368665 51.769030631806366 51.769032550882024 51.76903458405501 51.769036317904 51.76903813812115 51.76903968946356 51.769041335641056 51.76904272422805 51.76904420006477 51.76904544407417 51.76904678080266 51.76904789571613 51.76904909581467 51.76905022442789 51.76905128624466 51.76905218890947 51.769053143834 51.769054060494135 51.76905491492018 51.76905572767542 51.76905650079213 51.769057229029926 51.76905792209762 51.76905858169374 51.76905927113219 51.76905985971836 51.769060414577794 51.769060943168725 51.76906150231359 51.76906197460684 51.76906242934188 51.76906290168802 51.76906330839791 51.76906369604686 51.76906410674318 51.769064453414416 51.7690648246564 51.76906513802399 51.76906543992532 51.769065759775955
70.84189413879645 70.84208459331195 71.81117232053342 72.65667763096033 73.57161731373789 74.4540572135472 75.32128225451663 76.14802080695063 76.95937597771801 77.73929117685506 78.4885298478569 79.21512102770922 79.91922634058808 80.60105092878901 81.25428472569808 81.95581056961204 82.55826730039885 83.14639672974194 83.7085504432204 84.31153092709646 84.83293946185763 85.33060769027668 85.8153231910517 86.33408619489542 86.78170934553962 87.21247948878454 87.66865713703427 88.06948433352217 88.4507143536523 88.81697845194634 89.21126547740229 89.5506560711706 89.8762261618568 90.19155421270924 90.49371535959668 90.78316999975594 91.06037045086714 91.32838224691812 91.58729815160993 91.8348285338148 92.07141298681277 92.29966687660834 92.51762287518726 92.70372133058258 92.90523363245394 93.09926545452137 93.26507236108588 93.4422344399399 93.61262721992806 93.75825357663837 93.91352763425307 94.04757167591312 94.19022903406616 94.40239446755535 94.57841021442682 94.73457282251138 94.88135256898443 95.04329385809068 95.20373174060127 95.31746563556374 95.41700209844312 95.46260183945179 95.46494815372279 95.3923358982135 95.23669339687144 95.0272263603445 94.81340998267659 94.61504487957018 94.4047127885298 94.23137029566713 94.11477516548933 94.02614439688624 94.00528781966186 93.96754392495384 93.88137616330003 93.772441324772 93.61147359295563 93.41783456268826 93.07541337739272 92.51439075636193 91.56845908038419 90.05868843853058 87.78575459361015 84.47003461572818 80.18479956503211 74.9026975430862 68.70992590118351 61.742545954142265 54.30762437161476 46.664923521248035 38.999131361730896 31.571558078238883 24.606827111576703 18.347391159240374 13.097579286507536 8.878179097924566 5.730768961679722 3.5645692838918897 2.258571547378104 1.458656066410317 0.9725668971391529 0.6889879918740099 0.5066699175153095 0.38511245671451777 0.3040690455737959 0.2534167086619351 0.21289296264920135 0.1723577705354483 0.16223314208246234 0.14196572465103907 0.12169553986525126 0.11156256287131563 0.10142764405371892 0.10143527029553157 0.10144171285138776 0.09130312500182593 0.09130897867087069 0.09131402191165568 0.10146530950117971 0.09132335882338004 0.10147578260826853 0.10148037692715255 0.11163327797261885 0.10148896639738113 0.11164275724155386 0.11164697744644035 0.11165095454550944 0.11165477942506574 0.10150768698855389 0.10151083524225714 0.10151389065248904 0.10151676771519888 0.10151953129776581 0.09136996585500079 0.09137223493868327 0.09137416400596245 0.08122332820189497 0.09137822011649734 0.08122676858181332 0.08122820214975333 0.08122972832812607 0.07107716101325925 0.07107838195849273 0.07107943275978694 0.06092618385556655 0.06092699847181274 0.060927870849117535 0.060928607247484785 0.060929316717512935 0.06093007522364234 0.06093072243972408 0.06093133282237438 0.05077665939130883 0.05077712317583479 0.05077756501144747 0.05077799017056863 0.05077839097405024 0.05077882258950762 0.05077918399596538 0.05077953176054096 0.06093583547980151 0.05078017506837973 0.05078051123382503 0.05078079554711629 0.05078106357180919 0.0507813214785377 0.0507815646092811 0.05078182411322172 0.05078204345226265 0.05078225240897212 0.05078245147471441 0.05078266204867272 0.06093940789880123 0.060939611337443945 0.060939828833320386 0.06094001067831033 0.07109690424764227 0.07109709611749963 0.07109729971766789 0.08125425309690636 0.08125446170739536 0.08125463754976202 0.09141167783902424 0.10156875307149923 0.1218827258289963 0.1320398791495663 0.15235398841557504 0.18282510733722393 0.22345328207204068 0.26408156655315573 0.3351808924783124 0.4367514780377091 0.5992644626977199 0.8531912813995917 1.3204166632267371 2.1736114271731912 3.615918231034287 5.728595431552977 8.481173421108943 11.660355741081018 14.951270581124234 18.171090559242085 21.350288226581174 24.580274163384043 27.729006598597422 30.390201452496278 32.05599502877267 32.57403001452564 32.025563756548415 30.59341933442295 28.67372794791672 26.632148945040164 24.69213771481533 22.874010489954006 21.126982583643453 19.603410180543804 18.668954501245544 18.790848126659483 18.496295529917095 18.618188587670126 19.054956090810382 19.735496438433522 20.649653243517193 20.649659114813414 20.64966415375296 20.64966954501169 20.649674720241837 20.649679638155064 20.64968435619326 20.649688837405154 20.649692649508783 20.649696752877908 20.649700245821318 20.649703999103558 20.64970756042289 20.649710593849957 20.649713847777168 20.64971662104875 20.649719265670274 20.64972209773327 20.64972451286002 20.649727094850352 20.64972927578221 20.64973135450248 20.64973335594353 20.649735473073495 20.64973727953116 20.649739000466596 20.649740639928645 20.649742405396537 20.649743883660634 20.649745291939965 20.649746647042733 20.64974807826892 20.649749287964845 20.64975044039068 20.649751549300937 20.649752720504626 20.649753700462853 20.649754643989716 20.64975554284759 20.64975649366187 20.649757296786813 20.649758062272394 20.6497588732694 20.649759564871317 20.649760290923975 20.649760909727224 20.64976156635852 20.64976212024149 20.649762708926843 20.64976320514035 20.64976373833787 20.64976418305728 20.649764661755512 20.649765111939512 20.649765535479574 20.649765895536717 20.64976627643934 20.649766642078976 20.649766982894523 20.649767307088315 20.649767615470996 20.649767905952267 20.6497681824048 20.64976844550611 20.649768720511002 20.64976895528769 20.649769176611375 20.649769387457013 20.649769610490083 20.649769798879568 20.64976998026539 20.649770168675968 20.649770330905405 20.649770485531764 20.649770649351314 20.649770787632384 20.64977093571429 20.64977106071112 20.649771181134263 20.649771308717064
70.61283323924613 70.61302307794405 71.57897734707213 72.42174879204647 73.33373009956713 74.21331670924768 75.07773765596734 75.90180302357454 76.71053475029755 77.4879281637136 78.23474423879189 78.9589860513484 79.66081470296197 80.34043467261893 80.99155629673879 81.69081381986857 82.29132256094715 82.8775503266239 83.43788636657938 84.03891716723865 84.55863977435126 85.05469883726921 85.5378470540242 86.0821107870591 86.55574651612666 87.04030426164057 87.53237895912274 87.93258308230507 88.33178343935508 88.70687496561031 89.10067320641184 89.38326170105842 89.6704989814888 89.93778451201352 90.15363279452211 90.36578982474478 90.50794142621719 90.630575721433 90.77218605733744 90.80550866352439 90.82689042598459 90.78086897541534 90.65545044663249 90.34168750486053 89.81664654938275 88.92960885865104 87.54169704370726 85.68810516078143 83.29034366612561 80.37000405361678 77.09337688638402 73.58157351002711 69.9274807079406 66.22850715566749 62.59448683279047 59.19548700959118 56.163192534713005 53.558756823661305 51.311431392142595 49.26925089890169 47.180936741432426 44.87702724046458 42.08224271161221 38.93582654636047 35.45291196394784 31.682903390117087 27.70562741574305 23.593803236293468 19.42311513025382 15.357113188639547 11.597305628917736 8.375991238255818 5.77472989168964 3.9056669366653853 2.588229689977382 1.7229008573443965 1.1994947787718009 0.8571303944373596 0.6254724672913183 0.48441274323131883 0.3836276665620112 0.3029761369189091 0.2525591374824921 0.21221233875045986 0.18195436743805152 0.16177995850908503 0.14159797316998576 0.13151527414428246 0.12142957675444543 0.1113345535534765 0.10123631827318334 0.10125597975220961 0.10127691902107086 0.10129661891974226 0.10131533705318307 0.0911979868407407 0.09121314116509814 0.08109103017638943 0.08110309176836546 0.0912538830399852 0.08112536640069272 0.07099360238586575 0.07100216462595899 0.060865844749823844 0.0608724301989161 0.060878637140401225 0.06088519413293587 0.06089079307451664 0.05074672677718763 0.05075091843127358 0.050755353127580616 0.060910965214685905 0.06091524875131112 0.0710731337250189 0.07107764786130073 0.07108199471950728 0.0812417736707464 0.08124626087268848 0.09140680470631286 0.10156821043750613 0.10157359954292136 0.11173601811951679 0.11174088616026577 0.12190415524855625 0.11175037456668173 0.12191410782502675 0.12191845066077411 0.12192262727880096 0.12192664161267718 0.12193042315880802 0.1219340931853782 0.13209901140434002 0.1321026075247962 0.14226806432522088 0.14227159741336726 0.15243707258278374 0.15244054296009263 0.16260676190234147 0.1727732665426377 0.19310294120053212 0.20327007301910363 0.2337643619961824 0.26425990504567953 0.3049197828278818 0.37607363178627684 0.467557253091662 0.6098660188235717 0.8334936328711362 1.219760982889764 1.8804882584380556 2.927493898643344 4.401449849077593 6.302375048381873 8.528614455467569 10.978526531950163 13.59112303159791 16.2444173784559 18.724950656726165 20.849699855972304 22.486519714325517 23.51340835043628 23.879522593730634 23.676362833355515 22.964878958940655 21.897569882474137 20.626924300540303 19.224100839265176 17.86193431015594 16.774228178324492 16.17448899758078 16.215217523675214 17.04892322574755 18.767097499672424 21.41042214443625 24.80608569997566 28.760912234541173 33.02076307233323 37.27045693134642 41.27618343413367 44.905749416740015 48.05751018093654 50.68060222065122 52.561548069137224 53.557996290154065 53.47676042908449 52.50086189917175 50.78278274125119 48.62752285018809 46.390917260243235 44.357635347638485 42.74117470934816 41.66355419998206 41.22643722099876 41.500999559658645 42.48723305436172 44.134311389791236 46.21856614973098 48.54682791038849 50.88525834150606 53.09152663054264 55.07411924481708 56.77203941189195 58.11412249996483 59.080024376225275 59.72058317852361 60.00530239463697 60.07650942439052 60.046045177198934 60.046083957256194 60.20878852703657 60.544330599139386 61.05271324066898 61.68309552122123 62.343977960512184 62.95402769347917 63.51323852249437 64.0012797993837 64.44865221644308 64.64184855436203 64.75370803131423 64.82490074013342 64.8757562114393 64.93677774297586 64.93679620638798 64.93681205229558 64.93682900613814 64.93684528063756 64.9368607459548 64.93687558272683 64.93688967475333 64.93690166264113 64.9369145664689 64.93692555069643 64.93693735360914 64.93694855285783 64.93695809204849 64.93696832464394 64.93697704572601 64.93698536224338 64.93699426820626 64.9370018630335 64.93700998259514 64.93701684095183 64.93702337788466 64.93702967179821 64.93703632951767 64.93704201026874 64.93704742207883 64.93705257768032 64.93705812953122 64.93706277821495 64.93706720681823 64.93707146819764 64.93707596896168 64.9370797730815 64.9370833971046 64.93708688428467 64.93709056735831 64.93709364902408 64.93709661612448 64.9370994427547 64.93710243277175 64.93710495835151 64.93710736556709 64.93710991590203 64.93711209077632 64.93711437398755 64.93711631993253 64.93711838483503 64.93712012662579 64.93712197785929 64.93712353829741 64.93712521503885 64.93712661354394 64.93712811890194 64.93712953459149 64.9371308664941 64.93713199876252 64.93713319658357 64.93713434640722 64.93713541816679 64.93713643765608 64.9371374074243 64.93713832089813 64.9371391902559 64.93714001762821 64.93714088243361 64.93714162073374 64.93714231672833 64.9371429797727 64.93714368114277 64.93714427356949 64.93714484397184 64.93714543646489 64.93714594662632 64.93714643287844 64.9371469480403 64.93714738289152 64.93714784856336 64.93714824163976 64.93714862033332 64.9371490215418
55.89639899017261 53.127911616909 51.01024026733759 48.81732683385822 46.82097122944209 45.08617311674692 43.63825748236258 42.46837134993398 41.64462514812735 41.11414201190619 40.86373662153378 40.86549926226808 41.01769334565006 41.23141480227901 41.445419595037706 41.67339665092452 41.81405102754612 41.92749459768578 42.016446270611254 42.114277368019216 42.15070980825229 42.19068178285918 42.26718470477421 42.35854937560827 42.36734069594968 42.227591011171334 41.8095191490831 40.98670538951872 39.70665830820429 37.872834289264674 35.59096378123307 32.88868629942517 29.818502461534077 26.48400923381778 22.978725986057714 19.42754163442546 15.956912463679771 12.733645638288243 9.906226824106385 7.507951248370531 5.621156935254501 4.192196711652999 3.1173690007564434 2.379449573423615 1.844892616966272 1.4553955196824575 1.1821520545940334 0.9771280338058873 0.8305901637311118 0.7130419306703959 0.6249449562320528 0.5662334296650171 0.5073983993309924 0.46821397299567713 0.43886946149330974 0.40949319069333207 0.3999571387469541 0.3703593742699774 0.35074802877159894 0.3410624386482718 0.3413829400966871 0.32158948603746274 0.3219000859037476 0.322160619666122 0.31233634804169547 0.3125683166254232 0.3228772220343216 0.32312316416462455 0.3334335787995256 0.3437466668298734 0.3641759595879443 0.3846203762873081 0.4152036076839235 0.4458344615091439 0.48659585780140824 0.5375235856759002 0.6087796543400524 0.6699299354247272 0.7717694420463159 0.9041111131066125 1.07718343870035 1.3113975206647377 1.596541486599531 2.0344115435548256 2.6354041300194155 3.4808741512373835 4.611950974822039 6.1303717659789605 8.016327404297595 10.228889296915282 12.758456881290778 15.523085959783375 18.46232578380606 21.463696994279296 24.374211391891528 27.060603064806383 29.34007793864498 31.120040169038415 32.236993243489984 32.741659118839834 32.73581238833109 32.28051971967044 31.51865361737231 30.531705924487433 29.452497300334272 28.434158562541576 27.589416008292737 27.07096472566632 26.971148260724334 27.37184639221151 28.23255696643183 29.491579755337533 31.077685729754048 32.91968176432118 34.93530544175222 37.05331395889474 39.1512526709674 41.167311385912726 42.98921325459585 44.55562143140807 45.77469048082496 46.62542751090555 47.10804889307631 47.21224114028555 46.968882408326735 46.418422840696785 45.62237511595206 44.65234553002454 43.61059785388039 42.568700212037086 41.61875414049854 40.86302164079266 40.4447524504207 40.43558029659382 40.835528768741455 41.63429632920435 42.76052104377872 44.11180712561527 45.555183139339164 46.94732202777119 48.28841215976735 49.578268498117026 50.81706350388115 51.9330033747197 52.85463046064901 53.57153413626351 54.145266983249805 54.65750418409044 55.26181534094584 56.20383828668417 57.5959887675526 59.32579289105695 61.25009207541003 63.15386254522643 64.87345634576423 66.23492097061798 67.15637533218012 67.56625255157203 67.54626797343303 67.10672005273726 66.22713089333013 64.93818855048546 63.40366843171981 61.725802012868385 60.08882998630271 58.646259133562296 57.602752261372565 57.07091686199389 57.13256321815675 57.73656601137205 58.811298398809136 60.33632385505622 62.27066088771277 64.6348080780562 67.2957591672674 70.18182687529422 73.14979395989545 76.06657608456942 78.7787137849861 81.13265154122033 82.94422666488963 84.16222039399078 84.70480338844038 84.60265085541157 83.81480263437435 82.4948048686352 80.7347374955324 78.66764071346302 76.4163202837487 74.15475116597409 71.99549590879845 70.102323378374 68.48545688003864 67.20631011921708 66.23416494064934 65.57926591359394 65.21091330168903 65.13934224831291 65.35431920366838 65.8660865203012 66.69509950102427 67.83113195365004 69.3151262882718 71.07543384297477 73.08135815170941 75.27150151668276 77.60491652707607 79.92809805469001 82.20011500542587 84.2674451852213 86.06868955718723 87.5015106752123 88.50449434859253 89.03670815164384 89.1083898825564 88.77070082610743 88.09528423609144 87.10260768956925 86.64210334738233 85.99738317142547 85.22985457033424 84.3702139611214 83.46963497715979 83.46965871000153 83.46967907830697 83.46970087075032 83.46972178996702 83.46974166906219 83.4697607402263 83.46977885409565 83.46979426330833 83.46981084986885 83.46982496897816 83.46984014042413 83.4698545359213 83.4698667975824 83.46987995054499 83.46989116061054 83.46990185064928 83.46991329836038 83.46992306073972 83.46993349761186 83.46994231333306 83.46995071589656 83.46995880608343 83.46996736390585 83.4699746659346 83.46998162226704 83.46998824926932 83.46999538560999 83.47000136102096 83.47000705354084 83.47001253111145 83.47001831638667 83.4700232061965 83.47002786451024 83.47003234692617 83.4700370811434 83.47004104231189 83.47004485621821 83.47004848956438 83.47005233292774 83.4700555793041 83.47005867353533 83.47006195173196 83.47006474731207 83.4700676821483 83.470070183463 83.47007283768552 83.4700750765807 83.47007745615342 83.47007946193821 83.47008161721908 83.47008341485538 83.47008534984028 83.47008716956546 83.47008888159102 83.47009033700715 83.47009187668449 83.47009335466605 83.47009473230416 83.47009604275414 83.47009728929274 83.47009846347059 83.47009958094175 83.47010064444486 83.4701017560644 83.47010270507424 83.47010359970463 83.47010445198086 83.47010535352088 83.47010611502527 83.47010684821959 83.47010760980923 83.47010826556996 83.4701088905977 83.47010955278596 83.47011011174307 83.47011071031693 83.47011121557674 83.47011170234886 83.47011221806163
24.258994618934963 23.140844531672244 22.45770623584919 21.861979972236234 21.435661391592273 21.178604450007 21.07026428970081 21.11790099006703 21.35134760644498 21.755195959755284 22.32621820383311 23.045207183183187 23.91583378392629 24.932700615570422 26.09669442348043 27.40902366956336 28.81411180235191 30.277127493103578 31.71138158516909 33.21518352189176 34.71315710197274 36.19823639033808 37.67376037948238 39.10337273926893 40.43811597634437 41.661746119708646 42.725329526804714 43.644705644671674 44.444452644534046 45.193163088344015 45.804505052259216 46.233980701590404 46.55969792861278 46.76259677235011 46.879583528495154 46.94992343707897 46.973502509858015 47.02165744380891 47.0746487791905 47.12134399344855 47.22255288687438 47.369974535334705 47.57310598363224 47.81106349275532 48.1390361417129 48.525317319209336 48.91843807685025 49.35961340838103 49.80876964504175 50.25623810088969 50.710065310691974 51.122643549126124 51.520255351748425 51.85642638784977 52.14820845861482 52.38375298276294 52.56748403180669 52.717670183063014 52.87267471412807 52.98724051688009 53.1203922103658 53.26185226460712 53.43856511315595 53.64897959281559 53.88945518203487 54.138750580876994 54.42798411274794 54.74189501673342 55.038997030319436 55.30331178184431 55.57650779183194 55.80679122680548 56.02533844162328 56.203998369892645 56.34641415847847 56.44532747772631 56.53284318180336 56.59796730581282 56.62254317797487 56.63258028954746 56.63131322535793 56.62064178966378 56.59615109455915 56.560087094246484 56.52534816029753 56.476912233764864 56.4402473336427 56.39033654501826 56.34124863485892 56.31115979485911 56.35573082051495 56.48302667902215 56.70629777134221 57.0030309656077 57.36282132209737 57.689299794701945 57.94238588296915 58.099689879479925 58.171872803064616 58.21187546776779 58.272594198808264 58.30109477717382 58.37170041539919 58.59020489937019 59.05225970505225 59.81081837168917 60.84548545643079 62.13383000956321 63.57050744672114 64.92234294654129 65.98841145638251 66.70384980926694 67.11154940005737 67.25447720371635 67.09964436546582 66.60519022038721 65.78201373019263 64.7353682126519 63.582312500301555 62.49267552132153 61.73203353018312 61.607496386916125 62.16197677287019 63.41673452170303 65.24484210963162 67.43353899683979 69.78144678445227 72.10819631259795 74.24395652077527 75.95514378507829 77.1250260306453 77.75348568432761 77.80867785752642 77.301173131434 76.27337571910888 74.7356856724149 72.85833631885556 70.83219166797419 68.81651462671113 67.02349957245279 65.6127054912671 64.72192832476067 64.30896553385966 64.33115116528448 64.75686517730915 65.60715197937716 66.8397694073291 68.51822796725867 70.56833186938205 72.9583274842236 75.58185000221863 78.2478550327696 80.81840959890812 83.12341201095148 85.0355231907328 86.39545573328242 87.16070526444068 87.32073239745964 86.87534915631846 85.93083240222113 84.5296448872372 82.80982701275467 80.962593054452 79.11525384722104 77.40592335622517 75.93019109196328 74.79425122547227 73.95567617059021 73.4462472129884 73.15981477850994 73.08576265980639 73.18164470385452 73.45801906548702 73.93616250230724 74.60548626016896 75.50841141101917 76.65561734651548 78.07891654872437 79.7464993649811 81.6158380637088 83.66574144602222 85.76872177754763 87.85048304300224 89.79418020360508 91.46172552863233 92.78944106379339 93.69233863436405 94.13855689116615 94.04313099579308 93.4910201210351 92.48220814489304 91.09106820370073 89.42378767231614 87.57596072858475 85.66438844301291 83.77404665478451 81.97928024274503 80.35443326498064 78.93136734620758 77.7207127166239 76.73307451968579 75.95784154175922 75.38440003517367 75.00211787193935 74.77913987079558 74.71547273604153 74.83234649555199 75.09790585168514 75.5227766090898 76.10694912799019 76.86104980630284 77.77446187787766 78.88965990327674 80.19602768997724 81.69356941698966 83.32917441023994 85.10284719597547 86.9614845527028 87.87488784219359 88.84139360963755 89.85038418898039 90.93371526766171 92.080769332792 92.08079551402938 92.08081798362848 92.08084202428648 92.08086510163155 92.08088703155106 92.08090807018941 92.08092805277381 92.08094505167597 92.0809633493869 92.08097892509234 92.08099566169861 92.08101154230543 92.08102506893925 92.08103957882557 92.08105194537613 92.08106373825136 92.08107636696414 92.0810871364781 92.08109865006884 92.08110837526282 92.0811176446757 92.08112656948568 92.08113601017477 92.0811440655164 92.081151739498 92.08115905017412 92.08116692273448 92.08117351459798 92.08117979438596 92.08118583704943 92.08119221916185 92.08119761342829 92.08120275231639 92.08120769716018 92.08121291978235 92.08121728960427 92.08122149697175 92.08122550515162 92.08122974501508 92.08123332630345 92.08123673975065 92.08124035614203 92.0812434401278 92.08124667773603 92.08124943709855 92.0812523651436 92.08125483501412 92.08125746007516 92.08125967278649 92.08126205041664 92.08126403350586 92.08126616811323 92.08126817557013 92.0812700642166 92.08127166978055 92.0812733682985 92.08127499875584 92.08127651851783 92.0812779641602 92.0812793392978 92.08128063460956 92.0812818673645 92.08128304058376 92.08128426688339 92.08128531379772 92.08128630072254 92.08128724092373 92.08128823547102 92.08128907553592 92.08128988437012 92.08129072452908 92.08129144794128 92.08129213744992 92.08129286795275 92.0812934845746 92.08129414490026 92.08129470228513 92.08129523927504 92.08129580819126
32.05186211732431 33.38951027113886 34.80038685452905 35.75885613452857 36.312050831769945 36.36230622129132 36.00630693372534 35.30457345616453 34.38913216551714 33.443808170981086 32.602541766343606 31.995882638729526 31.68787749498079 31.78912901554207 32.29677525269855 33.26334913462413 34.53550403339773 36.07231732834202 37.7796215367511 39.63184620286926 41.50239283749556 43.26150916182453 44.827473731357934 46.185170603939845 47.17713431784329 47.752841203873906 47.94131340692366 47.72940016586613 47.20614400897116 46.43271812860846 45.49096822686482 44.38654090974994 43.31605711408523 42.30753723345363 41.449427809374974 40.83289761494931 40.48636226957576 40.439473388441094 40.707830397377386 41.293073847126415 42.14631702712611 43.25769533652758 44.589084429334655 46.027176814191975 47.62148948137548 49.21832961734286 50.740816215673924 52.1310013916197 53.338926965641 54.27424012358955 54.91577763054794 55.25722667471578 55.314697756985595 55.05727459008533 54.557395888148385 53.82363061580858 52.95771098909681 52.06056164147569 51.20563138289154 50.44587840267942 49.89502149658071 49.52722376631439 49.348627555510035 49.3619079735777 49.6004905846803 50.07789629646087 50.78097693024158 51.742193055596175 52.96593558515992 54.49748159269839 56.36379880294446 58.445426313510175 60.52775538207677 62.30586386848324 63.71800275015628 64.82084776875026 65.66830836910881 66.27293489747444 66.61096741911153 66.59482462305924 66.1471944662334 65.296766410652 64.14577565753447 63.168041332233855 62.83791293933775 63.28576823884878 64.31490744340064 65.40897568746986 66.16739094747336 66.45152093575278 66.33174887807881 66.04772704019716 65.71042585855007 65.31817544176715 64.73608844500538 63.773750158247715 62.406540668725675 60.7545697252935 59.29079499140467 58.40726064853414 58.2258195497007 58.773822961825616 59.84891786601254 61.437559731638366 63.661823665336065 66.53528248798077 69.89662094763474 73.52805186378538 76.9974164540106 79.85827338371686 81.94881052010375 83.29445165356212 83.96335594541453 84.02379939164807 83.43366466558342 82.05827175622295 79.85730546227117 77.00564465098024 73.76087454485983 70.50209254119974 67.71700810626109 65.54035949882677 63.959129781338454 62.878577123387934 62.177236099169335 61.82752434075774 61.80264410048399 62.19747341458986 63.07976706585025 64.49016041507261 66.60482051867461 69.32894251615403 72.54071589929396 75.96928834942013 79.31666975184058 82.31174492999786 84.69755777262462 86.48738210857128 87.5999211136811 88.06202845438608 87.86049040846385 86.9001164421371 85.24892075337706 83.0691419329516 80.6184309789494 78.16746199001354 75.97390008662278 74.22718075424834 72.8868192210925 71.91227745656815 71.23563890466437 70.74861788719674 70.43777081978116 70.24873582427512 70.22224994705012 70.34477608715382 70.64340477407633 71.19951046139687 72.01295746090717 73.15157479581858 74.64246221680278 76.4991708875925 78.72177208454309 81.22885816852265 83.91208903643707 86.6630788432593 89.251474898997 91.54183175664788 93.35789595177512 94.59131398665457 95.21497908214123 95.21537389953292 94.56530836685323 93.3190217668397 91.62559566344555 89.5662517873392 87.31720939066564 85.04101257540935 82.88676921676488 80.98993237332431 79.45895645803967 78.26669947538686 77.39965674301381 76.83070965500977 76.53274056980287 76.45158833570217 76.54658295861029 76.79062627563714 77.19726987049623 77.69876094035837 78.34929002783743 79.10823288720583 79.98912768420304 80.97843448318409 82.13033475790716 83.43128907005992 84.90840024904088 86.54811817994265 88.39109451221812 90.38313709730511 92.49712625822933 94.66531807322066 96.8199666477534 98.83909962551216 99.99856032410673 99.99863532112323 99.99869927715348 99.99876023588295 99.99882481894811 99.99887989414793 99.99893292189996 99.99898850924626 98.36536164072992 96.06176701737499 93.58201201216211 91.0344939990923 88.54117586460578 86.21046424217985 84.84185955863329 83.51390530033214 82.30790939277003 81.1967645797245 80.19402476873324 80.19404757022386 80.19406713921313 80.19408807645266 80.19410817473371 80.19412727371085 80.19414559646269 80.194162999487 80.19417780399385 80.19419373964573 80.19420730467691 80.19422188074778 80.1942357113205 80.19424749179556 80.19426012859466 80.1942708987421 80.1942811692702 80.19429216773722 80.19430154701017 80.19431157430672 80.19432004407139 80.19432811689194 80.19433588959451 80.19434411158115 80.19435112705538 80.19435781039954 80.19436417733746 80.19437103362576 80.19437677454286 80.19438224367042 80.19438750628396 80.19439306452685 80.1943977624452 80.19440223795212 80.19440654446399 80.19441109289569 80.1944148986155 80.19441856285218 80.19442205361445 80.19442574615219 80.19442886513055 80.19443183793445 80.19443498748437 80.19443767335714 80.19444049302119 80.19444289617647 80.19444544623897 80.19444759727288 80.1944498834637 80.19445181053521 80.1944538812361 80.19445560832753 80.19445746737753 80.194459215691 80.19446086053132 80.19446225883235 80.19446373808792 80.19446515806885 80.19446648164413 80.19446774066793 80.19446893828845 80.19447006638788 80.19447114000597 80.19447216177387 80.19447322976998 80.19447414153771 80.19447500106 80.19447581989023 80.194476686051 80.19447741767156 80.19447812209303 80.19447885379552 80.19447948382215 80.19448008432182 80.19448072052374 80.19448125754562 80.19448183262956 80.1944823180614 80.19448278573105 80.19448328120565
50.0 50.0 50.0 50.0 50.0 50.0 50.0 50.0 50.0 50.0 50.0 50.0 50.0 50.0 50.0 50.0 50.0 50.0 50.0 50.0 50.0 50.0 50.0 50.0 50.0 50.0 50.0 50.0 50.0 50.0 50.0 50.0 50.0 50.0 50.0 50.0 50.0 50.0 50.0 50.0 50.0 50.0 50.0 50.0 50.0 50.0 50.0 50.0 50.0 50.0 50.0 50.0 50.0 50.0 50.0 50.0 50.0 50.0 50.0 50.0 50.0 50.0 50.0 50.0 50.0 50.0 50.0 50.0 50.0 50.0 50.0 50.0 50.0 50.0 50.0 50.0 50.0 50.0 50.0 50.0 50.0 50.0 50.0 50.0 50.0 50.0 50.0 50.0 50.0 50.0 50.0 50.0 50.0 50.0 50.0 50.0 50.0 50.0 50.0 50.0 50.0 50.0 50.0 50.0 50.0 50.0 50.0 50.0 50.0 50.0 50.0 50.0 50.0 50.0 50.0 50.0 50.0 50.0 50.0 50.0 50.0 50.0 50.0 50.0 50.0 50.0 50.0 50.0 50.0 50.0 50.0 50.0 50.0 50.0 50.0 50.0 50.0 50.0 50.0 50.0 50.0 50.0 50.0 50.0 50.0 50.0 50.0 50.0 50.0 50.0 50.0 50.0 50.0 50.0 50.0 50.0 50.0 50.0 50.0 50.0 50.0 50.0 50.0 50.0 50.0 50.0 50.0 50.0 50.0 50.0 50.0 50.0 50.0 50.0 50.0 50.0 50.0 50.0 50.0 50.0 50.0 50.0 50.0 50.0 50.0 50.0 50.0 50.0 50.0 50.0 50.0 50.0 50.0 50.0 50.0 50.0 50.0 50.0 50.0 50.0 50.0 50.0 50.0 50.0 50.0 50.0 50.0 50.0 50.0 50.0 50.0 50.0 50.0 50.0 50.0 50.0 50.0 50.0 50.0 50.0 50.0 50.0 50.0 50.0 50.0 50.0 50.0 50.0 50.0 50.0 50.0 50.0 50.0 50.0 50.0 50.0 50.0 50.0 50.0 50.0 50.0 50.0 50.0 50.0 50.0 50.0 50.0 50.0 50.0 50.0 50.0 50.0 50.0 50.0 50.0 50.0 50.0 50.0 50.0 50.0 50.0 50.0 50.0 50.0 50.0 50.0 50.0 50.0 50.0 50.0 50.0 50.0 50.0 50.0 50.0 50.0 50.0 50.0 50.0 50.0 50.0 50.0 50.0 50.0 50.0 50.0 50.0 50.0 50.0 50.0 50.0 50.0 50.0 50.0 50.0 50.0 50.0 50.0 50.0 50.0 50.0 50.0
50.0 50.0 50.0 50.0 50.0 50.0 50.0 50.0 50.0 50.0 50.0 50.0 50.0 50.0 50.0 50.0 50.0 50.0 50.0 50.0 50.0 50.0 50.0 50.0 50.0 50.0 50.0 50.0 50.0 50.0 50.0 50.0 50.0 50.0 50.0 50.0 50.0 50.0 50.0 50.0 50.0 50.0 50.0 50.0 50.0 50.0 50.0 50.0 50.0 50.0 50.0 50.0 50.0 50.0 50.0 50.0 50.0 50.0 50.0 50.0 50.0 50.0 50.0 50.0 50.0 50.0 50.0 50.0 50.0 50.0 50.0 50.0 50.0 50.0 50.0 50.0 50.0 50.0 50.0 50.0 50.0 50.0 50.0 50.0 50.0 50.0 50.0 50.0 50.0 50.0 50.0 50.0 50.0 50.0 50.0 50.0 50.0 50.0 50.0 50.0 50.0 50.0 50.0 50.0 50.0 50.0 50.0 50.0 50.0 50.0 50.0 50.0 50.0 50.0 50.0 50.0 50.0 50.0 50.0 50.0 50.0 50.0 50.0 50.0 50.0 50.0 50.0 50.0 50.0 50.0 50.0 50.0 50.0 50.0 50.0 50.0 50.0 50.0 50.0 50.0 50.0 50.0 50.0 50.0 50.0 50.0 50.0 50.0 50.0 50.0 50.0 50.0 50.0 50.0 50.0 50.0 50.0 50.0 50.0 50.0 50.0 50.0 50.0 50.0 50.0 50.0 50.0 50.0 50.0 50.0 50.0 50.0 50.0 50.0 50.0 50.0 50.0 50.0 50.0 50.0 50.0 50.0 50.0 50.0 50.0 50.0 50.0 50.0 50.0 50.0 50.0 50.0 50.0 50.0 50.0 50.0 50.0 50.0 50.0 50.0 50.0 50.0 50.0 50.0 50.0 50.0 50.0 50.0 50.0 50.0 50.0 50.0 50.0 50.0 50.0 50.0 50.0 50.0 50.0 50.0 50.0 50.0 50.0 50.0 50.0 50.0 50.0 50.0 50.0 50.0 50.0 50.0 50.0 50.0 50.0 50.0 50.0 50.0 50.0 50.0 50.0 50.0 50.0 50.0 50.0 50.0 50.0 50.0 50.0 50.0 50.0 50.0 50.0 50.0 50.0 50.0 50.0 50.0 50.0 50.0 50.0 50.0 50.0 50.0 50.0 50.0 50.0 50.0 50.0 50.0 50.0 50.0 50.0 50.0 50.0 50.0 50.0 50.0 50.0 50.0 50.0 50.0 50.0 50.0 50.0 50.0 50.0 50.0 50.0 50.0 50.0 50.0 50.0 50.0 50.0 50.0 50.0 50.0 50.0 50.0 50.0 50.0
50.0 50.0 50.0 50.0 50.0 50.0 50.0 50.0 50.0 50.0 50.0 50.0 50.0 50.0 50.0 50.0 50.0 50.0 50.0 50.0 50.0 50.0 50.0 50.0 50.0 50.0 50.0 50.0 50.0 50.0 50.0 50.0 50.0 50.0 50.0 50.0 50.0 50.0 50.0 50.0 50.0 50.0 50.0 50.0 50.0 50.0 50.0 50.0 50.0 50.0 50.0 50.0 50.0 50.0 50.0 50.0 50.0 50.0 50.0 50.0 50.0 50.0 50.0 50.0 50.0 50.0 50.0 50.0 50.0 50.0 50.0 50.0 50.0 50.0 50.0 50.0 50.0 50.0 50.0 50.0 50.0 50.0 50.0 50.0 50.0 50.0 50.0 50.0 50.0 50.0 50.0 50.0 50.0 50.0 50.0 50.0 50.0 50.0 50.0 50.0 50.0 50.0 50.0 50.0 50.0 50.0 50.0 50.0 50.0 50.0 50.0 50.0 50.0 50.0 50.0 50.0 50.0 50.0 50.0 50.0 50.0 50.0 50.0 50.0 50.0 50.0 50.0 50.0 50.0 50.0 50.0 50.0 50.0 50.0 50.0 50.0 50.0 50.0 50.0 50.0 50.0 50.0 50.0 50.0 50.0 50.0 50.0 50.0 50.0 50.0 50.0 50.0 50.0 50.0 50.0 50.0 50.0 50.0 50.0 50.0 50.0 50.0 50.0 50.0 50.0 50.0 50.0 50.0 50.0 50.0 50.0 50.0 50.0 50.0 50.0 50.0 50.0 50.0 50.0 50.0 50.0 50.0 50.0 50.0 50.0 50.0 50.0 50.0 50.0 50.0 50.0 50.0 50.0 50.0 50.0 50.0 50.0 50.0 50.0 50.0 50.0 50.0 50.0 50.0 50.0 50.0 50.0 50.0 50.0 50.0 50.0 50.0 50.0 50.0 50.0 50.0 50.0 50.0 50.0 50.0 50.0 50.0 50.0 50.0 50.0 50.0 50.0 50.0 50.0 50.0 50.0 50.0 50.0 50.0 50.0 50.0 50.0 50.0 50.0 50.0 50.0 50.0 50.0 50.0 50.0 50.0 50.0 50.0 50.0 50.0 50.0 50.0 50.0 50.0 50.0 50.0 50.0 50.0 50.0 50.0 50.0 50.0 50.0 50.0 50.0 50.0 50.0 50.0 50.0 50.0 50.0 50.0 50.0 50.0 50.0 50.0 50.0 50.0 50.0 50.0 50.0 50.0 50.0 50.0 50.0 50.0 50.0 50.0 50.0 50.0 50.0 50.0 50.0 50.0 50.0 50.0 50.0 50.0 50.0 50.0 50.0 50.0