4 302 9
300.00980000000004 300.01 301.04 301.96 302.98 303.99 305.01 306.01 307.02 308.02 309.01 310.0 310.99 311.98 312.96 314.05 315.02 316.0 316.97 318.05 319.02 319.98 320.95 322.03 323.0 323.97 325.04 326.02 326.99 327.96 329.05 330.03 331.01 332.0 332.99 333.98 334.97 335.97 336.98 337.99 339.0 340.02 341.04 341.95 342.98 344.02 344.95 345.99 347.04 347.98 349.03 349.98 351.04 352.0 352.95 354.03 354.99 355.95 357.04 358.01 358.98 359.95 361.05 362.02 363.0 363.98 364.95 366.06 367.04 368.02 368.99 369.97 370.95 372.05 373.03 374.0 374.98 375.95 377.04 378.0 378.97 380.05 381.01 381.96 383.04 383.98 385.05 385.99 387.04 387.98 389.02 389.95 390.99 392.02 393.05 393.96 394.98 395.99 397.0 398.01 399.01 400.0 401.0 401.98 402.97 403.95 405.04 406.02 406.99 407.96 409.04 410.01 410.97 412.05 413.01 413.98 415.05 416.02 416.98 417.95 419.03 420.0 420.98 421.95 423.04 424.03 425.01 426.0 427.0 427.99 429.0 430.0 431.01 432.03 433.05 433.96 434.99 436.02 437.06 437.99 439.03 439.97 441.02 441.97 443.03 443.98 445.05 446.0 446.96 448.04 449.01 449.97 451.06 452.03 453.0 453.98 454.95 456.05 457.02 458.0 458.98 459.95 461.05 462.03 463.0 463.98 464.95 466.04 467.01 467.98 468.95 470.03 470.99 471.95 473.03 473.98 475.04 475.99 477.05 477.99 479.04 479.97 481.01 482.05 482.96 483.99 485.01 486.03 487.05 488.06 488.95 489.95 490.95 492.05 493.04 494.02 495.0 495.98 496.95 498.03 499.0 499.97 501.04 502.01 502.97 504.04 505.0 505.96 507.03 507.99 508.96 510.03 511.0 511.97 513.05 514.02 515.0 515.98 516.96 517.95 519.05 520.05 521.05 522.05 522.95 523.96 524.98 526.0 527.03 528.06 528.98 530.02 530.95 532.0 533.05 533.99 535.05 536.0 536.95 538.02 538.98 540.06 541.02 541.98 542.95 544.03 545.0 545.97 546.94 548.04 549.01 549.98 550.96 552.05 553.02 553.99 554.97 556.06 557.02 557.99 558.96 560.04 561.0 561.96 563.03 563.99 565.05 566.0 567.06 568.0 569.05 569.98 571.03 571.95 572.99 574.02 575.04 575.95 576.96 577.98 578.98 579.98 580.98 581.97 582.96 583.95 585.04 586.02 586.99 587.96 589.04 590.0 590.97 592.03 592.99 593.95 595.02 595.97 597.04 597.99 598.95 600.02
0.0 13.54 26.89 39.77 51.58 60.9 70.0 80.0 90.0
71.04621016395508 71.04640116776291 72.01828385346005 72.86622769671244 73.78380616888882 74.6687911250516 75.53851734100292 76.36764030081241 77.18133551154482 77.96350007421718 78.7148996341819 79.44358638507431 80.14972241721287 80.83351346454663 81.48863126151679 82.19218038521053 82.79637466926383 83.38620033031759 83.9499753586079 84.55469490631351 85.07760724218844 85.57671080199597 86.0628242770298 86.58308345197726 87.03199759835246 87.46401013135127 87.92150344746943 88.32348667487035 88.70581620544317 89.0731366507707 89.46856084454765 89.8089302791267 90.1354393507316 90.45167684330286 90.75470945707075 91.04499891710968 91.32299884563508 91.59178361798111 91.85144626538978 92.09969055317852 92.33695734246406 92.56586954226188 92.7844541505615 92.9710893349243 93.17318282103754 93.3677742527981 93.53405936521106 93.71173239951312 93.88261661152673 94.02866297110008 94.18438485663707 94.31881549645519 94.46188429454403 94.58542075370688 94.70226648863779 94.82885690351769 94.93604806687371 95.03844139025932 95.14914329683194 95.24291166257191 95.33241284382228 95.4178333955487 95.50999053245954 95.58729270871683 95.66179417291137 95.73284107811558 95.79991360693788 95.87288634464566 95.93411680484175 95.99249202854743 96.04758736720244 96.10066204148657 96.1512532899957 96.25550174961784 96.33139882041215 96.39467795997966 96.46645123671975 96.56612120003281 96.65844215475285 96.72381746512531 96.78793206891251 96.79351824859661 96.76326078208042 96.65051059324543 96.45920665896845 96.21197151134965 95.92628403983808 95.63592769263668 95.34686541703665 95.12485070163025 94.97462242393672 94.90202982229161 94.91153770145479 94.90976065640551 94.87669229130346 94.79022186249375 94.59335825892039 94.33475007693302 94.05508097147784 93.83541589524594 93.68582768492107 93.34297482179035 92.21934985533525 89.87863147097849 85.82417392439108 80.37967596622228 73.78898844390321 66.60780810773275 59.059987807589664 51.22673024947082 43.1591478546673 34.85645017286863 26.633539474623827 19.09928622627901 12.740428633987205 8.12556325057378 5.0014475790966575 3.1451001723726635 2.0089105572718937 1.339340878745503 0.9436765960660003 0.6798838119393709 0.5175460457610527 0.4059351393741466 0.3247623484580353 0.2638793826426069 0.23344007689649535 0.2029983251857543 0.19285475850995412 0.18271017462940434 0.17256480330441798 0.16241853558711777 0.15227152227512983 0.15227550155030883 0.15227928316336486 0.14213033157059168 0.14213356730497856 0.13198402355703892 0.12183393228209875 0.12183608252422182 0.11168517403532645 0.11168697908425555 0.11168889761452336 0.10153686253581308 0.10153845541406595 0.09138583173464286 0.10154126692643421 0.1015424941943845 0.10154367658406104 0.09139044662676034 0.0913914174013172 0.08123762926982019 0.08123850715459212 0.08123924917194779 0.08123995607283516 0.08124063629269838 0.07108611785233694 0.07108672208312647 0.07108722802633492 0.0609323270330429 0.06093272437990755 0.06093309896303627 0.06093350234097498 0.06093384349950563 0.06093416511271621 0.0507787288208245 0.05077897193915478 0.05077923142984634 0.05077945075768884 0.04062372776298395 0.040623887007447096 0.040624055458013 0.04062419774434413 0.040624333363181525 0.050780597941287 0.050780749471041824 0.05078091026493694 0.05078104730783792 0.05078119272910462 0.05078131539578807 0.05078144577068702 0.05078155566655513 0.05078167265810509 0.05078178372205943 0.05078187627699928 0.0406255808641342 0.040625655981508725 0.04062572736420494 0.040625795197891036 0.05078232380357201 0.0507823908641456 0.05078246273742082 0.050782531105583846 0.06093912295909284 0.060939196103214834 0.06093926502895368 0.06093933065888648 0.060939393150601415 0.060939452061578865 0.06093951437788792 0.07109616214149811 0.08125282427280929 0.0812528950725909 0.09140957557099913 0.0914096402792119 0.0914097088347019 0.10156640810835642 0.11172311702502906 0.12187984274196771 0.14219322817971075 0.15234996812402976 0.1726633931872029 0.1929768259714177 0.23360363274392373 0.2742304838148789 0.34532741810321294 0.44689448284083805 0.5789317075399647 0.7820659209405807 1.1172374158571587 1.696170149252461 2.7727820134877406 5.078356854013195 9.222298669054606 15.113197982590966 21.410369398534367 26.895005871044397 30.653001151812372 33.557832652575186 37.02128527938026 41.15508248153177 46.09126392232051 51.76888760478973 51.7688970142845 51.76890594252744 51.76891354734218 51.76892170495174 51.76892865755556 51.76893528763313 51.76894238762728 51.768948442360454 51.76895491542136 51.768960383026936 51.76896559438762 51.768970612008964 51.76897591966292 51.76898044846008 51.76898476285265 51.76898887299108 51.768993299026704 51.768997005041165 51.769000535603524 51.76900393285201 51.76900752094224 51.76901055365514 51.769013442791675 51.76901622283448 51.769019159047176 51.76902161580668 51.76902398123261 51.76902623467317 51.769028618368665 51.769030631806366 51.769032550882024 51.76903458405501 51.769036317904 51.76903813812115 51.76903968946356 51.769041335641056 51.76904272422805 51.76904420006477 51.76904544407417 51.76904678080266 51.76904789571613 51.76904909581467 51.76905022442789 51.76905128624466 51.76905218890947 51.769053143834 51.769054060494135 51.76905491492018 51.76905572767542 51.76905650079213 51.769057229029926 51.76905792209762 51.76905858169374 51.76905927113219 51.76905985971836 51.769060414577794 51.769060943168725 51.76906150231359 51.76906197460684 51.76906242934188 51.76906290168802 51.76906330839791 51.76906369604686 51.76906410674318 51.769064453414416 51.7690648246564 51.76906513802399 51.76906543992532 51.769065759775955
70.84189413879645 70.84208459331195 71.81117232053342 72.65667763096033 73.57161731373789 74.4540572135472 75.32128225451663 76.14802080695063 76.95937597771801 77.73929117685506 78.4885298478569 79.21512102770922 79.91922634058808 80.60105092878901 81.25428472569808 81.95581056961204 82.55826730039885 83.14639672974194 83.7085504432204 84.31153092709646 84.83293946185763 85.33060769027668 85.8153231910517 86.33408619489542 86.78170934553962 87.21247948878454 87.66865713703427 88.06948433352217 88.4507143536523 88.81697845194634 89.21126547740229 89.5506560711706 89.8762261618568 90.19155421270924 90.49371535959668 90.78316999975594 91.06037045086714 91.32838224691812 91.58729815160993 91.8348285338148 92.07141298681277 92.29966687660834 92.51762287518726 92.70372133058258 92.90523363245394 93.09926545452137 93.26507236108588 93.4422344399399 93.61262721992806 93.75825357663837 93.91352763425307 94.04757167591312 94.19022903406616 94.31341022476022 94.4299199325327 94.55614629632063 94.66302919731643 94.7651280560601 94.87551160401125 94.96901030892444 95.05825410099727 95.14342899869717 95.23532110838335 95.40232776329135 95.53668298127992 95.63765820617232 95.74472041026308 95.8777814175244 95.98915559929968 96.06763275590642 96.13281120221468 96.1457508571152 96.1059084926341 96.00900490705634 95.82319436065475 95.58427466938976 95.3435275363709 95.11029614001292 94.87947390739308 94.68206665137258 94.54375321285617 94.43752227029421 94.39643167556171 94.33345326274221 94.23228775079527 94.10566828204868 93.930510467265 93.72051540886581 93.36018448843303 92.7838219352052 91.8239402575609 90.29404915295108 88.00583150349267 84.6732607994287 80.36690845044038 75.06464995565639 68.85022780816627 61.86350498663509 54.40827960769137 46.74790101724731 39.06477036842264 31.622522391746838 24.644424787944654 18.37391800061633 13.115511499083063 8.889858139860685 5.737972231402284 3.568819719322223 2.261124417774319 1.4602188821249733 0.9735643189220101 0.689659479568133 0.5071382202685946 0.3854540271230199 0.3043251385541632 0.2536197916717387 0.21305428356536493 0.17248204138868295 0.16234449520188754 0.1420585581697023 0.12177093912992223 0.11162841461986779 0.10148479815692624 0.10148896639738113 0.10149341567413987 0.09134752700163301 0.09135078099178044 0.09135391043869015 0.10150768698855389 0.09135975171803142 0.10151389065248904 0.10151676771519888 0.11167148442754238 0.10152218428333423 0.11167717603616845 0.11167953378506522 0.11168207627760558 0.11168449125349675 0.10153346072726666 0.10153525268719167 0.10153716041015759 0.10153880144751322 0.10154054565498961 0.09138784211972606 0.09138927578334982 0.0913904977077191 0.08123716113215672 0.09139291087122718 0.08123908895668393 0.08124010029818979 0.08124096325296545 0.07108655495943679 0.07108732314783237 0.07108797244616871 0.06093307801373696 0.06093358820468235 0.06093406916886029 0.060934587107409136 0.06093502079515845 0.06093543811264914 0.06093583547980151 0.060936210082055665 0.05078051123382503 0.05078079554711629 0.05078106357180919 0.0507813214785377 0.0507815646092811 0.05078182411322172 0.05078204345226265 0.05078225240897212 0.06093894176965729 0.05078266204867272 0.0507828399156677 0.05078300944786996 0.050783190694433655 0.05078334223192527 0.050783503034030196 0.0507836400839283 0.05078378551261992 0.050783908185566475 0.05078403856712211 0.05078414846860127 0.06094111855934949 0.06094125184289954 0.06094136291449815 0.060941482684415224 0.07109852792726837 0.07109865285336488 0.07109877156837659 0.08125586663174024 0.08125597393413635 0.08125608893724821 0.09141322312338102 0.10157039064280855 0.12188461506708341 0.13204181566939946 0.1523561052402087 0.18282751377296735 0.22345606618490632 0.26408471190601607 0.33518473449531233 0.43675622920481255 0.5992706971304896 0.8531995990596114 1.3204288856474964 2.173630718861699 3.6159487421555996 5.728641387026024 8.481238736669178 11.660440038485243 14.95137355272172 18.17121070277531 21.350421010506718 24.58041979826319 27.72916464103203 30.390364383516612 32.05615908918984 32.5741891579443 32.025711041092045 30.593553751261556 28.67384917076637 26.63225510116968 24.692231694535316 22.87409361857344 21.12705432356427 19.603473793346073 18.66901236389793 18.790903753362947 18.496347866516444 18.618238877994905 19.055004136979086 19.735543920728865 20.649700245821318 20.649703999103558 20.64970756042289 20.649710593849957 20.649713847777168 20.64971662104875 20.649719265670274 20.64972209773327 20.64972451286002 20.649727094850352 20.64972927578221 20.64973135450248 20.64973335594353 20.649735473073495 20.64973727953116 20.649739000466596 20.649740639928645 20.649742405396537 20.649743883660634 20.649745291939965 20.649746647042733 20.64974807826892 20.649749287964845 20.64975044039068 20.649751549300937 20.649752720504626 20.649753700462853 20.649754643989716 20.64975554284759 20.64975649366187 20.649757296786813 20.649758062272394 20.6497588732694 20.649759564871317 20.649760290923975 20.649760909727224 20.64976156635852 20.64976212024149 20.649762708926843 20.64976320514035 20.64976373833787 20.64976418305728 20.649764661755512 20.649765111939512 20.649765535479574 20.649765895536717 20.64976627643934 20.649766642078976 20.649766982894523 20.649767307088315 20.649767615470996 20.649767905952267 20.6497681824048 20.64976844550611 20.649768720511002 20.64976895528769 20.649769176611375 20.649769387457013 20.649769610490083 20.649769798879568 20.64976998026539 20.649770168675968 20.649770330905405 20.649770485531764 20.649770649351314 20.649770787632384 20.64977093571429 20.64977106071112 20.649771181134263 20.649771308717064
70.61283323924613 70.61302307794405 71.57897734707213 72.42174879204647 73.33373009956713 74.21331670924768 75.07773765596734 75.90180302357454 76.71053475029755 77.4879281637136 78.23474423879189 78.9589860513484 79.66081470296197 80.34043467261893 80.99155629673879 81.69081381986857 82.29132256094715 82.8775503266239 83.43788636657938 84.03891716723865 84.55863977435126 85.05469883726921 85.5378470540242 86.05493268430587 86.50110848571143 86.93048577240287 87.38518841121459 87.78471956897697 88.16471691609055 88.5297967323316 88.92280886611745 89.26110207089505 89.58561945994553 89.92832036547958 90.25808718263457 90.60394550106975 90.9188199609857 91.18641514110556 91.46414978376711 91.7209839180118 91.95727508504642 92.1271338626001 92.3058495230865 92.44288320864538 92.55608839030064 92.67123691455164 92.69926823901567 92.72827674854216 92.77949002554031 92.7073752230666 92.64410534435589 92.50001187090722 92.29439079162535 91.91036251564314 91.29064543145459 90.32124006843927 88.85386579819736 86.90122092127297 84.41397492704252 81.4078702656003 78.03307994254247 74.43895775414991 70.70336432786901 66.93001573291657 63.22869702887028 59.75978552811841 56.67424652988828 54.02900690079788 51.734746967094665 49.65700955175534 47.53488355700251 45.19817600955571 42.364786714120335 39.187529341335946 35.67124343151708 31.868628139066235 27.860534189287883 23.717302208431413 19.520793938850016 15.430564258347635 11.650166505593706 8.41263740178171 5.798757796598019 3.920875592151353 2.5979040239766245 1.729023306565846 1.2035827719448788 0.8599075617126158 0.6273861465646348 0.48582350641517025 0.38469800943809673 0.3037679392566288 0.25319229755267714 0.21272289973145875 0.1823676066957295 0.16212975438353905 0.1418871084790416 0.13177292403663282 0.12165463765254816 0.11153252371553748 0.10140670800086589 0.1014194319798082 0.10143166375136997 0.10144307458303975 0.10145405033152682 0.09131795571060182 0.09132779119940379 0.08118772409935553 0.08119476284350022 0.09135165317629243 0.08120856500412899 0.0710627927504669 0.07106779020986298 0.06091982890715905 0.060923698166829195 0.06092742404529195 0.0609313302530598 0.06093469565451636 0.05078155817017382 0.05078410521875307 0.05078679977146068 0.06094691897428189 0.060949574269235876 0.07111075722832448 0.07111387472425201 0.07111656289793228 0.08127896710718274 0.08128175151920064 0.09144498120950788 0.10160868596567335 0.10161174432114851 0.11177608657290308 0.11177912944405831 0.1219440551359036 0.11178482653907428 0.121949658066227 0.12195243436807413 0.1219550714267561 0.12195759991245013 0.12195975233717818 0.12196204381146217 0.13212768286740745 0.13212995252283977 0.14229589865301154 0.1422981309461588 0.15246432166032456 0.15246650470589293 0.16263290397485586 0.17279947257604994 0.19313122654228676 0.20329818740578778 0.2337952575722509 0.26429314719020763 0.3049564167628451 0.376116186742737 0.46760782307666704 0.6099280617693078 0.8335754364014902 1.2198751744108611 1.8806537735760491 2.9277395611438166 4.401802163935872 6.302853137260808 8.52923127337371 10.979282949429932 13.592014682021876 16.245432649997753 18.72605748395404 20.85087393560214 22.48772448940835 23.51460697947384 23.880692103327966 23.67744857894749 22.96588016347649 21.89848713022441 20.627745112719705 19.224834658184157 17.862573057385617 16.774803612394226 16.175016373564265 16.21572429418104 17.0494222515611 18.767624320237392 21.41099851690669 24.806710161020185 28.76160695444556 33.02151718590267 37.27127300204674 41.277037930437764 44.90664114841145 48.058404579231386 50.681507488265154 52.56243660482456 53.55885979428754 53.47758934336985 52.50163188594378 50.783488323340585 48.62816291002892 46.39149526719124 44.358163670826805 42.741664630830904 41.664007433727285 41.22686611920178 41.501404147952435 42.487626336916954 44.13470309981685 46.21895614203407 48.54721735880882 50.885650221142434 53.09191045055471 55.074498548369114 56.77241477700177 58.11448392933914 59.080374417569516 59.72092355805824 60.00562410113043 60.07681689190758 60.04633853767359 60.04636010727621 60.20905306350179 60.54458656014657 61.052956597663844 61.68333029068963 62.34420453069847 62.95424146356886 63.513444622098795 64.00147816527533 64.44884300432246 64.64203146312467 64.75388294011336 64.82506419304836 64.87591229820544 64.93692555069643 64.93693735360914 64.93694855285783 64.93695809204849 64.93696832464394 64.93697704572601 64.93698536224338 64.93699426820626 64.9370018630335 64.93700998259514 64.93701684095183 64.93702337788466 64.93702967179821 64.93703632951767 64.93704201026874 64.93704742207883 64.93705257768032 64.93705812953122 64.93706277821495 64.93706720681823 64.93707146819764 64.93707596896168 64.9370797730815 64.9370833971046 64.93708688428467 64.93709056735831 64.93709364902408 64.93709661612448 64.9370994427547 64.93710243277175 64.93710495835151 64.93710736556709 64.93710991590203 64.93711209077632 64.93711437398755 64.93711631993253 64.93711838483503 64.93712012662579 64.93712197785929 64.93712353829741 64.93712521503885 64.93712661354394 64.93712811890194 64.93712953459149 64.9371308664941 64.93713199876252 64.93713319658357 64.93713434640722 64.93713541816679 64.93713643765608 64.9371374074243 64.93713832089813 64.9371391902559 64.93714001762821 64.93714088243361 64.93714162073374 64.93714231672833 64.9371429797727 64.93714368114277 64.93714427356949 64.93714484397184 64.93714543646489 64.93714594662632 64.93714643287844 64.9371469480403 64.93714738289152 64.93714784856336 64.93714824163976 64.93714862033332 64.9371490215418
69.32051408901727 69.18600997323107 69.8593773772757 70.16771250463223 70.17317347748747 69.78801678667577 69.0097074570671 67.78852911690221 66.19406257684972 64.22904310308172 61.92982604237318 59.407257322297994 56.76970317956301 54.155075275097424 51.710220140837066 49.628912131231885 47.83108861023784 46.37142259651883 45.296770674314274 44.590016236344304 44.16684707586639 44.02035672452131 44.04380237625946 44.164145237044316 44.26479623988338 44.346340123861 44.40235754592547 44.41001623458065 44.39671536013807 44.36478408569053 44.326156639375256 44.27723341029888 44.267327914082585 44.25115931333942 44.179563855057715 43.95649104255 43.42704024925507 42.503365668407575 41.114710939894664 39.159688875545 36.73202377933608 33.89829759631972 30.694846493341657 27.22168647785041 23.59107367652616 19.92318461403148 16.343252154762514 13.028373784078497 10.125289615007839 7.665200754706756 5.7336219793988334 4.27158552203434 3.173727242874247 2.420765860381905 1.8751695172895961 1.4781705420149551 1.1998714162408621 0.9909615689926422 0.8417952690518374 0.722249870078693 0.6325625066497438 0.5728312720042305 0.5130282619090977 0.4731734101346166 0.44331610689789036 0.41339680585943067 0.40359652754290204 0.37361115856534716 0.35364167448434536 0.3437466668298734 0.3439439618330586 0.3238908431893121 0.32406135233867206 0.32424324473392285 0.31425982483007614 0.314400587848168 0.32468248231469465 0.3248145141453223 0.335110415625374 0.34539076231039134 0.3658358848416282 0.3863031456221707 0.4169312162457373 0.4475705395820616 0.48841466502290326 0.5394337134958519 0.6108544337512635 0.6721005590608163 0.7741307277339482 0.9067441707424903 1.0801888413872385 1.314824746429452 1.6005439801532588 2.039306127722498 2.641389435355609 3.4884003950862357 4.621368326219115 6.142381698938073 8.031185084718775 10.247077853901246 12.779930498968046 15.548144064850751 18.49053505055434 21.49472942175453 24.407582714215987 27.096200670410493 29.37695684555717 31.15714808048388 32.27343081652583 32.77673879291322 32.76938479599959 32.311980314060044 31.54778554677762 30.558785617920005 29.477302777651673 28.456945120431158 27.610322053337587 27.09048303269648 26.98966064022189 27.38974525349753 28.25004909504564 29.508987674665224 31.095197891001746 32.937108233237986 34.9531112718617 37.071333509038524 39.169176573435635 41.18529442267725 43.007167911718355 44.57337710813494 45.79188063087049 46.642147354697 47.12417160826711 47.22769396138975 46.98336263397533 46.431958486058605 45.63509195605189 44.66422771577836 43.62167098723157 42.57893969919017 41.62829429620621 40.87189076557522 40.45312444017436 40.443491398791764 40.84314456037763 41.6417387193645 42.7678034750537 44.118898922088725 45.5620928926554 46.95419877982771 48.295090954494285 49.58482103312556 50.82345595365213 51.93924275430483 52.86061127479779 53.577328317960095 54.15077529451428 54.66286856436435 55.26698883873834 56.20878518598442 57.600821971346605 59.33054163500075 61.254738417087594 63.15843004367103 64.87792610918923 66.23926633598826 67.16057258685169 67.57024637614231 67.55007161079217 67.11031547369333 66.23050691440625 64.94136892540482 63.40657598361024 61.7284930853127 60.091346993642674 58.6485928583131 57.604951063269645 57.07295773222706 57.1345231308882 57.73844853627208 58.81313641494394 60.33808991281246 62.27240891852843 64.63654805888223 67.2974532507504 70.18352211749165 73.15146452250801 76.06824163173808 78.78034465572487 81.13426266130865 82.94577033984527 84.16372371733544 84.70623529528986 84.60401488587904 83.81610180221232 82.49601475179163 80.73585923368249 78.66867617639927 76.41727239176194 74.15563438876669 71.99632115846336 70.10308598106559 68.48616936676729 67.20696530551696 66.23477803639032 65.57984795634304 65.2114635514346 65.13986480385428 65.35482251302909 65.86656269274768 66.69555883997495 67.8315804392172 69.31555738008987 71.07585495553639 73.08177468144429 75.27190506986629 77.60531370379664 79.92848855076205 82.20049304112626 84.26781542705193 86.06905342657431 87.5018594574949 88.50483120187322 89.03703172842242 89.10869246380808 88.7709888858372 88.09555727906279 87.10286554014078 86.64234850744923 85.99761546235482 85.2300694733732 84.37041695025978 83.46982496897816 83.46984014042413 83.4698545359213 83.4698667975824 83.46987995054499 83.46989116061054 83.46990185064928 83.46991329836038 83.46992306073972 83.46993349761186 83.46994231333306 83.46995071589656 83.46995880608343 83.46996736390585 83.4699746659346 83.46998162226704 83.46998824926932 83.46999538560999 83.47000136102096 83.47000705354084 83.47001253111145 83.47001831638667 83.4700232061965 83.47002786451024 83.47003234692617 83.4700370811434 83.47004104231189 83.47004485621821 83.47004848956438 83.47005233292774 83.4700555793041 83.47005867353533 83.47006195173196 83.47006474731207 83.4700676821483 83.470070183463 83.47007283768552 83.4700750765807 83.47007745615342 83.47007946193821 83.47008161721908 83.47008341485538 83.47008534984028 83.47008716956546 83.47008888159102 83.47009033700715 83.47009187668449 83.47009335466605 83.47009473230416 83.47009604275414 83.47009728929274 83.47009846347059 83.47009958094175 83.47010064444486 83.4701017560644 83.47010270507424 83.47010359970463 83.47010445198086 83.47010535352088 83.47010611502527 83.47010684821959 83.47010760980923 83.47010826556996 83.4701088905977 83.47010955278596 83.47011011174307 83.47011071031693 83.47011121557674 83.47011170234886 83.47011221806163
35.17709527009455 34.571489884229806 34.28086598567235 33.75266707553267 33.064789956933154 32.229020798873854 31.266885135226087 30.19943311543973 29.08709859621583 27.958792770841 26.877497367543214 25.87592969325015 24.993360361004285 24.2523965945219 23.674066135703402 23.312493091614854 23.09472780138256 23.058739481502723 23.223815622703402 23.59442502264599 24.130898119372958 24.82432025321893 25.68024115754979 26.706127267719484 27.871954789623388 29.167046216436688 30.59771687209766 32.06983237151057 33.50785958540787 34.99013962505566 36.50474324510752 37.988430003217594 39.45653622600384 40.85053908316082 42.1678183621737 43.36747908834043 44.37828137671669 45.25972180188633 46.020513969675676 46.72875001443883 47.27301511479368 47.653263575699796 47.92805348084544 48.065107400793345 48.12885229653801 48.14772809927017 48.11079824235262 48.11000294234607 48.11564088702117 48.10827209616864 48.16735598634343 48.26703309074581 48.43316991083203 48.64124524617886 48.92905545531406 49.28467460091765 49.65168004188611 50.05841430781885 50.48071657403179 50.905227137041976 51.32817811460611 51.718332755078656 52.09190074519402 52.405702363692896 52.67657648566002 52.88311662847938 53.04581906794557 53.18053545366044 53.30887043287179 53.40426047611223 53.51889624532664 53.64300447869294 53.79735649646775 53.99579637593989 54.22132534966355 54.45611120077493 54.73230002961703 55.028434990799596 55.315788040422504 55.567820310164684 55.829827228127535 56.05095394605621 56.258452635669364 56.422856573114494 56.55702685345668 56.64590991391079 56.72551252982547 56.78134899857254 56.79578403660356 56.797512282760636 56.789317790610866 56.768615016163274 56.7380363708411 56.69616482526936 56.65372371534819 56.59902495454519 56.5554952287267 56.50081013247765 56.4456730457554 56.41128980009666 56.45058252780389 56.574204272234816 56.792941409791176 57.085446517074914 57.44135814813051 57.7651887516757 58.01521635941562 58.168968650822954 58.237624650573586 58.2742441342791 58.33235600539294 58.35791502391033 58.42565196664287 58.64217070798733 59.10199468927847 59.85874954827919 60.89159148706752 62.178628825688754 63.61414078955584 64.96479664126515 66.02929609115324 66.74322292003141 67.14936651053647 67.29007925068923 67.13384371918178 66.63758126552678 65.81212950728342 64.76364643795596 63.60886796697729 62.517579219411836 61.755216273918855 61.6295887895162 62.18325169023052 63.437491160869214 65.26495670439546 67.45320266513129 69.80089775556978 72.12738462113559 74.26280774665912 75.97341405678318 77.14270519410142 77.77036170913252 77.82478411147291 77.31629687829698 76.2876006392796 74.74904514238797 72.87074462946777 70.84357926507823 68.8269526297524 67.03331704379328 65.6217804177734 64.7304823286421 64.31705517548109 64.33888009381134 64.76419279973518 65.61424790756539 66.84656915687795 68.52495271321986 70.57493833185336 72.96474906520777 75.58819250092392 78.25411839663875 80.82454036430144 83.12942377396594 85.04138211505709 86.4011237376522 87.16615278413691 87.32589390447492 86.88024124486093 85.93543637504754 84.53395390468742 82.81388265863555 80.966305819759 79.11870305116186 77.40916574382514 75.933212600392 74.79710625817519 73.95832084403108 73.44876676098139 73.16220018489133 73.08804679252664 73.18378674703821 73.46008114222032 73.9381528772914 74.60736435655389 75.51023531687889 76.65736797357059 78.0806261579257 79.74815027074085 81.61745877884299 83.66729854908904 85.77025379655907 87.85196812653196 89.79562793599126 91.46314322727835 92.79080192987479 93.69364040698235 94.13979599005928 94.04430272479388 93.49213364914459 92.48326822386488 91.09205913082617 89.4247179904427 87.57681449617839 85.66518139438108 83.77479018363833 81.97997198398606 80.35507787778954 78.93197521568771 77.7212745909339 76.73360299164543 75.95834375946757 75.38486887364813 75.0025622495854 74.77956607709622 74.71587330818735 74.83272948244642 75.09827274940908 75.52312393592442 76.10728351544084 76.86137474889495 77.77477188800358 78.8899601619353 80.19631913799721 81.6938468200773 83.3294448122897 85.10311096417226 86.96174198550634 87.87513649051293 88.84163358263585 89.8506107424658 90.93393404814887 92.08097892509234 92.08099566169861 92.08101154230543 92.08102506893925 92.08103957882557 92.08105194537613 92.08106373825136 92.08107636696414 92.0810871364781 92.08109865006884 92.08110837526282 92.0811176446757 92.08112656948568 92.08113601017477 92.0811440655164 92.081151739498 92.08115905017412 92.08116692273448 92.08117351459798 92.08117979438596 92.08118583704943 92.08119221916185 92.08119761342829 92.08120275231639 92.08120769716018 92.08121291978235 92.08121728960427 92.08122149697175 92.08122550515162 92.08122974501508 92.08123332630345 92.08123673975065 92.08124035614203 92.0812434401278 92.08124667773603 92.08124943709855 92.0812523651436 92.08125483501412 92.08125746007516 92.08125967278649 92.08126205041664 92.08126403350586 92.08126616811323 92.08126817557013 92.0812700642166 92.08127166978055 92.0812733682985 92.08127499875584 92.08127651851783 92.0812779641602 92.0812793392978 92.08128063460956 92.0812818673645 92.08128304058376 92.08128426688339 92.08128531379772 92.08128630072254 92.08128724092373 92.08128823547102 92.08128907553592 92.08128988437012 92.08129072452908 92.08129144794128 92.08129213744992 92.08129286795275 92.0812934845746 92.08129414490026 92.08129470228513 92.08129523927504 92.08129580819126
23.669829551248153 22.619659332050446 22.226047939126346 22.31498950594622 23.131054199438605 24.543515396215245 26.451678382265747 28.690956528177157 31.052471454621898 33.38944567395413 35.51152276569751 37.33591568300503 38.72962804942096 39.66877482471367 40.103912690630956 40.02605622953393 39.46584847414024 38.54923660330554 37.40498630614186 36.271216578406985 35.23788071108114 34.4659968163722 34.025672832235536 34.05024342564977 34.49380389279924 35.39686977615379 36.67326557547536 38.208154661810774 39.91987073295334 41.749696530297754 43.644379280738654 45.40101884814998 46.94877345360079 48.24875668394757 49.19509187634824 49.7079583838702 49.79606054546751 49.49556518642111 48.88013870245189 48.01042302972272 46.94942617809404 45.74911139142159 44.589084429334655 43.4859580379718 42.55399128281165 41.87464234110439 41.4665950513181 41.375470144363995 41.60802893883336 42.1579323501668 42.989557566319874 44.076878502016804 45.395200874153936 46.82638351576495 48.40301523361506 49.988531628441386 51.50137393689665 52.86903777694666 54.058497604016615 54.97511603704322 55.585154510312805 55.901092703462325 55.92844456291138 55.64045473446214 55.110173912134044 54.33672032167309 53.439596874760944 52.51765744764387 51.62807411546656 50.842897344403944 50.2693291129873 49.88165024968697 49.67995872631688 49.68101074612263 49.905947803893206 50.371452243750184 51.064901823032436 52.01303144458043 53.232301173246384 54.75813594030988 56.62070673594593 58.70113343987906 60.77960355124068 62.54848271788785 63.95616910871275 65.05119320462587 65.89211225808894 66.48766421663862 66.81476860044498 66.78876982397726 66.33174887807881 65.4674139501423 64.3065876725827 63.320017119034304 62.980625053714036 63.422602868092184 64.44623496330958 65.53711757558345 66.2900273992323 66.56968208113817 66.44339111103264 66.15434442851301 65.81082723554304 65.4126131121625 64.82472018938427 63.857643070781535 62.48498234869825 60.827014207403025 59.35781156011922 58.46983865228261 58.285533386264966 58.831103929449 59.904234773626136 61.49205096402783 63.71544091574481 66.58860251370888 69.94958553034193 73.58106597340985 77.05026572019493 79.91049390758488 81.99958378641011 83.34361765643001 84.01066898670726 84.06827850110157 83.47618914446406 82.09817785326636 79.89386507293065 77.03928287733544 73.7916811382177 70.53018803899583 67.74243843725304 65.56386222322752 63.98101977376113 62.89915762073579 62.196404969339476 61.84555329115849 61.81987104977751 62.21402443612653 63.09578360097828 64.50567289644462 66.62008816355615 69.3439900338737 72.55573169475412 75.98415151694806 79.33146224377883 82.32645866781841 84.71198238973828 86.50128656978931 87.61320816037272 88.07492760835522 87.87264243736271 86.91160163660804 85.25964450257412 83.07912209729122 80.62755343139017 78.17591641426763 75.98162907039126 74.23446580742028 72.89364273559373 71.91860696725414 71.24161668831893 70.75428097325681 70.44311412522194 70.25381644767138 70.22708824089348 70.34939108101975 70.64781996711254 71.20371904694858 72.01701262462767 73.15549408594012 74.64626722122044 76.50291746645267 78.72538209076046 81.23239951970436 83.91560395500122 86.66652744808194 89.25488179024126 91.54510531540241 93.36109856196012 94.59439817603764 95.21795481423 95.21816087492095 94.56796295684408 93.32153393193164 91.62790221901683 89.56841526036712 87.31920350244019 85.04287462606293 82.8884851321442 80.9915406593167 79.46043526863345 78.2680974916925 77.40096515876125 76.83194838012948 76.53392686234278 76.45270958799384 76.54764650603767 76.79163703236809 77.1982317087393 77.69968637420503 78.35018810798154 79.10909345998601 79.98995984908164 80.97922393228143 82.13109499635044 83.43202955680029 84.90911670619919 86.54881247922766 88.39177523333667 90.38379051337681 92.49776329952972 94.66594398093655 96.82056880052558 98.83968523412797 99.99913026936872 99.99917144391631 99.99921106374147 99.9992487890205 99.99928471034578 99.9993192544284 99.99935568365709 99.99938710665563 98.36573602504811 96.06211612458887 93.58232978428623 91.03478940480045 88.54145028957589 86.21071945173175 84.84209962478081 83.5141308830413 82.3081169282627 81.19695993375417 80.19420730467691 80.19422188074778 80.1942357113205 80.19424749179556 80.19426012859466 80.1942708987421 80.1942811692702 80.19429216773722 80.19430154701017 80.19431157430672 80.19432004407139 80.19432811689194 80.19433588959451 80.19434411158115 80.19435112705538 80.19435781039954 80.19436417733746 80.19437103362576 80.19437677454286 80.19438224367042 80.19438750628396 80.19439306452685 80.1943977624452 80.19440223795212 80.19440654446399 80.19441109289569 80.1944148986155 80.19441856285218 80.19442205361445 80.19442574615219 80.19442886513055 80.19443183793445 80.19443498748437 80.19443767335714 80.19444049302119 80.19444289617647 80.19444544623897 80.19444759727288 80.1944498834637 80.19445181053521 80.1944538812361 80.19445560832753 80.19445746737753 80.194459215691 80.19446086053132 80.19446225883235 80.19446373808792 80.19446515806885 80.19446648164413 80.19446774066793 80.19446893828845 80.19447006638788 80.19447114000597 80.19447216177387 80.19447322976998 80.19447414153771 80.19447500106 80.19447581989023 80.194476686051 80.19447741767156 80.19447812209303 80.19447885379552 80.19447948382215 80.19448008432182 80.19448072052374 80.19448125754562 80.19448183262956 80.1944823180614 80.19448278573105 80.19448328120565
50.0 50.0 50.0 50.0 50.0 50.0 50.0 50.0 50.0 50.0 50.0 50.0 50.0 50.0 50.0 50.0 50.0 50.0 50.0 50.0 50.0 50.0 50.0 50.0 50.0 50.0 50.0 50.0 50.0 50.0 50.0 50.0 50.0 50.0 50.0 50.0 50.0 50.0 50.0 50.0 50.0 50.0 50.0 50.0 50.0 50.0 50.0 50.0 50.0 50.0 50.0 50.0 50.0 50.0 50.0 50.0 50.0 50.0 50.0 50.0 50.0 50.0 50.0 50.0 50.0 50.0 50.0 50.0 50.0 50.0 50.0 50.0 50.0 50.0 50.0 50.0 50.0 50.0 50.0 50.0 50.0 50.0 50.0 50.0 50.0 50.0 50.0 50.0 50.0 50.0 50.0 50.0 50.0 50.0 50.0 50.0 50.0 50.0 50.0 50.0 50.0 50.0 50.0 50.0 50.0 50.0 50.0 50.0 50.0 50.0 50.0 50.0 50.0 50.0 50.0 50.0 50.0 50.0 50.0 50.0 50.0 50.0 50.0 50.0 50.0 50.0 50.0 50.0 50.0 50.0 50.0 50.0 50.0 50.0 50.0 50.0 50.0 50.0 50.0 50.0 50.0 50.0 50.0 50.0 50.0 50.0 50.0 50.0 50.0 50.0 50.0 50.0 50.0 50.0 50.0 50.0 50.0 50.0 50.0 50.0 50.0 50.0 50.0 50.0 50.0 50.0 50.0 50.0 50.0 50.0 50.0 50.0 50.0 50.0 50.0 50.0 50.0 50.0 50.0 50.0 50.0 50.0 50.0 50.0 50.0 50.0 50.0 50.0 50.0 50.0 50.0 50.0 50.0 50.0 50.0 50.0 50.0 50.0 50.0 50.0 50.0 50.0 50.0 50.0 50.0 50.0 50.0 50.0 50.0 50.0 50.0 50.0 50.0 50.0 50.0 50.0 50.0 50.0 50.0 50.0 50.0 50.0 50.0 50.0 50.0 50.0 50.0 50.0 50.0 50.0 50.0 50.0 50.0 50.0 50.0 50.0 50.0 50.0 50.0 50.0 50.0 50.0 50.0 50.0 50.0 50.0 50.0 50.0 50.0 50.0 50.0 50.0 50.0 50.0 50.0 50.0 50.0 50.0 50.0 50.0 50.0 50.0 50.0 50.0 50.0 50.0 50.0 50.0 50.0 50.0 50.0 50.0 50.0 50.0 50.0 50.0 50.0 50.0 50.0 50.0 50.0 50.0 50.0 50.0 50.0 50.0 50.0 50.0 50.0 50.0 50.0 50.0 50.0 50.0 50.0 50.0 50.0 50.0 50.0 50.0 50.0 50.0
50.0 50.0 50.0 50.0 50.0 50.0 50.0 50.0 50.0 50.0 50.0 50.0 50.0 50.0 50.0 50.0 50.0 50.0 50.0 50.0 50.0 50.0 50.0 50.0 50.0 50.0 50.0 50.0 50.0 50.0 50.0 50.0 50.0 50.0 50.0 50.0 50.0 50.0 50.0 50.0 50.0 50.0 50.0 50.0 50.0 50.0 50.0 50.0 50.0 50.0 50.0 50.0 50.0 50.0 50.0 50.0 50.0 50.0 50.0 50.0 50.0 50.0 50.0 50.0 50.0 50.0 50.0 50.0 50.0 50.0 50.0 50.0 50.0 50.0 50.0 50.0 50.0 50.0 50.0 50.0 50.0 50.0 50.0 50.0 50.0 50.0 50.0 50.0 50.0 50.0 50.0 50.0 50.0 50.0 50.0 50.0 50.0 50.0 50.0 50.0 50.0 50.0 50.0 50.0 50.0 50.0 50.0 50.0 50.0 50.0 50.0 50.0 50.0 50.0 50.0 50.0 50.0 50.0 50.0 50.0 50.0 50.0 50.0 50.0 50.0 50.0 50.0 50.0 50.0 50.0 50.0 50.0 50.0 50.0 50.0 50.0 50.0 50.0 50.0 50.0 50.0 50.0 50.0 50.0 50.0 50.0 50.0 50.0 50.0 50.0 50.0 50.0 50.0 50.0 50.0 50.0 50.0 50.0 50.0 50.0 50.0 50.0 50.0 50.0 50.0 50.0 50.0 50.0 50.0 50.0 50.0 50.0 50.0 50.0 50.0 50.0 50.0 50.0 50.0 50.0 50.0 50.0 50.0 50.0 50.0 50.0 50.0 50.0 50.0 50.0 50.0 50.0 50.0 50.0 50.0 50.0 50.0 50.0 50.0 50.0 50.0 50.0 50.0 50.0 50.0 50.0 50.0 50.0 50.0 50.0 50.0 50.0 50.0 50.0 50.0 50.0 50.0 50.0 50.0 50.0 50.0 50.0 50.0 50.0 50.0 50.0 50.0 50.0 50.0 50.0 50.0 50.0 50.0 50.0 50.0 50.0 50.0 50.0 50.0 50.0 50.0 50.0 50.0 50.0 50.0 50.0 50.0 50.0 50.0 50.0 50.0 50.0 50.0 50.0 50.0 50.0 50.0 50.0 50.0 50.0 50.0 50.0 50.0 50.0 50.0 50.0 50.0 50.0 50.0 50.0 50.0 50.0 50.0 50.0 50.0 50.0 50.0 50.0 50.0 50.0 50.0 50.0 50.0 50.0 50.0 50.0 50.0 50.0 50.0 50.0 50.0 50.0 50.0 50.0 50.0 50.0 50.0 50.0 50.0 50.0 50.0 50.0
50.0 50.0 50.0 50.0 50.0 50.0 50.0 50.0 50.0 50.0 50.0 50.0 50.0 50.0 50.0 50.0 50.0 50.0 50.0 50.0 50.0 50.0 50.0 50.0 50.0 50.0 50.0 50.0 50.0 50.0 50.0 50.0 50.0 50.0 50.0 50.0 50.0 50.0 50.0 50.0 50.0 50.0 50.0 50.0 50.0 50.0 50.0 50.0 50.0 50.0 50.0 50.0 50.0 50.0 50.0 50.0 50.0 50.0 50.0 50.0 50.0 50.0 50.0 50.0 50.0 50.0 50.0 50.0 50.0 50.0 50.0 50.0 50.0 50.0 50.0 50.0 50.0 50.0 50.0 50.0 50.0 50.0 50.0 50.0 50.0 50.0 50.0 50.0 50.0 50.0 50.0 50.0 50.0 50.0 50.0 50.0 50.0 50.0 50.0 50.0 50.0 50.0 50.0 50.0 50.0 50.0 50.0 50.0 50.0 50.0 50.0 50.0 50.0 50.0 50.0 50.0 50.0 50.0 50.0 50.0 50.0 50.0 50.0 50.0 50.0 50.0 50.0 50.0 50.0 50.0 50.0 50.0 50.0 50.0 50.0 50.0 50.0 50.0 50.0 50.0 50.0 50.0 50.0 50.0 50.0 50.0 50.0 50.0 50.0 50.0 50.0 50.0 50.0 50.0 50.0 50.0 50.0 50.0 50.0 50.0 50.0 50.0 50.0 50.0 50.0 50.0 50.0 50.0 50.0 50.0 50.0 50.0 50.0 50.0 50.0 50.0 50.0 50.0 50.0 50.0 50.0 50.0 50.0 50.0 50.0 50.0 50.0 50.0 50.0 50.0 50.0 50.0 50.0 50.0 50.0 50.0 50.0 50.0 50.0 50.0 50.0 50.0 50.0 50.0 50.0 50.0 50.0 50.0 50.0 50.0 50.0 50.0 50.0 50.0 50.0 50.0 50.0 50.0 50.0 50.0 50.0 50.0 50.0 50.0 50.0 50.0 50.0 50.0 50.0 50.0 50.0 50.0 50.0 50.0 50.0 50.0 50.0 50.0 50.0 50.0 50.0 50.0 50.0 50.0 50.0 50.0 50.0 50.0 50.0 50.0 50.0 50.0 50.0 50.0 50.0 50.0 50.0 50.0 50.0 50.0 50.0 50.0 50.0 50.0 50.0 50.0 50.0 50.0 50.0 50.0 50.0 50.0 50.0 50.0 50.0 50.0 50.0 50.0 50.0 50.0 50.0 50.0 50.0 50.0 50.0 50.0 50.0 50.0 50.0 50.0 50.0 50.0 50.0 50.0 50.0 50.0 50.0 50.0 50.0 50.0 50.0 50.0