4 302 9
300.00980000000004 300.01 301.04 301.96 302.98 303.99 305.01 306.01 307.02 308.02 309.01 310.0 310.99 311.98 312.96 314.05 315.02 316.0 316.97 318.05 319.02 319.98 320.95 322.03 323.0 323.97 325.04 326.02 326.99 327.96 329.05 330.03 331.01 332.0 332.99 333.98 334.97 335.97 336.98 337.99 339.0 340.02 341.04 341.95 342.98 344.02 344.95 345.99 347.04 347.98 349.03 349.98 351.04 352.0 352.95 354.03 354.99 355.95 357.04 358.01 358.98 359.95 361.05 362.02 363.0 363.98 364.95 366.06 367.04 368.02 368.99 369.97 370.95 372.05 373.03 374.0 374.98 375.95 377.04 378.0 378.97 380.05 381.01 381.96 383.04 383.98 385.05 385.99 387.04 387.98 389.02 389.95 390.99 392.02 393.05 393.96 394.98 395.99 397.0 398.01 399.01 400.0 401.0 401.98 402.97 403.95 405.04 406.02 406.99 407.96 409.04 410.01 410.97 412.05 413.01 413.98 415.05 416.02 416.98 417.95 419.03 420.0 420.98 421.95 423.04 424.03 425.01 426.0 427.0 427.99 429.0 430.0 431.01 432.03 433.05 433.96 434.99 436.02 437.06 437.99 439.03 439.97 441.02 441.97 443.03 443.98 445.05 446.0 446.96 448.04 449.01 449.97 451.06 452.03 453.0 453.98 454.95 456.05 457.02 458.0 458.98 459.95 461.05 462.03 463.0 463.98 464.95 466.04 467.01 467.98 468.95 470.03 470.99 471.95 473.03 473.98 475.04 475.99 477.05 477.99 479.04 479.97 481.01 482.05 482.96 483.99 485.01 486.03 487.05 488.06 488.95 489.95 490.95 492.05 493.04 494.02 495.0 495.98 496.95 498.03 499.0 499.97 501.04 502.01 502.97 504.04 505.0 505.96 507.03 507.99 508.96 510.03 511.0 511.97 513.05 514.02 515.0 515.98 516.96 517.95 519.05 520.05 521.05 522.05 522.95 523.96 524.98 526.0 527.03 528.06 528.98 530.02 530.95 532.0 533.05 533.99 535.05 536.0 536.95 538.02 538.98 540.06 541.02 541.98 542.95 544.03 545.0 545.97 546.94 548.04 549.01 549.98 550.96 552.05 553.02 553.99 554.97 556.06 557.02 557.99 558.96 560.04 561.0 561.96 563.03 563.99 565.05 566.0 567.06 568.0 569.05 569.98 571.03 571.95 572.99 574.02 575.04 575.95 576.96 577.98 578.98 579.98 580.98 581.97 582.96 583.95 585.04 586.02 586.99 587.96 589.04 590.0 590.97 592.03 592.99 593.95 595.02 595.97 597.04 597.99 598.95 600.02
0.0 13.54 26.89 39.77 51.58 60.9 70.0 80.0 90.0
71.04621016395508 71.04640116776291 72.01828385346005 72.86622769671244 73.78380616888882 74.6687911250516 75.53851734100292 76.36764030081241 77.18133551154482 77.96350007421718 78.7148996341819 79.44358638507431 80.14972241721287 80.83351346454663 81.48863126151679 82.19218038521053 82.79637466926383 83.38620033031759 83.9499753586079 84.55469490631351 85.07760724218844 85.57671080199597 86.0628242770298 86.58308345197726 87.03199759835246 87.46401013135127 87.92150344746943 88.32348667487035 88.70581620544317 89.0731366507707 89.46856084454765 89.8089302791267 90.1354393507316 90.45167684330286 90.75470945707075 91.04499891710968 91.32299884563508 91.59178361798111 91.85144626538978 92.09969055317852 92.33695734246406 92.56586954226188 92.7844541505615 92.9710893349243 93.17318282103754 93.3677742527981 93.53405936521106 93.71173239951312 93.88261661152673 94.02866297110008 94.18438485663707 94.31881549645519 94.46188429454403 94.58542075370688 94.70226648863779 94.82885690351769 94.93604806687371 95.03844139025932 95.14914329683194 95.24291166257191 95.33241284382228 95.4178333955487 95.50999053245954 95.58729270871683 95.66179417291137 95.73284107811558 95.79991360693788 95.87288634464566 95.93411680484175 95.99249202854743 96.04758736720244 96.10066204148657 96.1512532899957 96.20522202659778 96.25091305638466 96.2940256910437 96.33554686656555 96.37472162744773 96.41656929355862 96.45161159983884 96.48537523218569 96.52111622725911 96.55132623093068 96.63032038840038 96.69146814903925 96.73722321933812 96.79521814847784 96.87900273291929 96.95417580733655 97.00550782647115 97.05797587078274 97.04647986730609 97.00584409780926 96.88304174479434 96.67827659126634 96.41999821019363 96.12216026010812 95.8232868160173 95.52358390470323 95.29399748947256 95.13447316058539 95.05522520113286 95.05655653146906 95.04698213623942 95.00659026538048 94.91491623552402 94.71225704511438 94.44723597133003 94.16139172001462 93.93595190639304 93.78190774435225 93.43394688467811 92.30458597050702 89.95834813641451 85.89645674570355 80.44409060805252 73.8449024913683 66.65583268544646 59.10052523287263 51.260228177441526 43.185888095235455 34.8770248005316 26.648547375853422 19.109396686037947 12.746922176977888 8.129514826797235 5.003737300433573 3.146474040379191 2.0097495886826797 1.3398746139489652 0.9440309827829924 0.6801276177710557 0.5177231757354415 0.40606800413415695 0.32486247074851177 0.2639563300596703 0.23350514628675045 0.20305234393390603 0.19290372611332302 0.1827541237863327 0.17260435987277725 0.16245378775891717 0.15230304220162275 0.1523052938037196 0.1523076831210989 0.1421557382538889 0.1421577736970079 0.13200524245269987 0.12185241190087323 0.12185392883568046 0.11170062126827658 0.11170174024600275 0.11170294733756418 0.10154906146493475 0.10154994509104397 0.09139571582928568 0.10155159693190992 0.1015524601187521 0.10155318289476417 0.09139849054956435 0.09139908656986133 0.08124413195071502 0.08124466978796663 0.08124512466600751 0.08124555348362161 0.08124596611331919 0.07109056071481669 0.07109092400178488 0.07109123106076437 0.060935591644475935 0.060935830511170644 0.060936083187019506 0.0609362966165162 0.06093650004477229 0.060936717529544396 0.050780749471041824 0.05078091026493694 0.05078104730783792 0.05078119272910462 0.040625052316630446 0.04062515661654961 0.04062524453324409 0.04062533812648406 0.04062542697764754 0.05078187627699928 0.05078197608016776 0.05078206997688592 0.05078215920525618 0.05078224399736381 0.05078232380357201 0.0507823908641456 0.05078246273742082 0.050782531105583846 0.05078260246591071 0.0507826634193457 0.040626176685969115 0.04062622043925765 0.04062626210040094 0.04062630137438591 0.050782928648239946 0.05078297295821294 0.05078301517050581 0.05078305942036932 0.06093971704733275 0.06093976018614128 0.06093980588980126 0.06093984486501384 0.06093988201365221 0.060939921370983856 0.060939954934161746 0.07109665179121391 0.08125336149986018 0.08125340040901798 0.0914101171606658 0.0914101612716263 0.091410198909674 0.1015669279183723 0.11172366285858969 0.12188040326346711 0.14219385292727474 0.15235061220830487 0.17266408142597656 0.19297756045250142 0.23360448170512768 0.2742314150066909 0.34532853868603824 0.4468958679478677 0.5789334213562972 0.7820681338523878 1.1172404336712836 1.696174426065105 2.772788684617342 5.078368413261696 9.222318714728337 15.11322975132055 21.4104119595443 26.895056832393998 30.653056050324246 33.55788938401802 37.02134490933911 41.15514598556888 46.09133164727921 51.768960383026936 51.76896559438762 51.768970612008964 51.76897591966292 51.76898044846008 51.76898476285265 51.76898887299108 51.768993299026704 51.768997005041165 51.769000535603524 51.76900393285201 51.76900752094224 51.76901055365514 51.769013442791675 51.76901622283448 51.769019159047176 51.76902161580668 51.76902398123261 51.76902623467317 51.769028618368665 51.769030631806366 51.769032550882024 51.76903458405501 51.769036317904 51.76903813812115 51.76903968946356 51.769041335641056 51.76904272422805 51.76904420006477 51.76904544407417 51.76904678080266 51.76904789571613 51.76904909581467 51.76905022442789 51.76905128624466 51.76905218890947 51.769053143834 51.769054060494135 51.76905491492018 51.76905572767542 51.76905650079213 51.769057229029926 51.76905792209762 51.76905858169374 51.76905927113219 51.76905985971836 51.769060414577794 51.769060943168725 51.76906150231359 51.76906197460684 51.76906242934188 51.76906290168802 51.76906330839791 51.76906369604686 51.76906410674318 51.769064453414416 51.7690648246564 51.76906513802399 51.76906543992532 51.769065759775955
70.84189413879645 70.84208459331195 71.81117232053342 72.65667763096033 73.57161731373789 74.4540572135472 75.32128225451663 76.14802080695063 76.95937597771801 77.73929117685506 78.4885298478569 79.21512102770922 79.91922634058808 80.60105092878901 81.25428472569808 81.95581056961204 82.55826730039885 83.14639672974194 83.7085504432204 84.31153092709646 84.83293946185763 85.33060769027668 85.8153231910517 86.33408619489542 86.78170934553962 87.21247948878454 87.66865713703427 88.06948433352217 88.4507143536523 88.81697845194634 89.21126547740229 89.5506560711706 89.8762261618568 90.19155421270924 90.49371535959668 90.78316999975594 91.06037045086714 91.32838224691812 91.58729815160993 91.8348285338148 92.07141298681277 92.29966687660834 92.51762287518726 92.70372133058258 92.90523363245394 93.09926545452137 93.26507236108588 93.4422344399399 93.61262721992806 93.75825357663837 93.91352763425307 94.04757167591312 94.19022903406616 94.31341022476022 94.4299199325327 94.55614629632063 94.66302919731643 94.7651280560601 94.87551160401125 94.96901030892444 95.05825410099727 95.14342899869717 95.23532110838335 95.31240097759073 95.38668818907568 95.45753077625594 95.52441041664048 95.59717329797903 95.65822767046801 95.7164350176093 95.77137191205493 95.82429395319423 95.87473971044099 96.01906136509625 96.12503138615033 96.19828485839909 96.28004507554311 96.37964232300641 96.47188487800791 96.52711171549792 96.57098752006593 96.56640231292585 96.50579275972642 96.38286368786386 96.18136411301833 95.92394010372847 95.66846741653023 95.41846068964759 95.16976467505236 94.95781078830775 94.80753562885513 94.68432669410956 94.63308140402012 94.56040981353672 94.44630009459182 94.30914079391704 94.12231142716378 93.90412207252697 93.53322080733986 92.94880600959075 91.9784881158997 90.4398061098149 88.14029885096325 84.79568224553606 80.47694072853132 75.16339578912996 68.93676885783663 61.93727177653256 54.469777454186726 46.79798709032466 39.10483347670074 31.65334170194328 24.66720303386444 18.39021450457987 13.126557642969575 8.896982291844594 5.742320214190312 3.5713928569892 2.2626764018763077 1.4611737411740806 0.9741675130393779 0.6900665631046372 0.5074239907846311 0.3856580723100482 0.3044802470224196 0.2537431305600917 0.21315182231415436 0.17255738638419252 0.1624122991816862 0.14211516933916 0.12181666878298684 0.11166844448671877 0.10151953129776581 0.10152218428333423 0.10152470548742586 0.09137416400596245 0.09137624422713184 0.09137822011649734 0.10153346072726666 0.09138172741847249 0.10153716041015759 0.10153880144751322 0.11169460022048856 0.10154204679969563 0.11169800373520535 0.11169949719832335 0.11170109655671549 0.11170244662038878 0.1015488611958549 0.10155012537273725 0.10155120406620682 0.10155222137062399 0.10155331878261765 0.09139882171650263 0.09139961702060544 0.09140038230702352 0.0812454255584804 0.0914018806611137 0.08124669439354461 0.08124725081686553 0.08124778063973535 0.07109224509573162 0.07109271572735505 0.0710931137659628 0.06093727628617103 0.06093758577424523 0.060937877531137316 0.06093818893586606 0.06093845214271518 0.06093870289076654 0.06093894176965729 0.06093919445840726 0.0507828399156677 0.05078300944786996 0.050783190694433655 0.05078334223192527 0.050783503034030196 0.0507836400839283 0.05078378551261992 0.050783908185566475 0.06094084628054652 0.05078414846860127 0.05078426546612458 0.05078437653574962 0.05078446909541513 0.050784568903679356 0.050784662805191685 0.05078475203811777 0.0507848368345547 0.05078491664483765 0.05078498370883522 0.050785055585780135 0.06094214874892068 0.06094223438568512 0.060942307533541705 0.060942376462799756 0.07109951577876408 0.07109958868948732 0.0710996574224702 0.08125683443262034 0.08125690533219693 0.08125697287531397 0.09141417413854927 0.10157138084042995 0.12188574329053813 0.13204298759440228 0.15235739082116287 0.1828289804370008 0.22345778707391853 0.2640866210806762 0.33518704296183205 0.43675911694764574 0.5992744241769249 0.85320465415459 1.3204364114777158 2.1736423723504528 3.6159672483370042 5.7286693748302415 8.481277741614923 11.66049127040115 14.95143676208576 18.17128313348305 21.350502271457522 24.580509128307163 27.729258799678103 30.390462999840132 32.05625844421211 32.57428558758647 32.025801660146264 30.593636388718313 28.673921470518103 26.632319176608895 24.69228789847104 22.874143337915008 21.127098733733213 19.603512762484222 18.669047738423238 18.790937407250464 18.496379135654486 18.61826886627894 19.05503353965834 19.73557291947577 20.64972927578221 20.64973135450248 20.64973335594353 20.649735473073495 20.64973727953116 20.649739000466596 20.649740639928645 20.649742405396537 20.649743883660634 20.649745291939965 20.649746647042733 20.64974807826892 20.649749287964845 20.64975044039068 20.649751549300937 20.649752720504626 20.649753700462853 20.649754643989716 20.64975554284759 20.64975649366187 20.649757296786813 20.649758062272394 20.6497588732694 20.649759564871317 20.649760290923975 20.649760909727224 20.64976156635852 20.64976212024149 20.649762708926843 20.64976320514035 20.64976373833787 20.64976418305728 20.649764661755512 20.649765111939512 20.649765535479574 20.649765895536717 20.64976627643934 20.649766642078976 20.649766982894523 20.649767307088315 20.649767615470996 20.649767905952267 20.6497681824048 20.64976844550611 20.649768720511002 20.64976895528769 20.649769176611375 20.649769387457013 20.649769610490083 20.649769798879568 20.64976998026539 20.649770168675968 20.649770330905405 20.649770485531764 20.649770649351314 20.649770787632384 20.64977093571429 20.64977106071112 20.649771181134263 20.649771308717064
70.61283323924613 70.61302307794405 71.57897734707213 72.42174879204647 73.33373009956713 74.21331670924768 75.07773765596734 75.90180302357454 76.71053475029755 77.4879281637136 78.23474423879189 78.9589860513484 79.66081470296197 80.34043467261893 80.99155629673879 81.69081381986857 82.29132256094715 82.8775503266239 83.43788636657938 84.03891716723865 84.55863977435126 85.05469883726921 85.5378470540242 86.05493268430587 86.50110848571143 86.93048577240287 87.38518841121459 87.78471956897697 88.16471691609055 88.5297967323316 88.92280886611745 89.26110207089505 89.58561945994553 89.89992792587776 90.20111206184595 90.48963077643376 90.76593492479276 91.03308012878209 91.29115885215968 91.5378888671143 91.77370834554064 92.00122419689217 92.21847545433303 92.43315545075748 92.66332632713373 92.91546851088981 93.12009473123248 93.29698141719136 93.48675559270166 93.64202455408552 93.79710612355913 93.87177135560327 93.97462707718718 94.04804296179141 94.07504479824486 94.12141967364767 94.08874419681669 94.04106262186501 94.03113494349765 93.90456133097707 93.77335862710493 93.57783677972735 93.31844750440152 92.88389959826603 92.21560641554248 91.18225405002714 89.66238684291663 87.66422044301387 85.11038407722074 82.04856614649866 78.6184765468141 74.97165746991043 71.17807314234182 67.36268850557929 63.61808152368531 60.11009657846005 56.99112167374591 54.31181534634846 51.9949209099912 49.89451255282584 47.751549022060864 45.39592451501656 42.54106111755097 39.34012546454953 35.80457608142103 31.98187554776474 27.95548556013147 23.79414806056556 19.580519251654326 15.475502943933234 11.682671128725357 8.434623113359061 5.813295151809468 3.9303088140859996 2.6038041622668042 1.7327617499740735 1.2060404220718535 0.8615921956241375 0.6285489612048322 0.4866873762132545 0.3853454904032904 0.30425829593942455 0.2535791593784249 0.21303045662438347 0.18261729059674828 0.16234303237440326 0.1420654529768504 0.13193005166145272 0.12179214426525031 0.11165202054880188 0.10151070625516123 0.10151827535780984 0.10152541458551853 0.10153304817859843 0.10153949694471533 0.09139113606793792 0.09139699537958969 0.08124626087268848 0.08125049307227811 0.09141138939375551 0.08125887963433709 0.07110473880332888 0.07110783664744186 0.06095207762427812 0.06095474976364458 0.060957053912513375 0.06095922533038706 0.06096131363940048 0.050802767338615495 0.050804342982836675 0.05080587216057426 0.06096877449431077 0.06097043424221362 0.07113403216261044 0.07113579870668363 0.07113730053863243 0.08130162291204943 0.08130338095117073 0.0914681999343376 0.10163312694764849 0.10163503650955182 0.11180034704165245 0.11180226751932595 0.12196791313115274 0.11180567431483907 0.12197145732825965 0.12197320376471435 0.12197467798114188 0.12197609828897642 0.12197761676354954 0.12197891244347267 0.13214514558431573 0.13214657359510382 0.14231299448932772 0.14231423282157618 0.1524808118728262 0.15248201544232695 0.1626488656393152 0.17281564970820534 0.19314822539429694 0.20331524730165398 0.23381397175640894 0.26431319607867904 0.30497847223028757 0.37614210104528467 0.4676385006529591 0.6099661821025438 0.8336247088405163 1.2199438675145082 1.8807545346024164 2.927888806782734 4.40201774403619 6.303142172154335 8.529603124018053 10.979742850808899 13.592555552344132 16.246052767730454 18.726727132444115 20.851589217588216 22.48845771107741 23.5153418761384 23.881391096551596 23.67811324042951 22.966498409160597 21.899038396244865 20.628243375952646 19.22527370644765 17.862964174739805 16.775150883059684 16.175337574625907 16.216026085016725 17.04972679193995 18.76794158075554 21.411343721862103 24.807094676392097 28.762028777175626 33.02197599083287 37.27176358523228 41.27755222108184 44.907176010552824 48.05895544955702 50.68205882311629 52.56298343681214 53.5593819332223 53.47808435802421 52.50209785935366 50.7839168344611 48.628553010928286 46.39185253927532 44.358484353843394 42.74195899895582 41.66428290762056 41.227122521600805 41.50165003829269 42.48786849661651 44.134939719248926 46.21919268752951 48.547454540702915 50.88588424262063 53.09214371793421 55.07473138477145 56.772641072665266 58.11470511646314 59.08058912718343 59.72112634964527 60.00581881857325 60.07700309429895 60.04651629334729 60.04653001277356 60.20921569655382 60.544739220452165 61.05310348702768 61.68347069298189 62.344340042638365 62.954373796664434 63.51357087850742 64.00159943692402 64.44895843007001 64.6421407441903 64.75398723879846 64.82516422087078 64.87600762469698 64.93701684095183 64.93702337788466 64.93702967179821 64.93703632951767 64.93704201026874 64.93704742207883 64.93705257768032 64.93705812953122 64.93706277821495 64.93706720681823 64.93707146819764 64.93707596896168 64.9370797730815 64.9370833971046 64.93708688428467 64.93709056735831 64.93709364902408 64.93709661612448 64.9370994427547 64.93710243277175 64.93710495835151 64.93710736556709 64.93710991590203 64.93711209077632 64.93711437398755 64.93711631993253 64.93711838483503 64.93712012662579 64.93712197785929 64.93712353829741 64.93712521503885 64.93712661354394 64.93712811890194 64.93712953459149 64.9371308664941 64.93713199876252 64.93713319658357 64.93713434640722 64.93713541816679 64.93713643765608 64.9371374074243 64.93713832089813 64.9371391902559 64.93714001762821 64.93714088243361 64.93714162073374 64.93714231672833 64.9371429797727 64.93714368114277 64.93714427356949 64.93714484397184 64.93714543646489 64.93714594662632 64.93714643287844 64.9371469480403 64.93714738289152 64.93714784856336 64.93714824163976 64.93714862033332 64.9371490215418
69.47016977573794 69.46287373799524 70.40550931768438 71.23446434080678 72.11595236667593 72.98093258737335 73.84691083888595 74.65746645266803 75.43668190017995 76.1518979465584 76.80293285897524 77.36331002844608 77.74705818346101 77.83993919827319 77.50096064261554 76.81963479025846 75.64026665546089 74.01862682641303 71.99914183114214 69.65909866201021 66.9357572847884 63.99355707291181 60.95792775886908 58.00704684138734 55.22787271594479 52.81212462195577 50.79185216671558 49.117068646540815 47.86287306186601 46.97282172067086 46.4463490806719 46.19739542317875 46.12801765698634 46.13743047459694 46.1581812756542 46.16198688456276 46.12019003215461 46.05335172514248 45.971083855618694 45.87222410018636 45.74727028276328 45.63644838894811 45.568312384098114 45.48371715453783 45.35688125328782 45.07792609611071 44.47847105410051 43.48713249443171 42.0239070935384 39.97986491828317 37.46693809029308 34.54023920956605 31.249772005855828 27.69435840272303 23.97823148704356 20.23495620352905 16.58822232952992 13.212820919901894 10.261885184631923 7.76418610334595 5.80350998164368 4.321358718628406 3.208941481352983 2.446407205589614 1.894168820381895 1.492261640663311 1.210789582628706 0.9996622891343072 0.8487400187624289 0.7279341179926729 0.6373079292789027 0.5769305644309621 0.5164727802897586 0.47623226570294913 0.4460462029846243 0.41582013231531895 0.40585310289336834 0.3755667819805289 0.3554201377844876 0.34539076231039134 0.3455116690170934 0.3253079121028806 0.32540972975277066 0.3255058469687721 0.315434471160625 0.315517832422102 0.3257890313340072 0.3258669377264564 0.33613571072658277 0.3463966494971311 0.36685658764094886 0.3873127160024742 0.4179764534158191 0.4486473480989497 0.48952391079949514 0.5406000612268144 0.6121017650621344 0.6734172626742739 0.7755655227936811 0.9083565029852698 1.0820068952800423 1.316947199189591 1.6029895101805807 2.0422545768887916 2.6450058255154567 3.4929893061742887 4.627177138747356 6.149705949000424 8.040262758026534 10.258056654639924 12.793037032925318 15.563297285994132 18.507625404993284 21.51379388820121 24.428139264420075 27.117915015985588 29.399217410366127 31.17961254706576 32.29558256153824 32.79817199448304 32.78968782041671 32.33105302400951 31.56556260753778 30.57496231523799 29.492326772395888 28.470784134941585 27.622962382467275 27.102316915841744 27.00093300521675 27.40066022778649 28.260658070827592 29.519569575801654 31.105840212880462 32.94788872636699 34.96388710710378 37.08214353645351 39.180094640591506 41.196254010865665 43.018087828637135 44.58409880083392 45.80237738120305 46.65227081126984 47.13392622556482 47.23693392062271 46.99212499143649 46.44025848825441 45.64286394789822 44.67140832417425 43.628287467838 42.585176579133346 41.63405192666042 40.87729261810496 40.458213175103786 40.44835039554117 40.847766203831355 41.646242600095036 42.77215433315753 44.1232289871844 45.56635832232954 46.95833155260922 48.299143667570796 49.588790059195176 50.82731134608655 51.942999173958874 52.86425335647817 53.58084327749645 54.15415970282176 54.666099673080744 55.27010101043607 56.211796721103624 57.60375825420161 59.3334473730692 61.25754742380421 63.1611835746933 64.88064372270003 66.24190221110813 67.16313622814685 67.57266270501978 67.55238889252965 67.11250363361792 66.23257680137762 64.94326977386497 63.40835590126575 61.73015482760887 60.09285971539025 58.650009515215025 57.60626661964151 57.0742073967716 57.135705925293834 57.73959509776785 58.81423098619256 60.33916768450994 62.2734616131254 64.63759018013934 67.298496392106 70.18455144123396 73.15248089775163 76.0692428800801 78.78132621826484 81.13522901382035 82.9467211072275 84.1646392858808 84.70711653447889 84.60483968032722 83.8168776449377 82.49674693759071 80.73654048293592 78.66930726586455 76.417860899591 74.15617048969074 71.99681700770657 70.10354948832797 68.48659530305055 67.20736349791322 66.23515554380441 65.58019954965373 65.21179729930003 65.14018305065308 65.35512307776797 65.86685208750379 66.69584080630023 67.83185081687442 69.3158211991544 71.07611325906825 73.08202284185754 75.27214932618544 77.60555423410004 79.92872516372924 82.20072563333714 84.26804304617751 86.06927044561343 87.50206998116462 88.50503265469877 89.03722526013853 89.10887977492234 88.77116535093546 88.09572420479294 87.1030215384939 86.64249498131399 85.99775397819057 85.23020098698386 84.37054092132321 83.46994231333306 83.46995071589656 83.46995880608343 83.46996736390585 83.4699746659346 83.46998162226704 83.46998824926932 83.46999538560999 83.47000136102096 83.47000705354084 83.47001253111145 83.47001831638667 83.4700232061965 83.47002786451024 83.47003234692617 83.4700370811434 83.47004104231189 83.47004485621821 83.47004848956438 83.47005233292774 83.4700555793041 83.47005867353533 83.47006195173196 83.47006474731207 83.4700676821483 83.470070183463 83.47007283768552 83.4700750765807 83.47007745615342 83.47007946193821 83.47008161721908 83.47008341485538 83.47008534984028 83.47008716956546 83.47008888159102 83.47009033700715 83.47009187668449 83.47009335466605 83.47009473230416 83.47009604275414 83.47009728929274 83.47009846347059 83.47009958094175 83.47010064444486 83.4701017560644 83.47010270507424 83.47010359970463 83.47010445198086 83.47010535352088 83.47010611502527 83.47010684821959 83.47010760980923 83.47010826556996 83.4701088905977 83.47010955278596 83.47011011174307 83.47011071031693 83.47011121557674 83.47011170234886 83.47011221806163
35.84491650480275 35.938197480731255 36.516403514933195 37.03395514422532 37.56482722424259 38.056197514598324 38.482955272059364 38.81353344024178 39.033064154492656 39.08777276435467 38.974091893396526 38.65759697796969 38.15144913150145 37.44322650913801 36.51755874958012 35.476314149821604 34.27105571466918 32.97490887117662 31.63797560927749 30.3224866820609 29.05006771673261 27.873577375505807 26.837263011900934 25.977434213284898 25.284524174340937 24.8077630061138 24.524300709043096 24.424044521349114 24.539465454475494 24.855266127648058 25.376321650429684 26.052013754144575 26.89546664094644 27.89937591787992 29.0641514469934 30.361215855559124 31.7814772612384 33.25653524128874 34.69609430174501 36.179045142587924 37.675099364544145 39.15459236474697 40.61613503825349 41.988377120523914 43.291525838464466 44.47388704040259 45.45274309084142 46.307286204459565 47.03819531373534 47.70745547327811 48.21882783501446 48.555686855491835 48.794534427327264 48.89970032187588 48.918704481026914 48.9011766071776 48.831934436178905 48.7911126797728 48.76474660396273 48.729523155111146 48.754475314300045 48.829448267650385 48.970562403948925 49.15646523548147 49.424806877275685 49.754495363755325 50.103482874085984 50.49793110368269 50.897178812187185 51.305861243259095 51.7132371330873 52.0884392421849 52.4416505015382 52.744481912699996 53.00097732083916 53.19311673921849 53.34240707003461 53.458902675786355 53.576960639647176 53.65968608968663 53.76283702474389 53.87770032044213 54.02120034552456 54.20605584713619 54.42399484740771 54.6496248171871 54.91883295400127 55.20673128020528 55.485030785060886 55.729651385411636 55.98559560214039 56.19743834188103 56.399491309519654 56.55860414166943 56.68547435445636 56.7683880365113 56.84134292082247 56.89258861353118 56.9010508958431 56.89850709840767 56.88489926333401 56.8602536196787 56.824728503863824 56.77813670660617 56.7312896986979 56.67347967985504 56.62658245788384 56.56818238031553 56.50947376434684 56.471729304798124 56.50847575945082 56.62934149149213 56.84543375226098 57.13607770011353 57.489736399118684 57.811480602183515 58.059177736710886 58.210908781189936 58.2775976245881 58.31235053738254 58.36849715530034 58.392361801102204 58.45857460596482 58.6732137166158 59.132117800076024 59.88785970399228 60.91946837152182 62.2057901954867 63.6407095494737 64.9906854941356 66.05409262162203 66.7671569903646 67.17234836049484 67.31210365647117 67.15454068184869 66.65701283197346 65.83047406574725 64.78088032943323 63.62501884570809 62.5326172155468 61.76937225698901 61.64296519907487 62.196123509550915 63.44990251918468 65.27712856371481 67.46526034584278 69.8127853619045 72.13898044468547 74.27407183664272 75.98454249412082 77.1533748407025 77.78064026530568 77.83457395348792 77.32558587937514 76.29623303264425 74.75712983804182 72.8781579227408 70.85053223347325 68.83339606787143 67.03921712249405 65.62728711094546 64.73566369194056 64.32193417245749 64.34353329668622 64.76865503493171 65.61855255346029 66.85074704875024 68.52900320632088 70.57891251843853 72.96865834564404 75.59204571527201 78.25795092478651 80.82824679881766 83.13304798449597 85.04494433757054 86.40456191843205 87.16948007484054 87.32901670023946 86.88322164135177 85.93823833591823 84.53659582512526 82.81630663958846 80.96857866535892 79.12083294108314 77.41111441920589 75.93504676732549 74.79881444137679 73.95994022902539 73.45028729157593 73.16365302894592 73.08940703412424 73.18509397128386 73.4613229607376 73.93934496633605 74.60852080488046 75.51134276312345 76.65843306025829 78.08165389428201 79.74914389164059 81.61843088647917 83.66825758700134 85.77118684161738 87.85288209227339 89.79650334285571 91.46398985474954 92.79162548611158 93.69443099400506 94.1405511906855 94.04502698263116 93.49280954140355 92.48390516972296 91.09266141288496 89.4252741499179 87.57733337724173 85.66566964605286 83.7752393255127 81.98039155194492 80.35547045991078 78.9323382213177 77.72161607116887 76.73392739543539 75.9586465305205 75.3851557928671 75.00283482353811 74.77982000262146 74.71611576019092 74.83296141938821 75.09849506344837 75.52333763403885 76.10748909183125 76.86156855120865 77.77495900894581 78.89013972959468 80.19649345345863 81.6940185447997 83.3296104603111 85.10327221973809 86.96189773111185 87.87528504847656 88.8417766793143 89.85074938576754 90.93406766342439 92.08110837526282 92.0811176446757 92.08112656948568 92.08113601017477 92.0811440655164 92.081151739498 92.08115905017412 92.08116692273448 92.08117351459798 92.08117979438596 92.08118583704943 92.08119221916185 92.08119761342829 92.08120275231639 92.08120769716018 92.08121291978235 92.08121728960427 92.08122149697175 92.08122550515162 92.08122974501508 92.08123332630345 92.08123673975065 92.08124035614203 92.0812434401278 92.08124667773603 92.08124943709855 92.0812523651436 92.08125483501412 92.08125746007516 92.08125967278649 92.08126205041664 92.08126403350586 92.08126616811323 92.08126817557013 92.0812700642166 92.08127166978055 92.0812733682985 92.08127499875584 92.08127651851783 92.0812779641602 92.0812793392978 92.08128063460956 92.0812818673645 92.08128304058376 92.08128426688339 92.08128531379772 92.08128630072254 92.08128724092373 92.08128823547102 92.08128907553592 92.08128988437012 92.08129072452908 92.08129144794128 92.08129213744992 92.08129286795275 92.0812934845746 92.08129414490026 92.08129470228513 92.08129523927504 92.08129580819126
15.44632242377391 18.171027251415033 20.850101907648575 23.117760075604572 25.024343333200484 26.5115783618006 27.547247697978865 28.030659830052812 27.92031575503958 27.202993512286948 26.224738141345078 25.293144066558003 24.73554599520017 24.754938765294465 25.546499214660923 27.01644173339389 28.99319646534995 31.327795900242876 33.7757075096148 36.21225816394273 38.38200138058838 40.21828575871687 41.58693346162121 42.49035695562466 42.83203164591433 42.59333882092662 41.90880031326472 40.83173201286354 39.524012082982935 38.20948126367031 37.05654844591018 36.17052205060887 35.635815994901805 35.5716323787535 35.96924391885303 36.84610350702205 38.09207598247911 39.621998247297626 41.33548417002417 43.168280311101675 45.043634879586655 46.79473160098851 48.32856365164391 49.592662342051916 50.506065379019496 50.976127103676525 51.001694448145265 50.641170817880756 49.96105677488612 49.01597235611929 47.888764707241755 46.61547520475904 45.395200874153936 44.24103952447201 43.252353312439105 42.52992532197552 42.0881408085847 41.96123680165785 42.16934349179303 42.70234309231552 43.51356391108677 44.59046932856516 45.898885440293554 47.32238004488275 48.89343679205307 50.46506211693471 51.97000796070502 53.33323206686644 54.504476275307276 55.40778096589994 56.00214895321074 56.301131837435506 56.30395322315915 56.00014551831376 55.449561693889954 54.65524143750021 53.73838655409886 52.7925549132589 51.88771160079763 51.08607229213876 50.49845826521034 50.09988962697314 49.88667061527397 49.8744684548533 50.09248720164188 50.5504507376324 51.238935902822426 52.18155759853811 53.395169335720965 54.917608958475356 56.77868170849383 58.85454385416833 60.931976648622644 62.698967910617334 64.10142091123082 65.19184498387585 66.02666034388119 66.61791934966028 66.93860491964875 66.90753065036847 66.44339111103264 65.57309456941492 64.4048440735676 63.41156583217076 63.066853350706765 63.50603385438164 64.52724042979207 65.61526482546411 66.36495522195645 66.64100536814996 66.51153252713058 66.21881845232829 65.87165459182562 65.47062996566167 64.87931685430769 63.908817290596204 62.53233071791404 60.870870802506275 59.398553404816475 58.50807295757782 58.321645526144096 58.86583001464549 59.9379905889046 61.524602594460546 63.74791540829469 66.6209854920123 69.98160927066198 73.6132082477053 77.08244614401453 79.94233870856227 82.03037777177961 83.3735046160274 84.0394216122328 84.09579450196998 83.50192435452479 82.12211774075645 79.91613479265716 77.05978336971997 73.81041752720711 70.54715339031576 67.75796685524764 65.57809254815052 63.99426372778536 62.91146365567958 62.208004546351155 61.85660856956702 61.830399428556774 62.22402650196434 63.10535389067823 64.51512156145017 66.62930242166972 69.35315491469936 72.56485872489863 75.99328047027177 79.3404390680929 82.3353629201914 84.72060031689668 86.5097762694613 87.6214103291979 88.08267970876396 87.88001632568212 86.91855849165886 85.26611217349907 83.08513065711108 80.63310864780188 78.18104517285902 75.98637790095265 74.23885378843603 72.89774749209725 71.92246019784592 71.24524832985607 70.75774619373288 70.44634449051009 70.25687931770928 70.23002992068 70.35219051132604 70.65051672298738 71.20626530971575 72.01948314322466 73.15787935144351 74.64860012403489 76.5051567240364 78.72759203027141 81.23458631072022 83.91771642152783 86.66862087826145 89.2569201537203 91.5471097791079 93.363031316082 94.59627661748199 95.2197269155333 95.21986168180804 94.56956159716297 93.32303853508849 91.62932249347769 89.56972888632386 87.32041672595268 85.04399400302489 82.88951787999972 80.99250531193293 79.46134608529984 78.26894892512489 77.4017703977561 76.83269740562845 76.53463529770454 76.45338813699321 76.5482924151483 76.79225306400238 77.19882623092425 77.70024809650715 78.35072771724009 79.10961651312735 79.99045733093106 80.97970372349174 82.13156310537424 83.43247686103174 84.90955126532286 86.54923532140879 88.39218174428446 90.38418762830042 92.49815434887195 94.66632132075357 96.82093730527188 98.84004443683894 99.99946983180548 99.99949593988215 99.99952100180407 99.99954481762558 99.99956766551863 99.9995893665405 99.99960782729313 99.9996276985479 98.36595992305674 96.06232492609344 93.58252649921923 91.03497037003763 88.5416180601956 86.21087385228071 84.84224305522147 83.51426539874358 82.30824393317671 81.19707924184621 80.19432004407139 80.19432811689194 80.19433588959451 80.19434411158115 80.19435112705538 80.19435781039954 80.19436417733746 80.19437103362576 80.19437677454286 80.19438224367042 80.19438750628396 80.19439306452685 80.1943977624452 80.19440223795212 80.19440654446399 80.19441109289569 80.1944148986155 80.19441856285218 80.19442205361445 80.19442574615219 80.19442886513055 80.19443183793445 80.19443498748437 80.19443767335714 80.19444049302119 80.19444289617647 80.19444544623897 80.19444759727288 80.1944498834637 80.19445181053521 80.1944538812361 80.19445560832753 80.19445746737753 80.194459215691 80.19446086053132 80.19446225883235 80.19446373808792 80.19446515806885 80.19446648164413 80.19446774066793 80.19446893828845 80.19447006638788 80.19447114000597 80.19447216177387 80.19447322976998 80.19447414153771 80.19447500106 80.19447581989023 80.194476686051 80.19447741767156 80.19447812209303 80.19447885379552 80.19447948382215 80.19448008432182 80.19448072052374 80.19448125754562 80.19448183262956 80.1944823180614 80.19448278573105 80.19448328120565
50.0 50.0 50.0 50.0 50.0 50.0 50.0 50.0 50.0 50.0 50.0 50.0 50.0 50.0 50.0 50.0 50.0 50.0 50.0 50.0 50.0 50.0 50.0 50.0 50.0 50.0 50.0 50.0 50.0 50.0 50.0 50.0 50.0 50.0 50.0 50.0 50.0 50.0 50.0 50.0 50.0 50.0 50.0 50.0 50.0 50.0 50.0 50.0 50.0 50.0 50.0 50.0 50.0 50.0 50.0 50.0 50.0 50.0 50.0 50.0 50.0 50.0 50.0 50.0 50.0 50.0 50.0 50.0 50.0 50.0 50.0 50.0 50.0 50.0 50.0 50.0 50.0 50.0 50.0 50.0 50.0 50.0 50.0 50.0 50.0 50.0 50.0 50.0 50.0 50.0 50.0 50.0 50.0 50.0 50.0 50.0 50.0 50.0 50.0 50.0 50.0 50.0 50.0 50.0 50.0 50.0 50.0 50.0 50.0 50.0 50.0 50.0 50.0 50.0 50.0 50.0 50.0 50.0 50.0 50.0 50.0 50.0 50.0 50.0 50.0 50.0 50.0 50.0 50.0 50.0 50.0 50.0 50.0 50.0 50.0 50.0 50.0 50.0 50.0 50.0 50.0 50.0 50.0 50.0 50.0 50.0 50.0 50.0 50.0 50.0 50.0 50.0 50.0 50.0 50.0 50.0 50.0 50.0 50.0 50.0 50.0 50.0 50.0 50.0 50.0 50.0 50.0 50.0 50.0 50.0 50.0 50.0 50.0 50.0 50.0 50.0 50.0 50.0 50.0 50.0 50.0 50.0 50.0 50.0 50.0 50.0 50.0 50.0 50.0 50.0 50.0 50.0 50.0 50.0 50.0 50.0 50.0 50.0 50.0 50.0 50.0 50.0 50.0 50.0 50.0 50.0 50.0 50.0 50.0 50.0 50.0 50.0 50.0 50.0 50.0 50.0 50.0 50.0 50.0 50.0 50.0 50.0 50.0 50.0 50.0 50.0 50.0 50.0 50.0 50.0 50.0 50.0 50.0 50.0 50.0 50.0 50.0 50.0 50.0 50.0 50.0 50.0 50.0 50.0 50.0 50.0 50.0 50.0 50.0 50.0 50.0 50.0 50.0 50.0 50.0 50.0 50.0 50.0 50.0 50.0 50.0 50.0 50.0 50.0 50.0 50.0 50.0 50.0 50.0 50.0 50.0 50.0 50.0 50.0 50.0 50.0 50.0 50.0 50.0 50.0 50.0 50.0 50.0 50.0 50.0 50.0 50.0 50.0 50.0 50.0 50.0 50.0 50.0 50.0 50.0 50.0 50.0 50.0 50.0 50.0 50.0 50.0
50.0 50.0 50.0 50.0 50.0 50.0 50.0 50.0 50.0 50.0 50.0 50.0 50.0 50.0 50.0 50.0 50.0 50.0 50.0 50.0 50.0 50.0 50.0 50.0 50.0 50.0 50.0 50.0 50.0 50.0 50.0 50.0 50.0 50.0 50.0 50.0 50.0 50.0 50.0 50.0 50.0 50.0 50.0 50.0 50.0 50.0 50.0 50.0 50.0 50.0 50.0 50.0 50.0 50.0 50.0 50.0 50.0 50.0 50.0 50.0 50.0 50.0 50.0 50.0 50.0 50.0 50.0 50.0 50.0 50.0 50.0 50.0 50.0 50.0 50.0 50.0 50.0 50.0 50.0 50.0 50.0 50.0 50.0 50.0 50.0 50.0 50.0 50.0 50.0 50.0 50.0 50.0 50.0 50.0 50.0 50.0 50.0 50.0 50.0 50.0 50.0 50.0 50.0 50.0 50.0 50.0 50.0 50.0 50.0 50.0 50.0 50.0 50.0 50.0 50.0 50.0 50.0 50.0 50.0 50.0 50.0 50.0 50.0 50.0 50.0 50.0 50.0 50.0 50.0 50.0 50.0 50.0 50.0 50.0 50.0 50.0 50.0 50.0 50.0 50.0 50.0 50.0 50.0 50.0 50.0 50.0 50.0 50.0 50.0 50.0 50.0 50.0 50.0 50.0 50.0 50.0 50.0 50.0 50.0 50.0 50.0 50.0 50.0 50.0 50.0 50.0 50.0 50.0 50.0 50.0 50.0 50.0 50.0 50.0 50.0 50.0 50.0 50.0 50.0 50.0 50.0 50.0 50.0 50.0 50.0 50.0 50.0 50.0 50.0 50.0 50.0 50.0 50.0 50.0 50.0 50.0 50.0 50.0 50.0 50.0 50.0 50.0 50.0 50.0 50.0 50.0 50.0 50.0 50.0 50.0 50.0 50.0 50.0 50.0 50.0 50.0 50.0 50.0 50.0 50.0 50.0 50.0 50.0 50.0 50.0 50.0 50.0 50.0 50.0 50.0 50.0 50.0 50.0 50.0 50.0 50.0 50.0 50.0 50.0 50.0 50.0 50.0 50.0 50.0 50.0 50.0 50.0 50.0 50.0 50.0 50.0 50.0 50.0 50.0 50.0 50.0 50.0 50.0 50.0 50.0 50.0 50.0 50.0 50.0 50.0 50.0 50.0 50.0 50.0 50.0 50.0 50.0 50.0 50.0 50.0 50.0 50.0 50.0 50.0 50.0 50.0 50.0 50.0 50.0 50.0 50.0 50.0 50.0 50.0 50.0 50.0 50.0 50.0 50.0 50.0 50.0 50.0 50.0 50.0 50.0 50.0 50.0
50.0 50.0 50.0 50.0 50.0 50.0 50.0 50.0 50.0 50.0 50.0 50.0 50.0 50.0 50.0 50.0 50.0 50.0 50.0 50.0 50.0 50.0 50.0 50.0 50.0 50.0 50.0 50.0 50.0 50.0 50.0 50.0 50.0 50.0 50.0 50.0 50.0 50.0 50.0 50.0 50.0 50.0 50.0 50.0 50.0 50.0 50.0 50.0 50.0 50.0 50.0 50.0 50.0 50.0 50.0 50.0 50.0 50.0 50.0 50.0 50.0 50.0 50.0 50.0 50.0 50.0 50.0 50.0 50.0 50.0 50.0 50.0 50.0 50.0 50.0 50.0 50.0 50.0 50.0 50.0 50.0 50.0 50.0 50.0 50.0 50.0 50.0 50.0 50.0 50.0 50.0 50.0 50.0 50.0 50.0 50.0 50.0 50.0 50.0 50.0 50.0 50.0 50.0 50.0 50.0 50.0 50.0 50.0 50.0 50.0 50.0 50.0 50.0 50.0 50.0 50.0 50.0 50.0 50.0 50.0 50.0 50.0 50.0 50.0 50.0 50.0 50.0 50.0 50.0 50.0 50.0 50.0 50.0 50.0 50.0 50.0 50.0 50.0 50.0 50.0 50.0 50.0 50.0 50.0 50.0 50.0 50.0 50.0 50.0 50.0 50.0 50.0 50.0 50.0 50.0 50.0 50.0 50.0 50.0 50.0 50.0 50.0 50.0 50.0 50.0 50.0 50.0 50.0 50.0 50.0 50.0 50.0 50.0 50.0 50.0 50.0 50.0 50.0 50.0 50.0 50.0 50.0 50.0 50.0 50.0 50.0 50.0 50.0 50.0 50.0 50.0 50.0 50.0 50.0 50.0 50.0 50.0 50.0 50.0 50.0 50.0 50.0 50.0 50.0 50.0 50.0 50.0 50.0 50.0 50.0 50.0 50.0 50.0 50.0 50.0 50.0 50.0 50.0 50.0 50.0 50.0 50.0 50.0 50.0 50.0 50.0 50.0 50.0 50.0 50.0 50.0 50.0 50.0 50.0 50.0 50.0 50.0 50.0 50.0 50.0 50.0 50.0 50.0 50.0 50.0 50.0 50.0 50.0 50.0 50.0 50.0 50.0 50.0 50.0 50.0 50.0 50.0 50.0 50.0 50.0 50.0 50.0 50.0 50.0 50.0 50.0 50.0 50.0 50.0 50.0 50.0 50.0 50.0 50.0 50.0 50.0 50.0 50.0 50.0 50.0 50.0 50.0 50.0 50.0 50.0 50.0 50.0 50.0 50.0 50.0 50.0 50.0 50.0 50.0 50.0 50.0 50.0 50.0 50.0 50.0 50.0 50.0