4 302 9
300.00980000000004 300.01 301.04 301.96 302.98 303.99 305.01 306.01 307.02 308.02 309.01 310.0 310.99 311.98 312.96 314.05 315.02 316.0 316.97 318.05 319.02 319.98 320.95 322.03 323.0 323.97 325.04 326.02 326.99 327.96 329.05 330.03 331.01 332.0 332.99 333.98 334.97 335.97 336.98 337.99 339.0 340.02 341.04 341.95 342.98 344.02 344.95 345.99 347.04 347.98 349.03 349.98 351.04 352.0 352.95 354.03 354.99 355.95 357.04 358.01 358.98 359.95 361.05 362.02 363.0 363.98 364.95 366.06 367.04 368.02 368.99 369.97 370.95 372.05 373.03 374.0 374.98 375.95 377.04 378.0 378.97 380.05 381.01 381.96 383.04 383.98 385.05 385.99 387.04 387.98 389.02 389.95 390.99 392.02 393.05 393.96 394.98 395.99 397.0 398.01 399.01 400.0 401.0 401.98 402.97 403.95 405.04 406.02 406.99 407.96 409.04 410.01 410.97 412.05 413.01 413.98 415.05 416.02 416.98 417.95 419.03 420.0 420.98 421.95 423.04 424.03 425.01 426.0 427.0 427.99 429.0 430.0 431.01 432.03 433.05 433.96 434.99 436.02 437.06 437.99 439.03 439.97 441.02 441.97 443.03 443.98 445.05 446.0 446.96 448.04 449.01 449.97 451.06 452.03 453.0 453.98 454.95 456.05 457.02 458.0 458.98 459.95 461.05 462.03 463.0 463.98 464.95 466.04 467.01 467.98 468.95 470.03 470.99 471.95 473.03 473.98 475.04 475.99 477.05 477.99 479.04 479.97 481.01 482.05 482.96 483.99 485.01 486.03 487.05 488.06 488.95 489.95 490.95 492.05 493.04 494.02 495.0 495.98 496.95 498.03 499.0 499.97 501.04 502.01 502.97 504.04 505.0 505.96 507.03 507.99 508.96 510.03 511.0 511.97 513.05 514.02 515.0 515.98 516.96 517.95 519.05 520.05 521.05 522.05 522.95 523.96 524.98 526.0 527.03 528.06 528.98 530.02 530.95 532.0 533.05 533.99 535.05 536.0 536.95 538.02 538.98 540.06 541.02 541.98 542.95 544.03 545.0 545.97 546.94 548.04 549.01 549.98 550.96 552.05 553.02 553.99 554.97 556.06 557.02 557.99 558.96 560.04 561.0 561.96 563.03 563.99 565.05 566.0 567.06 568.0 569.05 569.98 571.03 571.95 572.99 574.02 575.04 575.95 576.96 577.98 578.98 579.98 580.98 581.97 582.96 583.95 585.04 586.02 586.99 587.96 589.04 590.0 590.97 592.03 592.99 593.95 595.02 595.97 597.04 597.99 598.95 600.02
0.0 13.54 26.89 39.77 51.58 60.9 70.0 80.0 90.0
71.04621016395508 71.04640116776291 72.01828385346005 72.86622769671244 73.78380616888882 74.6687911250516 75.53851734100292 76.36764030081241 77.18133551154482 77.96350007421718 78.7148996341819 79.44358638507431 80.14972241721287 80.83351346454663 81.48863126151679 82.19218038521053 82.79637466926383 83.38620033031759 83.9499753586079 84.55469490631351 85.07760724218844 85.57671080199597 86.0628242770298 86.58308345197726 87.03199759835246 87.46401013135127 87.92150344746943 88.32348667487035 88.70581620544317 89.0731366507707 89.46856084454765 89.8089302791267 90.1354393507316 90.45167684330286 90.75470945707075 91.04499891710968 91.32299884563508 91.59178361798111 91.85144626538978 92.09969055317852 92.33695734246406 92.56586954226188 92.7844541505615 92.9710893349243 93.17318282103754 93.3677742527981 93.53405936521106 93.71173239951312 93.88261661152673 94.02866297110008 94.18438485663707 94.31881549645519 94.46188429454403 94.58542075370688 94.70226648863779 94.82885690351769 94.93604806687371 95.03844139025932 95.14914329683194 95.24291166257191 95.33241284382228 95.4178333955487 95.50999053245954 95.58729270871683 95.66179417291137 95.73284107811558 95.79991360693788 95.87288634464566 95.93411680484175 95.99249202854743 96.04758736720244 96.10066204148657 96.1512532899957 96.20522202659778 96.25091305638466 96.2940256910437 96.33554686656555 96.37472162744773 96.41656929355862 96.45161159983884 96.48537523218569 96.52111622725911 96.55132623093068 96.57984487628777 96.61068154379724 96.63621327549419 96.66386764368347 96.68698301124962 96.7115629182347 96.7325092115749 96.75457488337798 96.77336594647879 96.79337823151243 96.8628029644006 96.9110655738458 96.94638560199729 96.99286868462563 97.06879714872048 97.13387332803315 97.17799871534861 97.22133307657735 97.20313691959804 97.15406289561085 97.02311621413328 96.81064115798105 96.54683651680547 96.2429806685557 95.93754765958523 95.63155450664132 95.39609623654421 95.23203888702552 95.14786602323348 95.14441500816683 95.13128280205568 95.08660669983762 94.99097912406101 94.78402582454376 94.51533292201204 94.22602194638422 93.99737803559348 93.84001247761688 93.48909790145407 92.35659926414394 90.00596877773263 85.94023646070761 80.48321170599509 73.87870955346042 66.68494982352028 59.125208858972776 51.280655679319494 43.20210605080017 34.88953167580774 26.657667832966066 19.115651294615436 12.750851976879089 8.131885399145995 5.005132048668172 3.147311330975543 2.0102598826546294 1.34019690776644 0.9442473804804873 0.6802752362404656 0.5178303434855174 0.4061474501432523 0.324923057325011 0.2640035139000794 0.23354491393079865 0.203084988388769 0.19293298550971594 0.18278089325352068 0.17262823286915474 0.16247525853964037 0.15232220091486023 0.1523235921974021 0.15232491763656592 0.1421711135122222 0.14217223570467388 0.13201819815437774 0.121863819473717 0.1218646540660858 0.11170999469649717 0.11171068143223314 0.11171142095845413 0.1015564058325094 0.10155694185452703 0.09140171187748408 0.10155794387830956 0.10155846285969268 0.10155890151537768 0.0914033874667139 0.09140374576675597 0.081248110916026 0.08124839548868826 0.08124866672636305 0.0812489567060592 0.0812491991536669 0.07109327437091172 0.07109346623097308 0.07109366982074647 0.06093757847494567 0.060937734924824426 0.060937866799866146 0.0609380071897261 0.06093814046647131 0.06093825153239913 0.05078197608016776 0.05078206997688592 0.05078215920525618 0.05078224399736381 0.0406258590428576 0.04062591269131647 0.04062597018993665 0.04062602488446707 0.04062608197272856 0.0507826634193457 0.050782720857461404 0.050782775549072075 0.05078282762550118 0.05078287671798239 0.050782928648239946 0.05078297295821294 0.05078301517050581 0.05078305942036932 0.05078309753944397 0.050783133488451065 0.04062653725986751 0.04062656324334256 0.040626588009101475 0.04062661424732257 0.05078329577846813 0.050783322708009934 0.05078335093741262 0.05078337525563624 0.06094007810711054 0.06094010751441753 0.06094013260644933 0.06094015675102337 0.06094017974104892 0.060940201631733554 0.06094022268311774 0.07109695236387562 0.08125368537693013 0.08125370966421112 0.09141044936287604 0.09141047166889697 0.09141049553453952 0.10156724271542447 0.11172399359507491 0.12188074813283965 0.1421942370127088 0.15235099635315313 0.17266449684430338 0.19297799970394447 0.2336049894699909 0.27423199145541316 0.34532922515394043 0.4468967147376646 0.5789344582069191 0.7820694559834709 1.1172422332036496 1.6961770433341563 2.77279275886012 5.078375552582591 9.222330931862658 15.113248630698322 21.410437755277503 26.895087350897054 30.65308927100045 33.557924119356976 37.02138131743229 41.15518459180436 46.0913722641885 51.76900393285201 51.76900752094224 51.76901055365514 51.769013442791675 51.76901622283448 51.769019159047176 51.76902161580668 51.76902398123261 51.76902623467317 51.769028618368665 51.769030631806366 51.769032550882024 51.76903458405501 51.769036317904 51.76903813812115 51.76903968946356 51.769041335641056 51.76904272422805 51.76904420006477 51.76904544407417 51.76904678080266 51.76904789571613 51.76904909581467 51.76905022442789 51.76905128624466 51.76905218890947 51.769053143834 51.769054060494135 51.76905491492018 51.76905572767542 51.76905650079213 51.769057229029926 51.76905792209762 51.76905858169374 51.76905927113219 51.76905985971836 51.769060414577794 51.769060943168725 51.76906150231359 51.76906197460684 51.76906242934188 51.76906290168802 51.76906330839791 51.76906369604686 51.76906410674318 51.769064453414416 51.7690648246564 51.76906513802399 51.76906543992532 51.769065759775955
70.84189413879645 70.84208459331195 71.81117232053342 72.65667763096033 73.57161731373789 74.4540572135472 75.32128225451663 76.14802080695063 76.95937597771801 77.73929117685506 78.4885298478569 79.21512102770922 79.91922634058808 80.60105092878901 81.25428472569808 81.95581056961204 82.55826730039885 83.14639672974194 83.7085504432204 84.31153092709646 84.83293946185763 85.33060769027668 85.8153231910517 86.33408619489542 86.78170934553962 87.21247948878454 87.66865713703427 88.06948433352217 88.4507143536523 88.81697845194634 89.21126547740229 89.5506560711706 89.8762261618568 90.19155421270924 90.49371535959668 90.78316999975594 91.06037045086714 91.32838224691812 91.58729815160993 91.8348285338148 92.07141298681277 92.29966687660834 92.51762287518726 92.70372133058258 92.90523363245394 93.09926545452137 93.26507236108588 93.4422344399399 93.61262721992806 93.75825357663837 93.91352763425307 94.04757167591312 94.19022903406616 94.31341022476022 94.4299199325327 94.55614629632063 94.66302919731643 94.7651280560601 94.87551160401125 94.96901030892444 95.05825410099727 95.14342899869717 95.23532110838335 95.31240097759073 95.38668818907568 95.45753077625594 95.52441041664048 95.59717329797903 95.65822767046801 95.7164350176093 95.77137191205493 95.82429395319423 95.87473971044099 95.92855324273702 95.97411287340255 96.01710152393734 96.05850329208303 96.09756539345231 96.13929271325927 96.17423424421713 96.20790077847613 96.24353898892484 96.27366211410063 96.3929593057216 96.48432935066961 96.5401322210755 96.6081766972376 96.69191965023391 96.76704774480574 96.80822920746016 96.84042603438104 96.81877038347464 96.74773060892123 96.6147509085868 96.39980303299673 96.13134402952299 95.86381718937034 95.60539377620263 95.34615491936086 95.12666055318948 94.96710514356685 94.83717064618725 94.77767477041381 94.697126198433 94.57560880830297 94.4332023157835 94.24061813271314 94.01609448089482 93.63894169572121 93.04839209985246 92.07281720305136 90.52794874448757 88.2217647979247 84.87089065627126 80.54472000400187 75.2236302098377 68.98900610688007 61.98192887314495 54.50716426403373 46.82858899665543 39.12906177374834 31.672025638964307 24.68110291176446 18.399949607845194 13.133247988233698 8.901309020048016 5.744949115705303 3.5729529416021037 2.2636214198447515 1.4617560274885026 0.9745333502638948 0.6903140204633523 0.507597656488829 0.38578430027667 0.3045741164622775 0.25381712223878455 0.21321123652997429 0.17260330466449497 0.16245353716362665 0.14214935376206833 0.1218445924921891 0.11169268159226453 0.10154054565498961 0.10154204679969563 0.10154363975927759 0.0913904977077191 0.09139180627367631 0.09139291087122718 0.1015488611958549 0.09139511283546352 0.10155120406620682 0.10155222137062399 0.11170865066087941 0.10155424635166958 0.11171064302518444 0.11171157837525098 0.11171246014291053 0.11171340969691675 0.10155836799193076 0.10155906352108192 0.1015597257996692 0.10156035013675946 0.10156102246765006 0.09140543198480931 0.09140591442925654 0.09140637866136785 0.08125050337484976 0.0914072834037991 0.08125126952362025 0.08125160385435538 0.08125192235954307 0.0710957268681418 0.07109597588193478 0.07109621322701795 0.060939828833320386 0.06094001067831033 0.06094020364083623 0.06094036810071396 0.060940542615143894 0.060940689822679764 0.06094084628054652 0.06094097816232152 0.05078426546612458 0.05078437653574962 0.05078446909541513 0.050784568903679356 0.050784662805191685 0.05078475203811777 0.0507848368345547 0.05078491664483765 0.06094198045060225 0.050785055585780135 0.050785123957433904 0.050785195321404276 0.05078525627795143 0.0507853137189998 0.05078536841340291 0.050785420492490935 0.05078546958747871 0.05078552152038771 0.050785565832623086 0.05078560804707123 0.060942782759032844 0.060942828504257966 0.06094287164526906 0.06094291735126259 0.07110011571654269 0.07110015905883366 0.07110020497806499 0.0812574218709773 0.08125746496044413 0.08125751012979457 0.09141474267105636 0.10157198263745121 0.12188643798255837 0.1320436955166163 0.15235817057599735 0.18282987366479497 0.22345881474913573 0.2640877813853919 0.33518846001958563 0.4367608578757804 0.5992767050504252 0.8532077548668602 1.3204408952227669 2.173649425790704 3.615978455684257 5.728686333457676 8.481301740000674 11.660522767014816 14.951474461424954 18.17132685238494 21.350550869019386 24.580562556729273 27.72931708802484 30.390523412099892 32.05631918523598 32.57434392705526 32.025855801602745 30.59368566570222 28.67396571559461 26.63235830924625 24.692322611621524 22.874173640108012 21.12712512560873 19.603536381225698 18.66906892266516 18.79095777219046 18.496398281018234 18.61828717613962 19.055051414533867 19.73559031098837 20.649746647042733 20.64974807826892 20.649749287964845 20.64975044039068 20.649751549300937 20.649752720504626 20.649753700462853 20.649754643989716 20.64975554284759 20.64975649366187 20.649757296786813 20.649758062272394 20.6497588732694 20.649759564871317 20.649760290923975 20.649760909727224 20.64976156635852 20.64976212024149 20.649762708926843 20.64976320514035 20.64976373833787 20.64976418305728 20.649764661755512 20.649765111939512 20.649765535479574 20.649765895536717 20.64976627643934 20.649766642078976 20.649766982894523 20.649767307088315 20.649767615470996 20.649767905952267 20.6497681824048 20.64976844550611 20.649768720511002 20.64976895528769 20.649769176611375 20.649769387457013 20.649769610490083 20.649769798879568 20.64976998026539 20.649770168675968 20.649770330905405 20.649770485531764 20.649770649351314 20.649770787632384 20.64977093571429 20.64977106071112 20.649771181134263 20.649771308717064
70.61283323924613 70.61302307794405 71.57897734707213 72.42174879204647 73.33373009956713 74.21331670924768 75.07773765596734 75.90180302357454 76.71053475029755 77.4879281637136 78.23474423879189 78.9589860513484 79.66081470296197 80.34043467261893 80.99155629673879 81.69081381986857 82.29132256094715 82.8775503266239 83.43788636657938 84.03891716723865 84.55863977435126 85.05469883726921 85.5378470540242 86.05493268430587 86.50110848571143 86.93048577240287 87.38518841121459 87.78471956897697 88.16471691609055 88.5297967323316 88.92280886611745 89.26110207089505 89.58561945994553 89.89992792587776 90.20111206184595 90.48963077643376 90.76593492479276 91.03308012878209 91.29115885215968 91.5378888671143 91.77370834554064 92.00122419689217 92.21847545433303 92.4039721770938 92.60483290704295 92.79823734464749 92.96350812947738 93.14009737066743 93.30993920091132 93.45509468788173 93.60986668078253 93.74347730307773 93.88567339148095 94.03814629305924 94.18404263822597 94.36947317268216 94.51587848740614 94.61781863667608 94.74794190124585 94.85128035108139 94.94041351056109 94.96558022498309 95.0173269299475 95.04422287954367 95.02821744373823 95.0186599932503 94.94489974020193 94.86675051259664 94.80688496395211 94.64360861775701 94.47683727682467 94.24749805062639 93.9449960428534 93.48435268250371 92.78350246599854 91.71676318366107 90.16370416902319 88.12308843515396 85.53840403488852 82.44099373868006 78.97682198722667 75.29966922891288 71.47423590754526 67.62499861514654 63.855874394787314 60.323702029075065 57.18535287879281 54.487789733931166 52.15400321603431 50.03982116076253 47.88477854321572 45.51456289861822 42.647710599772935 39.434773745455665 35.885892384237444 32.05102581969587 28.012569131147924 23.840762871858487 19.616810321473395 15.50302079645971 11.702334103299922 8.448238683918023 5.822177499328636 3.935991293821942 2.607369093520239 1.735041158501435 1.207556350303228 0.8626195685556522 0.6292594120371267 0.4872088169402264 0.3857406837696127 0.3045548260734295 0.25381353646379634 0.2132194011750567 0.18277109450048756 0.1624731307874452 0.14217310392380622 0.1320251739181188 0.12187573960841716 0.11172503148125675 0.10157359954292136 0.10157819829046981 0.1015826237820598 0.10158679604046354 0.1015912496060743 0.09143558086877004 0.09143883799558057 0.08128175151920064 0.08128442774178479 0.09144781736910601 0.08128939545691881 0.07113023691002925 0.07113217328258256 0.0609720275679518 0.06097354174858596 0.0609748290331135 0.06097621718403706 0.06097753571337805 0.05081566663018756 0.050816563473824246 0.05081751825477591 0.060982007477264975 0.06098305501054142 0.07114794932650577 0.0711490654730794 0.07115001677481814 0.08131546917647624 0.08131645198742793 0.09148207371673231 0.10164801396962461 0.10164909370289389 0.11181512318672869 0.11181633150354937 0.12198256670513805 0.11181832578838127 0.12198464949826097 0.12198561235386157 0.12198664922948639 0.12198751744108612 0.12198835288060858 0.12198914838099238 0.13215572316666593 0.13215659803933952 0.14232328704080088 0.14232403823335096 0.15249081543031273 0.15249154552563596 0.1626584797737593 0.17282538123122201 0.19315857382403193 0.20332561158213436 0.2338254228933773 0.2643253168967947 0.3049917684392628 0.3761578569258604 0.46765710950473455 0.6099894656219192 0.833654519468196 1.2199857172650344 1.8808158573911937 2.9279803114257925 4.402146592084649 6.303319110805624 8.52983274249037 10.9800192515991 13.592883880556279 16.24642378789177 18.727137171241164 20.852020885548736 22.488904283515087 23.515779520152783 23.88181767099997 23.678513511148235 22.966868693108495 21.899377841372367 20.628545913357847 19.22554082471212 17.86319929603195 16.775359892804197 16.175530231557516 16.216211961506968 17.049912266071416 18.768136832563872 21.411552458497752 24.8073243029618 28.762284051919345 33.022254630296224 37.27206258374725 41.277870109458206 44.90750066260056 48.05928643864515 50.68239392252038 52.563310341967 53.55969926548894 53.478389158220345 52.502379338908426 50.78417674311701 48.62879059019518 46.39206589392166 44.3586792495877 42.742139697540914 41.66444898205269 41.22727943443983 41.5018008633906 42.4880127707129 44.135082936534474 46.21933593953004 48.547598256135 50.886028227892254 53.09228712722122 55.07487025309646 56.77277766387387 58.11483739592623 59.08071754529869 59.72125188656442 60.00593810228123 60.077116929751234 60.04662383467322 60.04663152488014 60.209312675171056 60.54483264355167 61.053193196412074 61.68355740943397 62.34442263240783 62.95445243898146 63.513647401048516 64.00167206116201 64.44902827752587 64.64220765443737 64.75405092014786 64.82522503114116 64.87606479516316 64.93707146819764 64.93707596896168 64.9370797730815 64.9370833971046 64.93708688428467 64.93709056735831 64.93709364902408 64.93709661612448 64.9370994427547 64.93710243277175 64.93710495835151 64.93710736556709 64.93710991590203 64.93711209077632 64.93711437398755 64.93711631993253 64.93711838483503 64.93712012662579 64.93712197785929 64.93712353829741 64.93712521503885 64.93712661354394 64.93712811890194 64.93712953459149 64.9371308664941 64.93713199876252 64.93713319658357 64.93713434640722 64.93713541816679 64.93713643765608 64.9371374074243 64.93713832089813 64.9371391902559 64.93714001762821 64.93714088243361 64.93714162073374 64.93714231672833 64.9371429797727 64.93714368114277 64.93714427356949 64.93714484397184 64.93714543646489 64.93714594662632 64.93714643287844 64.9371469480403 64.93714738289152 64.93714784856336 64.93714824163976 64.93714862033332 64.9371490215418
69.47016977573794 69.47035654244833 70.42067964936241 71.24981328808987 72.14703682890296 73.0123898859024 73.86282269211563 74.67355295696726 75.48545561692576 76.25864526953721 76.96874229951707 77.67289714406932 78.35485277512323 79.0233310333995 79.64661293061707 80.33425860419185 80.9422360036878 81.5188531327439 82.05231931634519 82.58993620448513 83.01109176523154 83.33583502762572 83.48290180805714 83.37658061166553 82.77306068464422 81.74686793916544 80.32242947932376 78.40126033201629 76.07795731851942 73.38154813243207 70.39038905104871 67.15837581993635 63.84254347463122 60.59884271090464 57.590193039100555 54.97438114025723 52.75688056858562 50.93458255315297 49.560156269430664 48.56887842453649 47.935436909808715 47.61555520863546 47.48368644098922 47.42252791806818 47.3882257836709 47.33968940372534 47.23682584815326 47.11928518575056 46.98767211964576 46.83299014083754 46.66255673199328 46.5006786712622 46.392132080008196 46.27348733116852 46.10124206868358 45.783336247274015 45.14516203606244 44.10279467658163 42.59083206512273 40.49614896538449 37.92362837485845 34.94270759225807 31.59650530698972 27.987703833494347 24.221180022330188 20.42785191880992 16.73916597984186 13.328830521790762 10.346544990627704 7.825291768421235 5.847047351161995 4.352283205356382 3.230486606126137 2.4622221396982265 1.905833776388849 1.5010092581138346 1.2175593086801049 1.0048949031370908 0.8530083306827703 0.7314157319514167 0.6402127984728495 0.579454718433256 0.5186217567934782 0.47808671273538395 0.44771344293766135 0.41729777836471554 0.407236289167509 0.37678364674621523 0.3565075719827393 0.3463966494971311 0.34647566610534064 0.32615807663366253 0.3262255246172247 0.32628898043559973 0.31615085905800727 0.3162000358119102 0.3264542746998051 0.32650533947843585 0.3367587138446247 0.34701259664605816 0.3674740399064294 0.38793793464499576 0.4186150950153108 0.4492960069155341 0.49019412982525834 0.5413112082667758 0.6128711442049478 0.6742202535448971 0.77644214689964 0.9093297233694754 1.0831165539058176 1.3182306959246506 1.6044711146239348 2.0440659276200672 2.6472335018764848 3.4957885169495175 4.630683409908155 6.1541399191257655 8.045781410550996 10.264764551889332 12.800963252622926 15.57248379366429 18.518054383625177 21.525182499523737 24.440589800979946 27.131102841235645 29.41267671676264 31.193232676723515 32.30907097101505 32.81124225858121 32.80200160446764 32.34264691569121 31.576365911595524 30.584969665270812 29.50141908042344 28.47908623599629 27.630662042881898 27.109528961706978 27.00778879134412 27.407251190324477 28.267136185897705 29.52597665818525 31.11227906488878 32.95433488376126 34.97040784252774 37.08877220090818 39.186767298912834 41.202877077748454 43.024612758503466 44.590629392566825 45.80871233120146 46.65843663042768 47.13985536107819 47.24260910099003 46.99744242840617 46.44528136654333 45.64750729191765 44.67579261550257 43.63237185861512 42.588924803216294 41.63754567443761 40.88056464846982 40.46128227550357 40.45127575544906 40.8505806037671 41.64897481654136 42.77482758083804 44.12583710039763 45.56892423615476 46.9608474700791 48.30160578430123 49.591218690909514 50.82964217407878 51.94526374354232 52.866467739979235 53.582975432930965 54.15622686566406 54.66805454645095 55.27199703204857 56.21362953026277 57.605558531358874 59.33518407640547 61.25926701500594 63.16288388527883 64.88227700878308 66.2435022844158 67.16467007012031 67.57414227019596 67.55378735677317 67.11383634370108 66.23380945582709 64.94442980425714 63.40942779867295 61.73115008970876 60.0937911822455 58.65086968645551 57.607067008036346 57.07495863611015 57.136417806777416 57.74028280726217 58.814905145371554 60.33982407946901 62.27410947351747 64.63822032429498 67.2991193398181 70.18517435777163 73.15309815845177 76.06985311658269 78.78193293224209 81.1358155730428 82.94729237348426 84.16519576525683 84.70764335375812 84.60534095283215 83.81735536213817 82.49718922749044 80.73695368709635 78.66969161199846 76.41821234288966 74.15649630609887 71.99712138596317 70.10382892208655 68.48685596703695 67.20760774259196 66.2353804554687 65.58041235651888 65.21199941707575 65.1403758856769 65.3553080047922 65.8670300030603 66.69600897670188 67.83201401580808 69.31597897436109 71.07626775076577 73.08217646407725 75.27229895735881 77.60570128310233 79.92886831343408 82.2008645983834 84.26817877620151 86.06940325414676 87.5021985537741 88.50515707769794 89.03734321092448 89.10899108932912 88.77127230437951 88.09582416924533 87.10311593760603 86.64258466384429 85.99783855140765 85.23028093852164 84.37061527089145 83.47001253111145 83.47001831638667 83.4700232061965 83.47002786451024 83.47003234692617 83.4700370811434 83.47004104231189 83.47004485621821 83.47004848956438 83.47005233292774 83.4700555793041 83.47005867353533 83.47006195173196 83.47006474731207 83.4700676821483 83.470070183463 83.47007283768552 83.4700750765807 83.47007745615342 83.47007946193821 83.47008161721908 83.47008341485538 83.47008534984028 83.47008716956546 83.47008888159102 83.47009033700715 83.47009187668449 83.47009335466605 83.47009473230416 83.47009604275414 83.47009728929274 83.47009846347059 83.47009958094175 83.47010064444486 83.4701017560644 83.47010270507424 83.47010359970463 83.47010445198086 83.47010535352088 83.47010611502527 83.47010684821959 83.47010760980923 83.47010826556996 83.4701088905977 83.47010955278596 83.47011011174307 83.47011071031693 83.47011121557674 83.47011170234886 83.47011221806163
34.80435783676905 34.90540139928414 35.48522247150653 36.02249013275938 36.59707727428358 37.15029189072519 37.70685619555784 38.22924368952846 38.74624241659493 39.2411583997936 39.71399739071045 40.1858398054905 40.63939667532383 41.08329477760541 41.48750942818151 41.89061860739887 42.18045700714895 42.38068718932319 42.456181306301325 42.39233356007721 42.12445798873198 41.64200217307109 40.96609898942466 40.106508632386664 39.00171148036037 37.75177499466027 36.392447799822186 34.927349042783035 33.430295095626825 31.94286257924531 30.54937527396622 29.252072715655927 28.10724041268139 27.13812434251608 26.36604592017353 25.823453013823638 25.473093583756405 25.327824852637118 25.409668598876337 25.699805856713127 26.189896290113058 26.851754040320014 27.685904782629724 28.67647633933168 29.83866636243258 31.135802973902774 32.55095231696786 34.02627842760776 35.46335144072194 36.93679340175819 38.428882217785855 39.89607391311113 41.35042538752553 42.717454911203205 44.00199169463508 45.169844776193294 46.134037506003274 46.96287426554244 47.67276571391877 48.32353054604271 48.806574561269805 49.12146547215577 49.33593645727193 49.41765793067532 49.41435102644486 49.36734156176607 49.27627803666638 49.21950246814642 49.16705221473954 49.11303404492757 49.12022666376684 49.17888133331512 49.29935521096507 49.47423991213187 49.72918217459442 50.046155539173704 50.38361978486293 50.76225655066295 51.15314062644519 51.551250486948454 51.9489476625909 52.31633363796212 52.659853433125136 52.94986876908182 53.19908537858752 53.38214221609269 53.52420310599662 53.63211356183802 53.74088331325005 53.815960074320856 53.912838379242864 54.01850510295246 54.15663027826507 54.336470021978016 54.547597987839445 54.76778663078677 55.0309742042159 55.314886081721 55.58786825838088 55.828747378203055 56.079824338936724 56.28815492479094 56.48566616708896 56.64037713639604 56.763083808373985 56.843065555089325 56.91278944522245 56.96042802275774 56.96536632942506 56.95946861159886 56.94323791109982 56.91566962262888 56.877250226376056 56.828495325266076 56.77906991595614 56.718896656857844 56.66949158953218 56.60896833541634 56.54826057510551 56.508657016393634 56.54348688249327 56.66276794800759 56.87746594444934 57.166323438489655 57.5190377739433 57.839595142080086 58.08575790894406 58.23633693953856 58.301937550910445 58.33558835142402 58.39041676225982 58.41330125881977 58.47858203507682 58.69241777584436 59.15034787847944 59.90532304679506 60.93644914326547 62.222343430155384 63.65686851307621 65.00631837195128 66.06923402462058 66.78164848470219 67.1862529136972 67.32527307131025 67.16706494698438 66.6689281887861 65.84168547972165 64.79129506527389 63.63466940914936 62.541776871208995 61.777915610130364 61.65111227035696 62.20394736964968 63.457525571978294 65.28451505702114 67.47255724302808 69.81988756258498 72.14606055069204 74.28102522288812 75.99123043379811 77.15984921490772 77.78686623088329 77.84047836950856 77.33117832422329 76.30148982226338 74.76203430593307 72.88271278722364 70.85472019100773 68.83727218545269 67.04280892680117 65.63063255414174 64.73883414812033 64.32488383398221 64.34633849489796 64.77136807128406 65.62116372836672 66.8532988634407 68.53145382058193 70.58133370351102 72.97103751928992 75.59440817628663 78.2602415525939 80.83051576889386 83.13528594131527 85.04708523377703 86.40664902083357 87.17147081283836 87.33092884883341 86.88502029097495 85.93994488463208 84.53816913566244 82.81778592193756 80.96994741255797 79.12210858937136 77.41231432694288 75.93616044392867 74.79985370509824 73.96091372684711 73.45120244434494 73.16452444722903 73.09024482276506 73.18589010965643 73.46208721376391 73.94006579218943 74.60921141774449 75.51201295710807 76.65907990418597 78.0822802745848 79.74975805901495 81.61902093896242 83.66883382258585 85.77175394315718 87.85342847602385 89.7970353752824 91.46451115693121 92.79212296995495 93.69491051577383 94.14101112300412 94.04545949270296 93.49322031627487 92.4842961604777 91.09302450954618 89.42561450774033 87.57765165036749 85.66596053701814 83.77551117503711 81.98064564238682 80.35570833687603 78.93256156604932 77.72182600809674 76.73412087639663 75.95882928198559 75.38532738296487 75.00299785039397 74.77997719369925 74.71626428604239 74.83310321481025 75.09862956237076 75.52346531057734 76.10761167770067 76.8616871518676 77.77507328886438 78.8902506356923 80.19659969261203 81.6941205965956 83.32971085765065 85.10336878857933 86.96199197727907 87.87537600705198 88.84186404944336 89.85083367168382 90.93414779694724 92.08118583704943 92.08119221916185 92.08119761342829 92.08120275231639 92.08120769716018 92.08121291978235 92.08121728960427 92.08122149697175 92.08122550515162 92.08122974501508 92.08123332630345 92.08123673975065 92.08124035614203 92.0812434401278 92.08124667773603 92.08124943709855 92.0812523651436 92.08125483501412 92.08125746007516 92.08125967278649 92.08126205041664 92.08126403350586 92.08126616811323 92.08126817557013 92.0812700642166 92.08127166978055 92.0812733682985 92.08127499875584 92.08127651851783 92.0812779641602 92.0812793392978 92.08128063460956 92.0812818673645 92.08128304058376 92.08128426688339 92.08128531379772 92.08128630072254 92.08128724092373 92.08128823547102 92.08128907553592 92.08128988437012 92.08129072452908 92.08129144794128 92.08129213744992 92.08129286795275 92.0812934845746 92.08129414490026 92.08129470228513 92.08129523927504 92.08129580819126
1.5951622259317508 1.7834159788738855 2.0689407480614674 2.4997665839994396 3.1692013760796662 4.186038688705357 5.688532985433495 7.80641096330878 10.580443480032347 13.786329246035113 17.113590105632895 20.318714944400956 23.204244684155245 25.64548528736107 27.637493812302207 29.182800446848045 30.1940297717603 30.606814702835653 30.36886838126196 29.502790597911005 28.344544450765266 27.245800114881483 26.56042821084206 26.51572147614429 27.284331861721565 28.749283963609404 30.78788694751542 33.182710721766036 35.689131411394605 38.14737222390491 40.36294081566311 42.207292005038745 43.55488621599109 44.38885614923176 44.664131523445576 44.33721345503825 43.53016238987416 42.34265770141574 40.925587828703826 39.507774542382855 38.24459565247924 37.28087858307719 36.6831266271514 36.56243341296376 36.927768923893346 37.786135595113485 39.01433966608759 40.539074032791255 42.2495624246744 44.0724138814652 45.944843375186956 47.6808966188633 49.202285335161044 50.453779421915755 51.334930481053675 51.77383632945715 51.76616249184214 51.35811516311565 50.635058138666516 49.64894509458023 48.47248824314769 47.158646165453575 45.898885440293554 44.70965145648922 43.69058812932437 42.93535443599524 42.471119616216264 42.329659745224156 42.51723750685481 43.038418894749526 43.83999845105447 44.909567433288835 46.20705472898462 47.62829817681213 49.194539726000166 50.76088762500019 52.26058092386114 53.61239856135176 54.778579181562456 55.67278915670414 56.257408475045146 56.54745736778994 56.53822669731051 56.218209919135205 55.656822116724754 54.849462677196456 53.92153212609569 52.96360678218546 52.04646589203011 51.23485109906396 50.639351818435685 50.230821422887985 50.01173537508792 49.9944612775659 50.20625299093241 50.65974943743905 51.3435630047243 52.28378582096639 53.49413340268256 55.01526101346194 56.87424527974479 58.949549663413414 61.02507685728046 62.78961870460576 64.18918371693933 65.27760336778114 66.10965232044093 66.69735536061916 67.01426583154753 66.97921591102526 66.51153252713058 65.63700210711986 64.46437191361078 63.46780788320654 63.119969505317286 63.556926301702624 64.57613633228742 65.66257377428461 66.4105066098518 66.68458292203339 66.55274127356647 66.25790526487467 65.90877302615486 65.50528770950707 64.91238455126694 63.93989705148009 62.56095875202367 60.897460906904115 59.42336150385378 58.53138876815283 58.3435475385218 58.886939257713955 59.95850434768004 61.544739928644155 63.767568509505715 66.64041221911954 70.00111603533088 73.63279704654558 77.10201808861494 79.96156806125842 82.04918137589662 83.39160043925114 84.05681761873583 84.11224759649323 83.51749739291265 82.13679758153414 79.92974509826577 77.07217216844657 73.82161299920689 70.55748699958683 67.767338493939 65.58675970737636 64.00231378200543 62.91902201888787 62.215043750116564 61.86329884706169 61.83668956441971 62.23013350127419 63.111261684460146 64.5207999958674 66.63489366168743 69.35870630067055 72.5703633880917 75.9987765583392 79.3459056026765 82.34076456073903 84.72589533071628 86.51488984105931 87.62634442962695 88.08739897253135 87.8844961330252 86.9228153643808 85.27002228866704 83.08875293658502 80.63648621608463 78.18415625006767 75.98927843930058 74.2415085883792 72.90024822399788 71.92480525976333 71.2474749414005 70.75981728886256 70.44832202502255 70.25877064571883 70.23179787062469 70.3538898686575 70.65213020821278 71.20782443594018 72.02097408490214 73.15933210969564 74.64998940908966 76.50652327529362 78.72892289432825 81.2358960386025 83.91901718457665 86.66989197532942 89.25816030010094 91.5483147680746 93.3641945713909 94.59740330978815 95.22081837336323 95.22089752369334 94.57054544921917 93.32394833025806 91.63017065918524 89.57052385422281 87.32115353570819 85.0446762360471 82.89015623215091 80.99309083934831 79.46189334726667 78.26946642340243 77.40225178286943 76.83315262921656 76.53507150951224 76.45379802662677 76.54868418413804 76.79262823961541 77.19918126585749 77.70058948435901 78.3510589576879 79.10993184519889 79.990761779289 80.97999801954339 82.13184199573686 83.43274759829656 84.90981443441726 86.5494915338275 88.39243185632412 90.3844317686006 92.49838757858434 94.6665490816433 96.82115768704234 98.84025927647419 99.9996800359012 99.99969472578168 99.99971048347119 99.99972391350501 99.99973672052927 99.9997504352704 99.99976213092766 99.99977463464988 98.36609820883986 96.0624521832793 93.58264340208511 91.03508005096353 88.54171853061507 86.21096728451535 84.84233087433421 83.51434752961059 82.30832114372649 81.19715079487548 80.19438750628396 80.19439306452685 80.1943977624452 80.19440223795212 80.19440654446399 80.19441109289569 80.1944148986155 80.19441856285218 80.19442205361445 80.19442574615219 80.19442886513055 80.19443183793445 80.19443498748437 80.19443767335714 80.19444049302119 80.19444289617647 80.19444544623897 80.19444759727288 80.1944498834637 80.19445181053521 80.1944538812361 80.19445560832753 80.19445746737753 80.194459215691 80.19446086053132 80.19446225883235 80.19446373808792 80.19446515806885 80.19446648164413 80.19446774066793 80.19446893828845 80.19447006638788 80.19447114000597 80.19447216177387 80.19447322976998 80.19447414153771 80.19447500106 80.19447581989023 80.194476686051 80.19447741767156 80.19447812209303 80.19447885379552 80.19447948382215 80.19448008432182 80.19448072052374 80.19448125754562 80.19448183262956 80.1944823180614 80.19448278573105 80.19448328120565
50.0 50.0 50.0 50.0 50.0 50.0 50.0 50.0 50.0 50.0 50.0 50.0 50.0 50.0 50.0 50.0 50.0 50.0 50.0 50.0 50.0 50.0 50.0 50.0 50.0 50.0 50.0 50.0 50.0 50.0 50.0 50.0 50.0 50.0 50.0 50.0 50.0 50.0 50.0 50.0 50.0 50.0 50.0 50.0 50.0 50.0 50.0 50.0 50.0 50.0 50.0 50.0 50.0 50.0 50.0 50.0 50.0 50.0 50.0 50.0 50.0 50.0 50.0 50.0 50.0 50.0 50.0 50.0 50.0 50.0 50.0 50.0 50.0 50.0 50.0 50.0 50.0 50.0 50.0 50.0 50.0 50.0 50.0 50.0 50.0 50.0 50.0 50.0 50.0 50.0 50.0 50.0 50.0 50.0 50.0 50.0 50.0 50.0 50.0 50.0 50.0 50.0 50.0 50.0 50.0 50.0 50.0 50.0 50.0 50.0 50.0 50.0 50.0 50.0 50.0 50.0 50.0 50.0 50.0 50.0 50.0 50.0 50.0 50.0 50.0 50.0 50.0 50.0 50.0 50.0 50.0 50.0 50.0 50.0 50.0 50.0 50.0 50.0 50.0 50.0 50.0 50.0 50.0 50.0 50.0 50.0 50.0 50.0 50.0 50.0 50.0 50.0 50.0 50.0 50.0 50.0 50.0 50.0 50.0 50.0 50.0 50.0 50.0 50.0 50.0 50.0 50.0 50.0 50.0 50.0 50.0 50.0 50.0 50.0 50.0 50.0 50.0 50.0 50.0 50.0 50.0 50.0 50.0 50.0 50.0 50.0 50.0 50.0 50.0 50.0 50.0 50.0 50.0 50.0 50.0 50.0 50.0 50.0 50.0 50.0 50.0 50.0 50.0 50.0 50.0 50.0 50.0 50.0 50.0 50.0 50.0 50.0 50.0 50.0 50.0 50.0 50.0 50.0 50.0 50.0 50.0 50.0 50.0 50.0 50.0 50.0 50.0 50.0 50.0 50.0 50.0 50.0 50.0 50.0 50.0 50.0 50.0 50.0 50.0 50.0 50.0 50.0 50.0 50.0 50.0 50.0 50.0 50.0 50.0 50.0 50.0 50.0 50.0 50.0 50.0 50.0 50.0 50.0 50.0 50.0 50.0 50.0 50.0 50.0 50.0 50.0 50.0 50.0 50.0 50.0 50.0 50.0 50.0 50.0 50.0 50.0 50.0 50.0 50.0 50.0 50.0 50.0 50.0 50.0 50.0 50.0 50.0 50.0 50.0 50.0 50.0 50.0 50.0 50.0 50.0 50.0 50.0 50.0 50.0 50.0 50.0 50.0
50.0 50.0 50.0 50.0 50.0 50.0 50.0 50.0 50.0 50.0 50.0 50.0 50.0 50.0 50.0 50.0 50.0 50.0 50.0 50.0 50.0 50.0 50.0 50.0 50.0 50.0 50.0 50.0 50.0 50.0 50.0 50.0 50.0 50.0 50.0 50.0 50.0 50.0 50.0 50.0 50.0 50.0 50.0 50.0 50.0 50.0 50.0 50.0 50.0 50.0 50.0 50.0 50.0 50.0 50.0 50.0 50.0 50.0 50.0 50.0 50.0 50.0 50.0 50.0 50.0 50.0 50.0 50.0 50.0 50.0 50.0 50.0 50.0 50.0 50.0 50.0 50.0 50.0 50.0 50.0 50.0 50.0 50.0 50.0 50.0 50.0 50.0 50.0 50.0 50.0 50.0 50.0 50.0 50.0 50.0 50.0 50.0 50.0 50.0 50.0 50.0 50.0 50.0 50.0 50.0 50.0 50.0 50.0 50.0 50.0 50.0 50.0 50.0 50.0 50.0 50.0 50.0 50.0 50.0 50.0 50.0 50.0 50.0 50.0 50.0 50.0 50.0 50.0 50.0 50.0 50.0 50.0 50.0 50.0 50.0 50.0 50.0 50.0 50.0 50.0 50.0 50.0 50.0 50.0 50.0 50.0 50.0 50.0 50.0 50.0 50.0 50.0 50.0 50.0 50.0 50.0 50.0 50.0 50.0 50.0 50.0 50.0 50.0 50.0 50.0 50.0 50.0 50.0 50.0 50.0 50.0 50.0 50.0 50.0 50.0 50.0 50.0 50.0 50.0 50.0 50.0 50.0 50.0 50.0 50.0 50.0 50.0 50.0 50.0 50.0 50.0 50.0 50.0 50.0 50.0 50.0 50.0 50.0 50.0 50.0 50.0 50.0 50.0 50.0 50.0 50.0 50.0 50.0 50.0 50.0 50.0 50.0 50.0 50.0 50.0 50.0 50.0 50.0 50.0 50.0 50.0 50.0 50.0 50.0 50.0 50.0 50.0 50.0 50.0 50.0 50.0 50.0 50.0 50.0 50.0 50.0 50.0 50.0 50.0 50.0 50.0 50.0 50.0 50.0 50.0 50.0 50.0 50.0 50.0 50.0 50.0 50.0 50.0 50.0 50.0 50.0 50.0 50.0 50.0 50.0 50.0 50.0 50.0 50.0 50.0 50.0 50.0 50.0 50.0 50.0 50.0 50.0 50.0 50.0 50.0 50.0 50.0 50.0 50.0 50.0 50.0 50.0 50.0 50.0 50.0 50.0 50.0 50.0 50.0 50.0 50.0 50.0 50.0 50.0 50.0 50.0 50.0 50.0 50.0 50.0 50.0 50.0
50.0 50.0 50.0 50.0 50.0 50.0 50.0 50.0 50.0 50.0 50.0 50.0 50.0 50.0 50.0 50.0 50.0 50.0 50.0 50.0 50.0 50.0 50.0 50.0 50.0 50.0 50.0 50.0 50.0 50.0 50.0 50.0 50.0 50.0 50.0 50.0 50.0 50.0 50.0 50.0 50.0 50.0 50.0 50.0 50.0 50.0 50.0 50.0 50.0 50.0 50.0 50.0 50.0 50.0 50.0 50.0 50.0 50.0 50.0 50.0 50.0 50.0 50.0 50.0 50.0 50.0 50.0 50.0 50.0 50.0 50.0 50.0 50.0 50.0 50.0 50.0 50.0 50.0 50.0 50.0 50.0 50.0 50.0 50.0 50.0 50.0 50.0 50.0 50.0 50.0 50.0 50.0 50.0 50.0 50.0 50.0 50.0 50.0 50.0 50.0 50.0 50.0 50.0 50.0 50.0 50.0 50.0 50.0 50.0 50.0 50.0 50.0 50.0 50.0 50.0 50.0 50.0 50.0 50.0 50.0 50.0 50.0 50.0 50.0 50.0 50.0 50.0 50.0 50.0 50.0 50.0 50.0 50.0 50.0 50.0 50.0 50.0 50.0 50.0 50.0 50.0 50.0 50.0 50.0 50.0 50.0 50.0 50.0 50.0 50.0 50.0 50.0 50.0 50.0 50.0 50.0 50.0 50.0 50.0 50.0 50.0 50.0 50.0 50.0 50.0 50.0 50.0 50.0 50.0 50.0 50.0 50.0 50.0 50.0 50.0 50.0 50.0 50.0 50.0 50.0 50.0 50.0 50.0 50.0 50.0 50.0 50.0 50.0 50.0 50.0 50.0 50.0 50.0 50.0 50.0 50.0 50.0 50.0 50.0 50.0 50.0 50.0 50.0 50.0 50.0 50.0 50.0 50.0 50.0 50.0 50.0 50.0 50.0 50.0 50.0 50.0 50.0 50.0 50.0 50.0 50.0 50.0 50.0 50.0 50.0 50.0 50.0 50.0 50.0 50.0 50.0 50.0 50.0 50.0 50.0 50.0 50.0 50.0 50.0 50.0 50.0 50.0 50.0 50.0 50.0 50.0 50.0 50.0 50.0 50.0 50.0 50.0 50.0 50.0 50.0 50.0 50.0 50.0 50.0 50.0 50.0 50.0 50.0 50.0 50.0 50.0 50.0 50.0 50.0 50.0 50.0 50.0 50.0 50.0 50.0 50.0 50.0 50.0 50.0 50.0 50.0 50.0 50.0 50.0 50.0 50.0 50.0 50.0 50.0 50.0 50.0 50.0 50.0 50.0 50.0 50.0 50.0 50.0 50.0 50.0 50.0 50.0