4 302 9
300.00980000000004 300.01 301.04 301.96 302.98 303.99 305.01 306.01 307.02 308.02 309.01 310.0 310.99 311.98 312.96 314.05 315.02 316.0 316.97 318.05 319.02 319.98 320.95 322.03 323.0 323.97 325.04 326.02 326.99 327.96 329.05 330.03 331.01 332.0 332.99 333.98 334.97 335.97 336.98 337.99 339.0 340.02 341.04 341.95 342.98 344.02 344.95 345.99 347.04 347.98 349.03 349.98 351.04 352.0 352.95 354.03 354.99 355.95 357.04 358.01 358.98 359.95 361.05 362.02 363.0 363.98 364.95 366.06 367.04 368.02 368.99 369.97 370.95 372.05 373.03 374.0 374.98 375.95 377.04 378.0 378.97 380.05 381.01 381.96 383.04 383.98 385.05 385.99 387.04 387.98 389.02 389.95 390.99 392.02 393.05 393.96 394.98 395.99 397.0 398.01 399.01 400.0 401.0 401.98 402.97 403.95 405.04 406.02 406.99 407.96 409.04 410.01 410.97 412.05 413.01 413.98 415.05 416.02 416.98 417.95 419.03 420.0 420.98 421.95 423.04 424.03 425.01 426.0 427.0 427.99 429.0 430.0 431.01 432.03 433.05 433.96 434.99 436.02 437.06 437.99 439.03 439.97 441.02 441.97 443.03 443.98 445.05 446.0 446.96 448.04 449.01 449.97 451.06 452.03 453.0 453.98 454.95 456.05 457.02 458.0 458.98 459.95 461.05 462.03 463.0 463.98 464.95 466.04 467.01 467.98 468.95 470.03 470.99 471.95 473.03 473.98 475.04 475.99 477.05 477.99 479.04 479.97 481.01 482.05 482.96 483.99 485.01 486.03 487.05 488.06 488.95 489.95 490.95 492.05 493.04 494.02 495.0 495.98 496.95 498.03 499.0 499.97 501.04 502.01 502.97 504.04 505.0 505.96 507.03 507.99 508.96 510.03 511.0 511.97 513.05 514.02 515.0 515.98 516.96 517.95 519.05 520.05 521.05 522.05 522.95 523.96 524.98 526.0 527.03 528.06 528.98 530.02 530.95 532.0 533.05 533.99 535.05 536.0 536.95 538.02 538.98 540.06 541.02 541.98 542.95 544.03 545.0 545.97 546.94 548.04 549.01 549.98 550.96 552.05 553.02 553.99 554.97 556.06 557.02 557.99 558.96 560.04 561.0 561.96 563.03 563.99 565.05 566.0 567.06 568.0 569.05 569.98 571.03 571.95 572.99 574.02 575.04 575.95 576.96 577.98 578.98 579.98 580.98 581.97 582.96 583.95 585.04 586.02 586.99 587.96 589.04 590.0 590.97 592.03 592.99 593.95 595.02 595.97 597.04 597.99 598.95 600.02
0.0 13.54 26.89 39.77 51.58 60.9 70.0 80.0 90.0
71.04621016395508 71.04640116776291 72.01828385346005 72.86622769671244 73.78380616888882 74.6687911250516 75.53851734100292 76.36764030081241 77.18133551154482 77.96350007421718 78.7148996341819 79.44358638507431 80.14972241721287 80.83351346454663 81.48863126151679 82.19218038521053 82.79637466926383 83.38620033031759 83.9499753586079 84.55469490631351 85.07760724218844 85.57671080199597 86.0628242770298 86.58308345197726 87.03199759835246 87.46401013135127 87.92150344746943 88.32348667487035 88.70581620544317 89.0731366507707 89.46856084454765 89.8089302791267 90.1354393507316 90.45167684330286 90.75470945707075 91.04499891710968 91.32299884563508 91.59178361798111 91.85144626538978 92.09969055317852 92.33695734246406 92.56586954226188 92.7844541505615 92.9710893349243 93.17318282103754 93.3677742527981 93.53405936521106 93.71173239951312 93.88261661152673 94.02866297110008 94.18438485663707 94.31881549645519 94.46188429454403 94.58542075370688 94.70226648863779 94.82885690351769 94.93604806687371 95.03844139025932 95.14914329683194 95.24291166257191 95.33241284382228 95.4178333955487 95.50999053245954 95.58729270871683 95.66179417291137 95.73284107811558 95.79991360693788 95.87288634464566 95.93411680484175 95.99249202854743 96.04758736720244 96.10066204148657 96.1512532899957 96.20522202659778 96.25091305638466 96.2940256910437 96.33554686656555 96.37472162744773 96.41656929355862 96.45161159983884 96.48537523218569 96.52111622725911 96.55132623093068 96.57984487628777 96.61068154379724 96.63621327549419 96.66386764368347 96.68698301124962 96.7115629182347 96.7325092115749 96.75457488337798 96.77336594647879 96.79337823151243 96.81220601341629 96.8300954929486 96.84515725741967 96.86124996929159 96.87640124366878 96.89081077356828 96.90451466643113 96.9174214383261 96.92958212526521 96.94127239490082 97.00284817230873 97.04374885758673 97.07391635920692 97.11478352693949 97.1845431538396 97.24366404508024 97.28211599632283 97.32103899465274 97.29787109645086 97.24386004672247 97.10916958597727 96.89217699987721 96.62420719315263 96.31590936296891 96.0067191327823 95.69719381913384 95.45847717604312 95.29104208232052 95.20402871067428 95.19802853498892 95.18164180475303 95.13507045142573 95.03717457943733 94.8274190627807 94.55661987152435 94.265375909576 94.03483654260012 93.87525299760337 93.52262302275726 92.38820828173046 90.03542821664594 85.96673132182494 80.50668066819942 73.8993026009242 66.70269498228812 59.140221295268766 51.29299074269739 43.21200915403176 34.89710428296239 26.663185921430763 19.1193912154936 12.753230000006683 8.133339024383215 5.005984459473206 3.1478173200259194 2.010564796364408 1.340393217192485 0.9443779798136112 0.6803651451347441 0.5178954831105248 0.406196245859739 0.3249598242913406 0.26403206795126977 0.23356867294339279 0.2031049202375042 0.1929510475000519 0.1827969810991287 0.17264271907640474 0.16248826390143004 0.15233375585243744 0.1523346087487641 0.15233541278179052 0.1421804406983086 0.14218112142963338 0.13202600171760048 0.1218706818184532 0.12187118328895187 0.11171568927047952 0.11171615250953576 0.11171654379694636 0.10156083340795383 0.101561195882574 0.09140534904787527 0.10156182052987388 0.10156209461567584 0.10156238545820924 0.0914063677124185 0.09140660238723664 0.08125048906648819 0.08125067625296813 0.08125085395529508 0.08125100204319884 0.0812511617282684 0.07109489796764028 0.07109502288735865 0.07109514159630932 0.0609387885642864 0.060938869036974715 0.06093895528490498 0.06093903732670061 0.06093912295909284 0.060939196103214834 0.050782720857461404 0.050782775549072075 0.05078282762550118 0.05078287671798239 0.04062634291859195 0.04062637836657034 0.040626412136404645 0.04062644753629545 0.04062647803155517 0.050783133488451065 0.05078317157483439 0.05078320405417821 0.05078323501137685 0.05078326780915322 0.05078329577846813 0.050783322708009934 0.05078335093741262 0.05078337525563624 0.05078339842259212 0.05078342292868128 0.04062675507096622 0.04062677116734891 0.04062678649403261 0.040626801087822365 0.05078351890259812 0.0507835374027683 0.05078355336058134 0.05078356854013196 0.0609402995752507 0.060940314445931315 0.06094033035635968 0.06094034562925468 0.06094036014276814 0.060940374066419827 0.06094038729116091 0.07109713163147148 0.08125388086790745 0.08125389461218714 0.0914106480534747 0.09141066381847104 0.09141067724663127 0.10156743516765106 0.11172419368905458 0.1218809541792422 0.14219446604410083 0.15235123143719967 0.1726647505517291 0.19297827099813847 0.23360529893484705 0.27423233402476793 0.3453296412141533 0.4468972218427003 0.5789350856351972 0.782070265493489 1.1172433319389716 1.6961786344598537 2.7727952023189646 5.078379824686287 9.222338400827066 15.113260291120042 21.410453273966027 26.895105936446086 30.653109637434643 33.557945344050474 37.02140325909219 41.155207828702316 46.091397267050624 51.769030631806366 51.769032550882024 51.76903458405501 51.769036317904 51.76903813812115 51.76903968946356 51.769041335641056 51.76904272422805 51.76904420006477 51.76904544407417 51.76904678080266 51.76904789571613 51.76904909581467 51.76905022442789 51.76905128624466 51.76905218890947 51.769053143834 51.769054060494135 51.76905491492018 51.76905572767542 51.76905650079213 51.769057229029926 51.76905792209762 51.76905858169374 51.76905927113219 51.76905985971836 51.769060414577794 51.769060943168725 51.76906150231359 51.76906197460684 51.76906242934188 51.76906290168802 51.76906330839791 51.76906369604686 51.76906410674318 51.769064453414416 51.7690648246564 51.76906513802399 51.76906543992532 51.769065759775955
70.84189413879645 70.84208459331195 71.81117232053342 72.65667763096033 73.57161731373789 74.4540572135472 75.32128225451663 76.14802080695063 76.95937597771801 77.73929117685506 78.4885298478569 79.21512102770922 79.91922634058808 80.60105092878901 81.25428472569808 81.95581056961204 82.55826730039885 83.14639672974194 83.7085504432204 84.31153092709646 84.83293946185763 85.33060769027668 85.8153231910517 86.33408619489542 86.78170934553962 87.21247948878454 87.66865713703427 88.06948433352217 88.4507143536523 88.81697845194634 89.21126547740229 89.5506560711706 89.8762261618568 90.19155421270924 90.49371535959668 90.78316999975594 91.06037045086714 91.32838224691812 91.58729815160993 91.8348285338148 92.07141298681277 92.29966687660834 92.51762287518726 92.70372133058258 92.90523363245394 93.09926545452137 93.26507236108588 93.4422344399399 93.61262721992806 93.75825357663837 93.91352763425307 94.04757167591312 94.19022903406616 94.31341022476022 94.4299199325327 94.55614629632063 94.66302919731643 94.7651280560601 94.87551160401125 94.96901030892444 95.05825410099727 95.14342899869717 95.23532110838335 95.31240097759073 95.38668818907568 95.45753077625594 95.52441041664048 95.59717329797903 95.65822767046801 95.7164350176093 95.77137191205493 95.82429395319423 95.87473971044099 95.92855324273702 95.97411287340255 96.01710152393734 96.05850329208303 96.09756539345231 96.13929271325927 96.17423424421713 96.20790077847613 96.24353898892484 96.27366211410063 96.30209874500193 96.33284673184399 96.35830503890753 96.38587987814553 96.40892877010363 96.43343798973068 96.4543240453272 96.47632626025701 96.49506328366573 96.51501801699432 96.62487081545896 96.70345633948456 96.74886845936723 96.80544530498203 96.8813475539594 96.94639843723414 96.98036930425259 97.00341708445197 96.9750598562669 96.8955550256278 96.75443748035529 96.53178633482773 96.25780261814944 95.98431287441136 95.71939480148042 95.45392497276877 95.22858001413627 95.06449922473877 94.92959895231948 94.8652754834433 94.78111656414468 94.6552622616299 94.5088791685567 94.31202952493487 94.08388057630924 93.70321332433944 93.1092378403706 92.129863030047 90.58138444517635 88.27147743689443 84.91581818468877 80.58577204526706 75.2602125241232 69.02059008267855 62.00900431888424 54.52992945025114 46.847250464301666 39.143756235599774 31.683383203913568 24.689550011616642 18.40597201056849 13.137296890072905 8.903904648136564 5.746550470284069 3.573903720111896 2.2641961742180463 1.4621076386955598 0.9747567399375128 0.6904638498430898 0.507702728274948 0.38585977783884334 0.3046309192778327 0.2538624936325531 0.21324754797191137 0.17263105386787356 0.16247817791336785 0.14217017552183214 0.12186144487944817 0.11170744350768638 0.10155331878261765 0.10155424635166958 0.10155513002289494 0.09140038230702352 0.09140110375329043 0.0914018806611137 0.10155836799193076 0.09140315716897372 0.1015597257996692 0.10156035013675946 0.11171712471441507 0.10156159109423259 0.11171833985798023 0.11171890725278293 0.11171944214041842 0.11172001304908778 0.1015640869045253 0.10156450481794424 0.10156490294942883 0.10156532409734544 0.1015656798313354 0.09140941700616592 0.09140974324998058 0.09141001601746548 0.08125360485444831 0.09141055215107094 0.08125405682019186 0.08125425309690636 0.08125446170739536 0.07109780785604178 0.07109797165257441 0.07109812715004947 0.06094136291449815 0.060941482684415224 0.06094159536623002 0.06094170244574131 0.06094180420146564 0.060941899973805176 0.06094198045060225 0.06094206670293616 0.050785123957433904 0.050785195321404276 0.05078525627795143 0.0507853137189998 0.05078536841340291 0.050785420492490935 0.05078546958747871 0.05078552152038771 0.060942678999147695 0.05078560804707123 0.050785652299194045 0.050785690420214975 0.050785726371057556 0.05078576445938549 0.05078579694038764 0.05078582789916689 0.050785860698617846 0.05078588866936081 0.050785915600277586 0.0507859438311216 0.06094316178070423 0.06094318958247072 0.060943218991279184 0.06094324408459214 0.07110047960213212 0.07110050642519805 0.0711005319656341 0.0812577788878129 0.08125780848959652 0.08125783402340102 0.09141509060091232 0.10157235176986433 0.12188685186671694 0.13204412399663157 0.15235864279568498 0.18283041489758545 0.223459447041934 0.264088494723332 0.33518930518140183 0.4367619086934334 0.5992780691113909 0.8532096094071318 1.3204436708583258 2.1736537467210484 3.615985307333337 5.728696593345546 8.481316078128224 11.66054154854786 14.951497532183941 18.1713535527237 21.350580884256868 24.58059511947664 27.729351727361454 30.39056002726803 32.05635556035432 32.57437922995395 32.02588895115348 30.59371575260914 28.67399261366157 26.632381778389863 24.692343383650215 22.874192165401677 21.12714142595518 19.60355059023808 18.669081823716244 18.790970257222607 18.496409979607897 18.618298210739376 19.05506217333108 19.73560101681506 20.649757296786813 20.649758062272394 20.6497588732694 20.649759564871317 20.649760290923975 20.649760909727224 20.64976156635852 20.64976212024149 20.649762708926843 20.64976320514035 20.64976373833787 20.64976418305728 20.649764661755512 20.649765111939512 20.649765535479574 20.649765895536717 20.64976627643934 20.649766642078976 20.649766982894523 20.649767307088315 20.649767615470996 20.649767905952267 20.6497681824048 20.64976844550611 20.649768720511002 20.64976895528769 20.649769176611375 20.649769387457013 20.649769610490083 20.649769798879568 20.64976998026539 20.649770168675968 20.649770330905405 20.649770485531764 20.649770649351314 20.649770787632384 20.64977093571429 20.64977106071112 20.649771181134263 20.649771308717064
70.61283323924613 70.61302307794405 71.57897734707213 72.42174879204647 73.33373009956713 74.21331670924768 75.07773765596734 75.90180302357454 76.71053475029755 77.4879281637136 78.23474423879189 78.9589860513484 79.66081470296197 80.34043467261893 80.99155629673879 81.69081381986857 82.29132256094715 82.8775503266239 83.43788636657938 84.03891716723865 84.55863977435126 85.05469883726921 85.5378470540242 86.05493268430587 86.50110848571143 86.93048577240287 87.38518841121459 87.78471956897697 88.16471691609055 88.5297967323316 88.92280886611745 89.26110207089505 89.58561945994553 89.89992792587776 90.20111206184595 90.48963077643376 90.76593492479276 91.03308012878209 91.29115885215968 91.5378888671143 91.77370834554064 92.00122419689217 92.21847545433303 92.4039721770938 92.60483290704295 92.79823734464749 92.96350812947738 93.14009737066743 93.30993920091132 93.45509468788173 93.60986668078253 93.74347730307773 93.88567339148095 94.00845628686274 94.12458927096354 94.2504074931456 94.35694479788447 94.45871352914199 94.56874016180879 94.6619365470605 94.75089177735023 94.83579126967139 94.9273862544774 95.03422138287108 95.1383196548064 95.26907813575832 95.37592071664078 95.4485704903624 95.5296055269383 95.59777850194324 95.65264729292811 95.64517245893079 95.65528189927717 95.6586414926061 95.61343453947576 95.5756580863681 95.47575247501258 95.36331929640129 95.28366860591132 95.09627665559829 94.90746561445967 94.65984437803118 94.33588903246044 93.84838047502478 93.13031040037605 92.04268514426256 90.47099071468018 88.40861390360648 85.8001151084119 82.68108799803177 79.19717178511134 75.49645850324748 71.65342020740763 67.78769738109152 64.00089841649574 60.45413216576211 57.30212223860722 54.59453606625417 52.25066687176943 50.128799749965204 47.96537288440956 45.58803467492379 42.712873605701894 39.491788935177375 35.935024627426806 32.093188212514846 28.047779430572458 23.86919088521052 19.638983262771614 15.519630856283461 11.714335501845603 8.45647233730556 5.827558797208765 3.9394822693296185 2.6095650714791834 1.7364315852908205 1.2084713833523526 0.8632415217723151 0.6296913213101553 0.4875274101000294 0.3859796782631012 0.3047345948714094 0.2539565594551495 0.21333227168497343 0.1828642492909337 0.16255214376670235 0.1422381924375698 0.13208284621870106 0.12192664161267718 0.11176955456224069 0.10161174432114851 0.10161462415718463 0.10161739040368938 0.10162004594658634 0.10162256958097661 0.09146224354967024 0.09146432577605558 0.08130338095117073 0.08130506660830009 0.09146981425288363 0.08130802920764145 0.07114567539014248 0.07114689751229833 0.06098395656557637 0.06098491326263949 0.060985728664129824 0.060986601882357175 0.06098733899057094 0.05082337428707351 0.050824006984812306 0.050824546851446946 0.0609900671927611 0.06099072627466329 0.07115649724466386 0.07115711641078809 0.07115771220731891 0.08132374156924105 0.0813244328196576 0.09149063808081458 0.10165696073384048 0.10165762365082699 0.11182407344871732 0.11182481372559498 0.12199138889211504 0.11182603004049003 0.1219926523442502 0.12199323642050877 0.12199385983031948 0.12199438675145083 0.12199488873096753 0.12199536694928062 0.13216219554843064 0.13216265844839736 0.14232949193832267 0.14232999991789314 0.15249688353415256 0.1524973664054798 0.16266429648159925 0.1728313099458799 0.19316487184017664 0.20333196607123563 0.23383226701604373 0.264332736904752 0.3049999788733147 0.3761673262121913 0.46766840576334245 0.6100033962913055 0.8336727730954263 1.2200109733134312 1.8808532063518495 2.928034804065716 4.40222522415623 6.303425666342597 8.52997026716159 10.980189446927652 13.593083236155467 16.246649517657307 18.727383667211644 20.852280690994792 22.489172138406804 23.51604907019788 23.88207746750254 23.678759849968174 22.96709259437152 21.8995805526966 20.628729000121723 19.225703049843034 17.863342596738658 16.775489083893113 16.17564717097521 16.216323644941614 17.050024996603145 18.76825355730582 21.411679319119152 24.807465693166854 28.76243825518434 33.02242363596476 37.272244679835985 41.278059945062886 44.90769797053149 48.05948961709703 50.682595943272986 52.56351040099973 53.55989391189164 53.47857075232109 52.502549708422954 50.784334143852305 48.628934546407045 46.39219716361086 44.358799068568786 42.74224746982047 41.66454922395327 41.22737327510163 41.501891072089016 42.488102082729434 44.13517067129834 46.219423517117804 48.5476852032788 50.886114253644614 53.09237264264493 55.074955235956246 56.77286108389093 58.114919095487814 59.08079581163109 59.72132649008028 60.00601039874954 60.077185100779396 60.046688911037684 60.04669367837483 60.20937188712759 60.54488943858934 61.053246998112336 61.683609299758125 62.344473123794124 62.954501010634225 63.51369343693636 64.00171628880102 64.44907109855711 64.64224853929781 64.75408929827725 64.82526163253546 64.87609998802515 64.93710495835151 64.93710736556709 64.93710991590203 64.93711209077632 64.93711437398755 64.93711631993253 64.93711838483503 64.93712012662579 64.93712197785929 64.93712353829741 64.93712521503885 64.93712661354394 64.93712811890194 64.93712953459149 64.9371308664941 64.93713199876252 64.93713319658357 64.93713434640722 64.93713541816679 64.93713643765608 64.9371374074243 64.93713832089813 64.9371391902559 64.93714001762821 64.93714088243361 64.93714162073374 64.93714231672833 64.9371429797727 64.93714368114277 64.93714427356949 64.93714484397184 64.93714543646489 64.93714594662632 64.93714643287844 64.9371469480403 64.93714738289152 64.93714784856336 64.93714824163976 64.93714862033332 64.9371490215418
69.47016977573794 69.47035654244833 70.42067964936241 71.24981328808987 72.14703682890296 73.0123898859024 73.86282269211563 74.67355295696726 75.46919771134382 76.2340112719267 76.96874229951707 77.68126436341049 78.37173595822497 79.04035825404881 79.68094336722511 80.36888543979711 80.9596766923333 81.53641806554563 82.1053703848687 82.70570816595358 83.19030396679725 83.66932257856905 84.13553687105171 84.6441453830777 85.06467366040955 85.48692072069588 85.95259285532433 86.34557408658937 86.70065625885547 87.00338498851637 87.29539011632065 87.4572313846664 87.43343128644662 87.10190518877552 86.31360052167268 85.09378305226629 83.429932917395 81.30239806022222 78.77578616083818 75.87492850743448 72.64713201790853 69.2199922156658 65.71882924792189 62.286743771800886 59.12488307032867 56.37690888067249 54.03420016206895 52.113495136313986 50.65611200945816 49.58612426203712 48.89450300425061 48.517264394455154 48.34213377155475 48.245963217405624 48.16592339889074 48.08049317067564 47.94486200729112 47.78636899364519 47.621560934932525 47.43777271669639 47.23133382984753 47.042512004417596 46.90687814278672 46.76362744841052 46.56834195641021 46.219779464869035 45.55595804640506 44.490020665916745 42.94220333024194 40.81486158800584 38.20812776010183 35.1927644302887 31.80864711549278 28.168631886259547 24.370342544887198 20.54759970904479 16.83275744250245 13.398598708494543 10.398577745466152 7.862719118477731 5.873698373290587 4.3713250688824585 3.243928243472932 2.471810025419113 1.9129574380063712 1.5063431999506807 1.221708867502527 1.0081508385912246 0.8556181727585743 0.7335458459939246 0.6419990283716606 0.5809690740037112 0.5199219298587019 0.4792369400147871 0.4487302515662039 0.4182000473641393 0.4080678433747563 0.3775217987719414 0.357168332865511 0.34701259664605816 0.3470588154671834 0.32668457654315436 0.3267239765973158 0.32676073230220665 0.3165837088454793 0.3166159897409443 0.3268646102426389 0.32689466838540465 0.3371393532590542 0.3473843887029457 0.36785090510008894 0.38831601895454826 0.4190020108253587 0.4496945040764148 0.49060698104274625 0.541745004088668 0.6133355509812126 0.6747063698709311 0.7769750790366908 0.9099243477272416 1.0837876236246249 1.3190088045848283 1.6053752281773346 2.045147980952374 2.6485827441229315 3.497488568301014 4.632803391061709 6.156828220127068 8.049141770873328 10.268855120827785 12.805770504768782 15.578068074825335 18.524392182021217 21.532227807824437 24.44812468870042 27.139014290265145 29.420875244475507 31.20153333328539 32.31727454236973 32.81913468404663 32.809520719570735 32.34966673360422 31.582902161562533 30.590953524509832 29.50692107017262 28.484177050297482 27.635367747875605 27.113887324567518 27.01188529903666 27.411265750960656 28.27104582781095 29.52987897267857 31.116192783381543 32.958294111823456 34.97436495107604 37.09278364259078 39.190753850716106 41.2069209488385 43.02864063449263 44.59455413080649 45.81255639824459 46.66217141352249 47.14343132100277 47.24602584439876 47.000680539354285 46.44832842562192 45.650360248353714 44.67843339061597 43.63482886659867 42.59120661810181 41.63966820684781 40.882566791205846 40.46313774034779 40.453039318010795 40.85229175725844 41.65063216425307 42.77646037386163 44.12741505134715 45.570487462268524 46.962378648166 48.30311534340272 49.59267023702327 50.83106903834523 51.946662119519665 52.8677985847592 53.58426972983177 54.15746366159939 54.6692515534434 55.27314126858535 56.21474581213023 57.60663062837618 59.33624393398722 61.26030258277216 63.16390224696327 64.8832827138005 66.24447382314194 67.16560326412197 67.57503171494268 67.55462904218838 67.11463570542809 66.23456866205754 64.94513629720325 63.41008747706068 61.73175189932668 60.09434743969159 58.65139023686049 57.60755309652 57.07541649820822 57.13685782809919 57.74070023500347 58.81531021226576 60.34022303404113 62.27449677511396 64.63860329721636 67.29950291348237 70.18555064162379 73.15347255106666 76.07022476284435 78.78229524783242 81.13617205558265 82.94764304665694 84.16553124894013 84.7079657560019 84.60564842515727 83.81763997686784 82.49745692975948 80.73720392362063 78.66992449853863 76.41842857372116 74.1566966131409 71.99730292329257 70.10399758724884 68.48701185537051 67.20775382567008 66.23551968568938 65.58054272178862 65.21212298245128 65.140492549937 65.35541849169279 65.86713609468458 66.6961118914714 67.83211368589645 69.31607642081963 71.0763619080311 73.08226775799923 75.27238964707301 77.60578934425969 79.92895493745777 82.20094968343932 84.26826164849348 86.0694839929115 87.50227566304245 88.50523153127169 89.03741532032419 89.10905984016097 88.77133664746957 88.09588504687842 87.10317381039866 86.64263946348852 85.99788952020619 85.23032906094804 84.37066103882495 83.4700555793041 83.47005867353533 83.47006195173196 83.47006474731207 83.4700676821483 83.470070183463 83.47007283768552 83.4700750765807 83.47007745615342 83.47007946193821 83.47008161721908 83.47008341485538 83.47008534984028 83.47008716956546 83.47008888159102 83.47009033700715 83.47009187668449 83.47009335466605 83.47009473230416 83.47009604275414 83.47009728929274 83.47009846347059 83.47009958094175 83.47010064444486 83.4701017560644 83.47010270507424 83.47010359970463 83.47010445198086 83.47010535352088 83.47010611502527 83.47010684821959 83.47010760980923 83.47010826556996 83.4701088905977 83.47010955278596 83.47011011174307 83.47011071031693 83.47011121557674 83.47011170234886 83.47011221806163
34.4471511298321 34.45500912316434 34.94208131122838 35.36941823559239 35.830941897232684 36.2770315145592 36.732604163353805 37.17752213824449 37.64113513234195 38.09928755819266 38.561121383267825 39.03097448696625 39.49178706884238 39.961234898733174 40.418702830632824 40.8934368219772 41.329789133587056 41.74269834991402 42.14420590876204 42.558686732974834 42.924171760703494 43.28822687712781 43.63759660434926 44.00548965091977 44.30974928671185 44.57749475819216 44.79144420252739 44.89004230208434 44.86136177710712 44.657699070709604 44.29854993312002 43.70141870137591 42.90467297484312 41.898495797298054 40.66997301456414 39.29742425880137 37.80039396617771 36.219790639067625 34.615779268639116 33.02822679822788 31.52880000397426 30.1500478674279 28.933291701407544 27.894021102574573 27.068660474862043 26.48227096600383 26.0898336409868 25.91405310711849 25.97156900939445 26.238072775372473 26.713889460260994 27.360253272712384 28.186432286627895 29.17440894467944 30.32835466132223 31.623037267591954 33.038860867996945 34.50800006859809 35.94177100944661 37.413780435690974 38.897297787621724 40.36094933699423 41.80923095881804 43.16992866163857 44.44782188180641 45.60043970457323 46.55383173629807 47.375211977536715 48.066062561818306 48.70384619452121 49.17271675423892 49.47298826995177 49.66718241889169 49.73712110188816 49.71866193296662 49.65673224686047 49.55178990753709 49.477136131658824 49.414313225669865 49.34793528208706 49.34411817159213 49.3940459957529 49.50448345787375 49.66689245584727 49.915060854423025 50.223998068365795 50.55533199016854 50.92673009940835 51.30964744345314 51.7013840399664 52.093888163230744 52.45305792158631 52.791870499812994 53.077260687486216 53.31990660899014 53.49756351604103 53.63349659841435 53.73718354991081 53.840488135951304 53.911653226153206 54.003578481280584 54.105704347996856 54.239378185955424 54.41503023300162 54.62228042351746 54.83983240388442 55.10014519207791 55.380844219409354 55.65069939757159 55.88856274231898 56.137337337311436 56.34301336035537 56.53787450248196 56.69061357102411 56.81089080326193 56.88861843477252 56.95591545192779 57.00149678901649 57.00446605441686 56.996715263249456 56.97851840101124 56.94926508931775 56.90930034703019 56.858578240844174 56.80800907821374 56.74647985774352 56.69543554715498 56.63369672122795 56.57187823527265 56.531176047977496 56.564721128173524 56.683087174649756 56.89693223961004 57.18503428440469 57.53677054941826 57.85646120946892 58.1019488085526 58.251833885217984 58.316740951021956 58.34962041029631 58.40380144133663 58.425979588444534 58.490686994557194 58.703900774526794 59.16137936841559 59.91603149694536 60.94682706879571 62.23234683342679 63.66652390743528 65.01584037052847 66.0783720938194 66.79047471246042 67.19470449900021 67.33336172220788 67.1746652977742 66.67613895640122 65.84838369210486 64.79765403007401 63.64062675636432 62.547281617533656 61.78309974295804 61.65604714491582 62.208666069383504 63.462115032348045 65.28901314227909 67.47698380396288 69.82425128602586 72.15032508658672 74.28520810509745 75.99530186602078 77.16378254666567 77.79067587516099 77.8440479615469 77.3345497474578 76.30468594723331 74.76500932961673 72.88549485302516 70.85725397348871 68.83963362415867 67.04499488564653 65.63268369337614 64.74072906834205 64.32668952991592 64.34807071007017 64.77299860649426 65.62274880773484 66.85482562948557 68.53295437936542 70.58279487273187 72.97248656726482 75.59581506377454 78.26163945354678 80.83188218218504 83.13662631377169 85.04840350255981 86.40791627577671 87.1726819837351 87.33207834231244 86.88610283360123 85.94096847539227 84.53913815594447 82.81868684880291 80.97078978136996 79.12287994136904 77.4130308930875 75.93683440834357 74.80048486633164 73.96150705008279 73.4517681097546 73.16505338302045 73.09074820602129 73.18637399978901 73.46254409679122 73.94050387731713 74.60963665553203 75.51241779974585 76.65947224017859 78.08266175274439 79.75012482560209 81.6193795445385 83.66918754619239 85.77209583060453 87.85376285130974 89.79736171523855 91.46482173875529 92.79242407914545 93.6952009142553 94.14128980941967 94.04572560109887 93.4934728545061 92.48452935524732 91.0932436733208 89.42581805643339 87.57784200996156 85.66614061133052 83.77567770978003 81.98080098142498 80.35585225129363 78.93269500607659 77.72195119416881 76.73423928039841 75.95894089334398 75.38543336189336 75.00309720953862 74.78007060850618 74.71635430583383 74.83318812983028 75.09871095155597 75.52354348394327 76.10768652460384 76.86175925318865 77.77514182633082 78.89031700087696 80.19666464208665 81.69418362658482 83.3297712565945 85.10342759830962 86.96204975630654 87.87543158641127 88.84191670382569 89.8508844029507 90.934197125354 92.08123332630345 92.08123673975065 92.08124035614203 92.0812434401278 92.08124667773603 92.08124943709855 92.0812523651436 92.08125483501412 92.08125746007516 92.08125967278649 92.08126205041664 92.08126403350586 92.08126616811323 92.08126817557013 92.0812700642166 92.08127166978055 92.0812733682985 92.08127499875584 92.08127651851783 92.0812779641602 92.0812793392978 92.08128063460956 92.0812818673645 92.08128304058376 92.08128426688339 92.08128531379772 92.08128630072254 92.08128724092373 92.08128823547102 92.08128907553592 92.08128988437012 92.08129072452908 92.08129144794128 92.08129213744992 92.08129286795275 92.0812934845746 92.08129414490026 92.08129470228513 92.08129523927504 92.08129580819126
1.892397423310338 1.6843373133808919 1.5667706635805287 1.4836013059508868 1.4302564651788103 1.41617229269634 1.4221332463583738 1.469692650663863 1.528405874022984 1.6200024114031797 1.7673431731923641 1.9942032115551647 2.302540657483613 2.7730942332706916 3.5001431308343256 4.607810596870744 6.235096014053753 8.523858349991842 11.508325990277761 14.951853908133955 18.496921221742593 21.88734008352722 24.916154073975655 27.46961127423873 29.51756898919344 31.05459353896883 32.06305231690674 32.41904031911217 32.089291813226204 31.079363498603087 29.80743913713112 28.593248560090043 27.817305395667617 27.700462660901668 28.451393500908377 29.926349402498612 31.97900461116852 34.410594222508 36.954717022162924 39.44355514293164 41.656992234266106 43.50296427457415 44.83493254429615 45.62524935468777 45.854361904440395 45.46836164649769 44.58408992935051 43.32270484161928 41.830601780859844 40.33524102927313 39.00977267704553 37.98687708559371 37.34631296524271 37.19729620125554 37.53379789738991 38.37743883220553 39.59912839209714 41.112999544770254 42.81953160730526 44.64154747535691 46.50487215428705 48.236482040002606 49.7482115842996 50.988198217373665 51.8550583385294 52.267385763968086 52.23720594507883 51.809043434220975 51.052793683498415 50.03969201510847 48.83612415293144 47.4961226450539 46.20705472898462 44.99867946057123 43.959650096221154 43.187040900000156 42.70858271387007 42.55122934200042 42.731056612421575 43.244266039817305 44.03982251586289 45.10605323481649 46.39931631315361 47.81376262887637 49.37842000914941 50.9412700048655 52.43868999262806 53.78610678567662 54.946178295965446 55.834925934445955 56.414369824907965 56.69523933303397 56.67996675843299 56.35346512896571 55.783225149419536 54.96805657434736 54.031636942619635 53.06736710717209 52.14293023514827 51.32595463746706 50.72458235144539 50.3119064084441 50.0881501453753 50.06674376898259 50.27499158617661 50.72639118138533 51.408099114156286 52.346129638125355 53.554597986898806 55.07420480181457 56.93257300125418 59.00700189427946 61.08148086020971 62.845309127848864 64.24324512044193 65.32991551497415 66.15974730501382 66.74544450237012 67.06026289139945 67.02301462586018 66.55274127356647 65.67574549242072 64.50069734934301 63.50140540669453 63.1521404979368 63.587834933026365 64.60570004456818 65.6912570289953 66.43824328575813 66.7111571198336 66.57773437775606 66.28166530065596 65.9313302833762 65.52672794339357 64.9323966513531 63.958541971276915 62.578397074928155 60.91366598938841 59.43844964385847 58.54546792491257 58.3569214738918 58.899720388217 59.97091564837125 61.55678097575539 63.77946110719103 66.65232460846907 70.01303774031143 73.64463489324585 77.11371282647929 79.97328067560696 82.06052963970181 83.4026219290661 84.06739140925987 84.12235308253119 83.52694789187035 82.14568132057272 79.93787651842162 77.07973644431719 73.82852402718406 70.56369726553496 67.77302523297287 65.59200961155422 64.00716890316377 62.9235725328806 62.21933034963976 61.86735741061944 61.84055434021895 62.23381190915982 63.114815579589035 64.52425686928076 66.63829046904377 69.36210317229387 72.57369130432238 76.00208989258078 79.34922925246038 82.34404116666572 84.72912947235137 86.51798363511611 87.6293504209283 88.09027109904322 87.88724276719736 86.92535961471724 85.27241594604095 83.09098970097354 80.63851613507381 78.18604478855043 75.9910138488027 74.24313417402786 72.9017573992048 71.92623353181412 71.24880092811642 70.76108121565413 70.44951293074226 70.25990341286973 70.2328864956662 70.35492169104289 70.65311185740492 71.20876170903375 72.02187142916436 73.16020347651428 74.65084508593398 76.50735554557743 78.729741948698 81.23668799766183 83.91979397993701 86.6706612059923 89.25891346053848 91.54904917953063 93.36491359155139 94.59808719248628 95.22147417313145 95.22152710478687 94.57113361215788 93.32450126233059 91.63069290852016 89.57100406877046 87.32160043947344 85.0450917296323 82.89053744132883 80.99344669480534 79.46222928534795 78.26977840662362 77.4025463803657 76.83343185589207 76.53533139612634 76.45404611817267 76.54892143951854 76.79285556946932 77.19939970649676 77.70079936449113 78.35125651616974 79.11012217844741 79.99094385256976 80.98017403841648 82.13201464114795 83.43291345167037 84.90997532371985 86.54964654110609 88.39258128880526 90.38457735025469 92.498530307518 94.66668818149827 96.82129380109667 98.8403902136887 99.99980495504606 99.9998152076038 99.9998239556787 99.99983228959785 99.99984022896842 99.99984877854345 99.99985593728583 99.99986275711522 98.36618095777548 96.06252998216135 93.58271560450264 91.03514603490409 88.54177971637846 86.21102456454923 84.84238453535512 83.51439702650524 82.30836761636603 81.19719484132204 80.19442886513055 80.19443183793445 80.19443498748437 80.19443767335714 80.19444049302119 80.19444289617647 80.19444544623897 80.19444759727288 80.1944498834637 80.19445181053521 80.1944538812361 80.19445560832753 80.19445746737753 80.194459215691 80.19446086053132 80.19446225883235 80.19446373808792 80.19446515806885 80.19446648164413 80.19446774066793 80.19446893828845 80.19447006638788 80.19447114000597 80.19447216177387 80.19447322976998 80.19447414153771 80.19447500106 80.19447581989023 80.194476686051 80.19447741767156 80.19447812209303 80.19447885379552 80.19447948382215 80.19448008432182 80.19448072052374 80.19448125754562 80.19448183262956 80.1944823180614 80.19448278573105 80.19448328120565
50.0 50.0 50.0 50.0 50.0 50.0 50.0 50.0 50.0 50.0 50.0 50.0 50.0 50.0 50.0 50.0 50.0 50.0 50.0 50.0 50.0 50.0 50.0 50.0 50.0 50.0 50.0 50.0 50.0 50.0 50.0 50.0 50.0 50.0 50.0 50.0 50.0 50.0 50.0 50.0 50.0 50.0 50.0 50.0 50.0 50.0 50.0 50.0 50.0 50.0 50.0 50.0 50.0 50.0 50.0 50.0 50.0 50.0 50.0 50.0 50.0 50.0 50.0 50.0 50.0 50.0 50.0 50.0 50.0 50.0 50.0 50.0 50.0 50.0 50.0 50.0 50.0 50.0 50.0 50.0 50.0 50.0 50.0 50.0 50.0 50.0 50.0 50.0 50.0 50.0 50.0 50.0 50.0 50.0 50.0 50.0 50.0 50.0 50.0 50.0 50.0 50.0 50.0 50.0 50.0 50.0 50.0 50.0 50.0 50.0 50.0 50.0 50.0 50.0 50.0 50.0 50.0 50.0 50.0 50.0 50.0 50.0 50.0 50.0 50.0 50.0 50.0 50.0 50.0 50.0 50.0 50.0 50.0 50.0 50.0 50.0 50.0 50.0 50.0 50.0 50.0 50.0 50.0 50.0 50.0 50.0 50.0 50.0 50.0 50.0 50.0 50.0 50.0 50.0 50.0 50.0 50.0 50.0 50.0 50.0 50.0 50.0 50.0 50.0 50.0 50.0 50.0 50.0 50.0 50.0 50.0 50.0 50.0 50.0 50.0 50.0 50.0 50.0 50.0 50.0 50.0 50.0 50.0 50.0 50.0 50.0 50.0 50.0 50.0 50.0 50.0 50.0 50.0 50.0 50.0 50.0 50.0 50.0 50.0 50.0 50.0 50.0 50.0 50.0 50.0 50.0 50.0 50.0 50.0 50.0 50.0 50.0 50.0 50.0 50.0 50.0 50.0 50.0 50.0 50.0 50.0 50.0 50.0 50.0 50.0 50.0 50.0 50.0 50.0 50.0 50.0 50.0 50.0 50.0 50.0 50.0 50.0 50.0 50.0 50.0 50.0 50.0 50.0 50.0 50.0 50.0 50.0 50.0 50.0 50.0 50.0 50.0 50.0 50.0 50.0 50.0 50.0 50.0 50.0 50.0 50.0 50.0 50.0 50.0 50.0 50.0 50.0 50.0 50.0 50.0 50.0 50.0 50.0 50.0 50.0 50.0 50.0 50.0 50.0 50.0 50.0 50.0 50.0 50.0 50.0 50.0 50.0 50.0 50.0 50.0 50.0 50.0 50.0 50.0 50.0 50.0 50.0 50.0 50.0 50.0 50.0 50.0
50.0 50.0 50.0 50.0 50.0 50.0 50.0 50.0 50.0 50.0 50.0 50.0 50.0 50.0 50.0 50.0 50.0 50.0 50.0 50.0 50.0 50.0 50.0 50.0 50.0 50.0 50.0 50.0 50.0 50.0 50.0 50.0 50.0 50.0 50.0 50.0 50.0 50.0 50.0 50.0 50.0 50.0 50.0 50.0 50.0 50.0 50.0 50.0 50.0 50.0 50.0 50.0 50.0 50.0 50.0 50.0 50.0 50.0 50.0 50.0 50.0 50.0 50.0 50.0 50.0 50.0 50.0 50.0 50.0 50.0 50.0 50.0 50.0 50.0 50.0 50.0 50.0 50.0 50.0 50.0 50.0 50.0 50.0 50.0 50.0 50.0 50.0 50.0 50.0 50.0 50.0 50.0 50.0 50.0 50.0 50.0 50.0 50.0 50.0 50.0 50.0 50.0 50.0 50.0 50.0 50.0 50.0 50.0 50.0 50.0 50.0 50.0 50.0 50.0 50.0 50.0 50.0 50.0 50.0 50.0 50.0 50.0 50.0 50.0 50.0 50.0 50.0 50.0 50.0 50.0 50.0 50.0 50.0 50.0 50.0 50.0 50.0 50.0 50.0 50.0 50.0 50.0 50.0 50.0 50.0 50.0 50.0 50.0 50.0 50.0 50.0 50.0 50.0 50.0 50.0 50.0 50.0 50.0 50.0 50.0 50.0 50.0 50.0 50.0 50.0 50.0 50.0 50.0 50.0 50.0 50.0 50.0 50.0 50.0 50.0 50.0 50.0 50.0 50.0 50.0 50.0 50.0 50.0 50.0 50.0 50.0 50.0 50.0 50.0 50.0 50.0 50.0 50.0 50.0 50.0 50.0 50.0 50.0 50.0 50.0 50.0 50.0 50.0 50.0 50.0 50.0 50.0 50.0 50.0 50.0 50.0 50.0 50.0 50.0 50.0 50.0 50.0 50.0 50.0 50.0 50.0 50.0 50.0 50.0 50.0 50.0 50.0 50.0 50.0 50.0 50.0 50.0 50.0 50.0 50.0 50.0 50.0 50.0 50.0 50.0 50.0 50.0 50.0 50.0 50.0 50.0 50.0 50.0 50.0 50.0 50.0 50.0 50.0 50.0 50.0 50.0 50.0 50.0 50.0 50.0 50.0 50.0 50.0 50.0 50.0 50.0 50.0 50.0 50.0 50.0 50.0 50.0 50.0 50.0 50.0 50.0 50.0 50.0 50.0 50.0 50.0 50.0 50.0 50.0 50.0 50.0 50.0 50.0 50.0 50.0 50.0 50.0 50.0 50.0 50.0 50.0 50.0 50.0 50.0 50.0 50.0 50.0
50.0 50.0 50.0 50.0 50.0 50.0 50.0 50.0 50.0 50.0 50.0 50.0 50.0 50.0 50.0 50.0 50.0 50.0 50.0 50.0 50.0 50.0 50.0 50.0 50.0 50.0 50.0 50.0 50.0 50.0 50.0 50.0 50.0 50.0 50.0 50.0 50.0 50.0 50.0 50.0 50.0 50.0 50.0 50.0 50.0 50.0 50.0 50.0 50.0 50.0 50.0 50.0 50.0 50.0 50.0 50.0 50.0 50.0 50.0 50.0 50.0 50.0 50.0 50.0 50.0 50.0 50.0 50.0 50.0 50.0 50.0 50.0 50.0 50.0 50.0 50.0 50.0 50.0 50.0 50.0 50.0 50.0 50.0 50.0 50.0 50.0 50.0 50.0 50.0 50.0 50.0 50.0 50.0 50.0 50.0 50.0 50.0 50.0 50.0 50.0 50.0 50.0 50.0 50.0 50.0 50.0 50.0 50.0 50.0 50.0 50.0 50.0 50.0 50.0 50.0 50.0 50.0 50.0 50.0 50.0 50.0 50.0 50.0 50.0 50.0 50.0 50.0 50.0 50.0 50.0 50.0 50.0 50.0 50.0 50.0 50.0 50.0 50.0 50.0 50.0 50.0 50.0 50.0 50.0 50.0 50.0 50.0 50.0 50.0 50.0 50.0 50.0 50.0 50.0 50.0 50.0 50.0 50.0 50.0 50.0 50.0 50.0 50.0 50.0 50.0 50.0 50.0 50.0 50.0 50.0 50.0 50.0 50.0 50.0 50.0 50.0 50.0 50.0 50.0 50.0 50.0 50.0 50.0 50.0 50.0 50.0 50.0 50.0 50.0 50.0 50.0 50.0 50.0 50.0 50.0 50.0 50.0 50.0 50.0 50.0 50.0 50.0 50.0 50.0 50.0 50.0 50.0 50.0 50.0 50.0 50.0 50.0 50.0 50.0 50.0 50.0 50.0 50.0 50.0 50.0 50.0 50.0 50.0 50.0 50.0 50.0 50.0 50.0 50.0 50.0 50.0 50.0 50.0 50.0 50.0 50.0 50.0 50.0 50.0 50.0 50.0 50.0 50.0 50.0 50.0 50.0 50.0 50.0 50.0 50.0 50.0 50.0 50.0 50.0 50.0 50.0 50.0 50.0 50.0 50.0 50.0 50.0 50.0 50.0 50.0 50.0 50.0 50.0 50.0 50.0 50.0 50.0 50.0 50.0 50.0 50.0 50.0 50.0 50.0 50.0 50.0 50.0 50.0 50.0 50.0 50.0 50.0 50.0 50.0 50.0 50.0 50.0 50.0 50.0 50.0 50.0 50.0 50.0 50.0 50.0 50.0 50.0