4 302 9
300.00980000000004 300.01 301.04 301.96 302.98 303.99 305.01 306.01 307.02 308.02 309.01 310.0 310.99 311.98 312.96 314.05 315.02 316.0 316.97 318.05 319.02 319.98 320.95 322.03 323.0 323.97 325.04 326.02 326.99 327.96 329.05 330.03 331.01 332.0 332.99 333.98 334.97 335.97 336.98 337.99 339.0 340.02 341.04 341.95 342.98 344.02 344.95 345.99 347.04 347.98 349.03 349.98 351.04 352.0 352.95 354.03 354.99 355.95 357.04 358.01 358.98 359.95 361.05 362.02 363.0 363.98 364.95 366.06 367.04 368.02 368.99 369.97 370.95 372.05 373.03 374.0 374.98 375.95 377.04 378.0 378.97 380.05 381.01 381.96 383.04 383.98 385.05 385.99 387.04 387.98 389.02 389.95 390.99 392.02 393.05 393.96 394.98 395.99 397.0 398.01 399.01 400.0 401.0 401.98 402.97 403.95 405.04 406.02 406.99 407.96 409.04 410.01 410.97 412.05 413.01 413.98 415.05 416.02 416.98 417.95 419.03 420.0 420.98 421.95 423.04 424.03 425.01 426.0 427.0 427.99 429.0 430.0 431.01 432.03 433.05 433.96 434.99 436.02 437.06 437.99 439.03 439.97 441.02 441.97 443.03 443.98 445.05 446.0 446.96 448.04 449.01 449.97 451.06 452.03 453.0 453.98 454.95 456.05 457.02 458.0 458.98 459.95 461.05 462.03 463.0 463.98 464.95 466.04 467.01 467.98 468.95 470.03 470.99 471.95 473.03 473.98 475.04 475.99 477.05 477.99 479.04 479.97 481.01 482.05 482.96 483.99 485.01 486.03 487.05 488.06 488.95 489.95 490.95 492.05 493.04 494.02 495.0 495.98 496.95 498.03 499.0 499.97 501.04 502.01 502.97 504.04 505.0 505.96 507.03 507.99 508.96 510.03 511.0 511.97 513.05 514.02 515.0 515.98 516.96 517.95 519.05 520.05 521.05 522.05 522.95 523.96 524.98 526.0 527.03 528.06 528.98 530.02 530.95 532.0 533.05 533.99 535.05 536.0 536.95 538.02 538.98 540.06 541.02 541.98 542.95 544.03 545.0 545.97 546.94 548.04 549.01 549.98 550.96 552.05 553.02 553.99 554.97 556.06 557.02 557.99 558.96 560.04 561.0 561.96 563.03 563.99 565.05 566.0 567.06 568.0 569.05 569.98 571.03 571.95 572.99 574.02 575.04 575.95 576.96 577.98 578.98 579.98 580.98 581.97 582.96 583.95 585.04 586.02 586.99 587.96 589.04 590.0 590.97 592.03 592.99 593.95 595.02 595.97 597.04 597.99 598.95 600.02
0.0 13.54 26.89 39.77 51.58 60.9 70.0 80.0 90.0
71.04621016395508 71.04640116776291 72.01828385346005 72.86622769671244 73.78380616888882 74.6687911250516 75.53851734100292 76.36764030081241 77.18133551154482 77.96350007421718 78.7148996341819 79.44358638507431 80.14972241721287 80.83351346454663 81.48863126151679 82.19218038521053 82.79637466926383 83.38620033031759 83.9499753586079 84.55469490631351 85.07760724218844 85.57671080199597 86.0628242770298 86.58308345197726 87.03199759835246 87.46401013135127 87.92150344746943 88.32348667487035 88.70581620544317 89.0731366507707 89.46856084454765 89.8089302791267 90.1354393507316 90.45167684330286 90.75470945707075 91.04499891710968 91.32299884563508 91.59178361798111 91.85144626538978 92.09969055317852 92.33695734246406 92.56586954226188 92.7844541505615 92.9710893349243 93.17318282103754 93.3677742527981 93.53405936521106 93.71173239951312 93.88261661152673 94.02866297110008 94.18438485663707 94.31881549645519 94.46188429454403 94.58542075370688 94.70226648863779 94.82885690351769 94.93604806687371 95.03844139025932 95.14914329683194 95.24291166257191 95.33241284382228 95.4178333955487 95.50999053245954 95.58729270871683 95.66179417291137 95.73284107811558 95.79991360693788 95.87288634464566 95.93411680484175 95.99249202854743 96.04758736720244 96.10066204148657 96.1512532899957 96.20522202659778 96.25091305638466 96.2940256910437 96.33554686656555 96.37472162744773 96.41656929355862 96.45161159983884 96.48537523218569 96.52111622725911 96.55132623093068 96.57984487628777 96.61068154379724 96.63621327549419 96.66386764368347 96.68698301124962 96.7115629182347 96.7325092115749 96.75457488337798 96.77336594647879 96.79337823151243 96.81220601341629 96.8300954929486 96.84515725741967 96.86124996929159 96.87640124366878 96.89081077356828 96.90451466643113 96.9174214383261 96.92958212526521 96.94127239490082 96.95217806774735 96.96266791859347 96.9725548510528 96.982999373928 96.99191783358893 97.00032675625928 97.0083389344195 97.01681567800802 97.02404969561658 97.030872868898 97.08888356768065 97.1254810274104 97.15170942664804 97.18837283518454 97.25461371730437 97.31040987270066 97.34573023245723 97.38133647790757 97.35530286188542 97.29865660307792 97.16057560920197 96.94156101472356 96.67119691041655 96.360003915449 96.04865756163963 95.73716222452038 95.49651793963534 95.326827519517 95.23816880489618 95.2306100308662 95.21279526935645 95.16440002489216 95.06488748764431 94.85385138074389 94.58178180441342 94.28931075865425 94.05745570869925 93.89677177079082 93.54292166393148 92.40733247179793 90.05304338301261 85.98276404463104 80.5210717395242 73.91188819575146 66.71341868571062 59.149191610215546 51.300504039821476 43.21798582888956 34.90171647504649 26.666539973494867 19.12168827384721 12.754673103435122 8.134218708806426 5.006493728743157 3.148126263681315 2.0107530213163303 1.340511194726944 0.9444572278885671 0.6804196050872383 0.5179347698982874 0.4062256233300376 0.32498221393448645 0.2640493898682874 0.23358327092011197 0.20311692571938536 0.19296191287921757 0.1828067749334278 0.1726515197816502 0.162496221832052 0.1523407415412905 0.15234125011193073 0.15234179382386098 0.14218609851891711 0.14218654874182343 0.13203072300037857 0.12187486254985107 0.12187515694989134 0.11171918069551144 0.11171942246642126 0.11171967984783118 0.10156356744411886 0.10156375255399856 0.09140755694430196 0.10156413995377184 0.10156431841051236 0.10156448799472761 0.09140818284642961 0.09140830355546206 0.0812519403798733 0.08125204976893415 0.08125216394545712 0.0812522614709531 0.08125235337193823 0.0710958857687009 0.07109595867570166 0.07109602740517536 0.06093951437788792 0.06093956754985552 0.06093961820460697 0.06093967130444317 0.06093971704733275 0.06093976018614128 0.05078317157483439 0.05078320405417821 0.05078323501137685 0.05078326780915322 0.0406266366227745 0.04062665816640794 0.04062668074993009 0.04062670020450899 0.04062671873807369 0.05078342292868128 0.05078344383870778 0.05078346395918615 0.05078348311754077 0.050783501359777966 0.05078351890259812 0.0507835374027683 0.05078355336058134 0.05078356854013196 0.05078358297937559 0.05078359537160943 0.04062688690423979 0.04062689708616978 0.040626906761845424 0.040626916044279884 0.05078365607596743 0.050783665451051056 0.05078367554244217 0.050783684132616976 0.0609404320356498 0.060940442545647365 0.060940451497754185 0.06094046110059063 0.06094046928493886 0.0609404770896211 0.060940485447471784 0.07109724133735987 0.08125400025963721 0.08125400884132146 0.0914107691484184 0.09141077800825596 0.09141078738021705 0.10156755041879553 0.11172431477170475 0.12188108033664763 0.14219460588314184 0.15235137435268148 0.17266490270850698 0.1929784333380789 0.23360548812667678 0.27423254560500077 0.3453298915155812 0.44689753066602256 0.5789354702895211 0.7820707601367697 1.1172439941015475 1.6961795921503666 2.7727967064576506 5.07838244377147 9.222342859760817 15.113267306469268 21.41046273457752 26.895117321904024 30.65312179376124 33.55795812692919 37.02141666270576 41.1552221107833 46.091412247441355 51.76904678080266 51.76904789571613 51.76904909581467 51.76905022442789 51.76905128624466 51.76905218890947 51.769053143834 51.769054060494135 51.76905491492018 51.76905572767542 51.76905650079213 51.769057229029926 51.76905792209762 51.76905858169374 51.76905927113219 51.76905985971836 51.769060414577794 51.769060943168725 51.76906150231359 51.76906197460684 51.76906242934188 51.76906290168802 51.76906330839791 51.76906369604686 51.76906410674318 51.769064453414416 51.7690648246564 51.76906513802399 51.76906543992532 51.769065759775955
70.84189413879645 70.84208459331195 71.81117232053342 72.65667763096033 73.57161731373789 74.4540572135472 75.32128225451663 76.14802080695063 76.95937597771801 77.73929117685506 78.4885298478569 79.21512102770922 79.91922634058808 80.60105092878901 81.25428472569808 81.95581056961204 82.55826730039885 83.14639672974194 83.7085504432204 84.31153092709646 84.83293946185763 85.33060769027668 85.8153231910517 86.33408619489542 86.78170934553962 87.21247948878454 87.66865713703427 88.06948433352217 88.4507143536523 88.81697845194634 89.21126547740229 89.5506560711706 89.8762261618568 90.19155421270924 90.49371535959668 90.78316999975594 91.06037045086714 91.32838224691812 91.58729815160993 91.8348285338148 92.07141298681277 92.29966687660834 92.51762287518726 92.70372133058258 92.90523363245394 93.09926545452137 93.26507236108588 93.4422344399399 93.61262721992806 93.75825357663837 93.91352763425307 94.04757167591312 94.19022903406616 94.31341022476022 94.4299199325327 94.55614629632063 94.66302919731643 94.7651280560601 94.87551160401125 94.96901030892444 95.05825410099727 95.14342899869717 95.23532110838335 95.31240097759073 95.38668818907568 95.45753077625594 95.52441041664048 95.59717329797903 95.65822767046801 95.7164350176093 95.77137191205493 95.82429395319423 95.87473971044099 95.92855324273702 95.97411287340255 96.01710152393734 96.05850329208303 96.09756539345231 96.13929271325927 96.17423424421713 96.20790077847613 96.24353898892484 96.27366211410063 96.30209874500193 96.33284673184399 96.35830503890753 96.38587987814553 96.40892877010363 96.43343798973068 96.4543240453272 96.47632626025701 96.49506328366573 96.51501801699432 96.53379165360946 96.55162968624064 96.56664813580664 96.58269456795561 96.59780227001346 96.6121703607163 96.62583484366677 96.6387044980248 96.65083021303207 96.66248686357076 96.76457201868988 96.83585538040154 96.87613938728455 96.92712456614353 96.99687004191962 97.05597725083308 97.08427484350342 97.10289951748173 97.06957174921472 96.98511324416603 96.84025255114398 96.61308731966167 96.33494166859322 96.05704556175596 95.78840898532681 95.51944236441057 95.29085141226244 95.12339861699091 94.98563280381477 94.9187317161731 94.83129020171292 94.7035061655399 94.55484017191256 94.35520667773234 94.12497905533043 93.74234893392949 93.14634241829515 92.1644613233948 90.61386686258652 88.30168832279669 84.94361158986574 80.61061615701612 75.28215845602351 69.03982897161072 62.0255051879647 54.54377510268764 46.85851911513895 39.15272905415676 31.69025993176887 24.694660703293472 18.409573084784814 13.139746984850518 8.905496276629963 5.747529150100087 3.574478291852441 2.264539604667564 1.4623218053674163 0.9748915590355853 0.690555105320243 0.5077665939130882 0.3859061361363444 0.30466539006868476 0.2538899508528431 0.213269242091011 0.17264799680432588 0.16249338878708922 0.1421826889295147 0.12187167095960302 0.1117163851504354 0.10156102246765006 0.10156159109423259 0.10156212714361838 0.09140637866136785 0.09140681629670598 0.0914072834037991 0.1015640869045253 0.0914080543361498 0.10156490294942883 0.10156532409734544 0.11172224781446892 0.10156601889573992 0.11172301952775404 0.1117233529102356 0.11172370667486642 0.11172400818464226 0.10156757102523983 0.10156781637113295 0.10156807713424422 0.10156829693720254 0.10156853093224916 0.0914118777643493 0.09141204437174723 0.09141222402662283 0.08125546048830669 0.09141255366861196 0.08125573893528752 0.08125586663174024 0.08125597393413635 0.0710990778200922 0.07109917354040747 0.07109927344996599 0.060942307533541705 0.060942376462799756 0.06094244209608349 0.06094250459098912 0.06094256350497445 0.060942625824465246 0.060942678999147695 0.06094272965648547 0.050785652299194045 0.050785690420214975 0.050785726371057556 0.05078576445938549 0.05078579694038764 0.05078582789916689 0.050785860698617846 0.05078588866936081 0.06094309872033309 0.0507859438311216 0.05078596815058687 0.050785991318725604 0.05078601582606599 0.05078603673716012 0.050786056858665794 0.05078607601799861 0.05078609426116721 0.050786111804883065 0.05078613030599782 0.05078614626462564 0.060943393733941545 0.06094341106191859 0.06094342593335847 0.06094344184459919 0.07110069997131967 0.07110071690461657 0.07110073314970627 0.08125799837640986 0.08125801337730953 0.08125802952435972 0.0914152986780088 0.10157257254846808 0.12188710807923006 0.13204438648305433 0.15235893148876417 0.18283074234081534 0.2234598248129592 0.264088920089063 0.3351898223927106 0.4367625504567463 0.5992789115942697 0.8532107396843132 1.3204453203505455 2.173656365586684 3.615989410483568 5.728702801900226 8.481324857029227 11.660553015934692 14.95151155767263 18.171369565804525 21.3505988450978 24.58061502676379 27.729373121566173 30.39058205491831 32.05637771253997 32.57440087292589 32.025909206866395 30.59373388475014 28.674008803472088 26.63239622547045 24.692356118292548 22.87420322490774 21.12715123285802 19.603559252435634 18.66908972686585 18.790977709294328 18.496417025252764 18.618304951501546 19.05506878600431 19.735607431179393 20.64976373833787 20.64976418305728 20.649764661755512 20.649765111939512 20.649765535479574 20.649765895536717 20.64976627643934 20.649766642078976 20.649766982894523 20.649767307088315 20.649767615470996 20.649767905952267 20.6497681824048 20.64976844550611 20.649768720511002 20.64976895528769 20.649769176611375 20.649769387457013 20.649769610490083 20.649769798879568 20.64976998026539 20.649770168675968 20.649770330905405 20.649770485531764 20.649770649351314 20.649770787632384 20.64977093571429 20.64977106071112 20.649771181134263 20.649771308717064
70.61283323924613 70.61302307794405 71.57897734707213 72.42174879204647 73.33373009956713 74.21331670924768 75.07773765596734 75.90180302357454 76.71053475029755 77.4879281637136 78.23474423879189 78.9589860513484 79.66081470296197 80.34043467261893 80.99155629673879 81.69081381986857 82.29132256094715 82.8775503266239 83.43788636657938 84.03891716723865 84.55863977435126 85.05469883726921 85.5378470540242 86.05493268430587 86.50110848571143 86.93048577240287 87.38518841121459 87.78471956897697 88.16471691609055 88.5297967323316 88.92280886611745 89.26110207089505 89.58561945994553 89.89992792587776 90.20111206184595 90.48963077643376 90.76593492479276 91.03308012878209 91.29115885215968 91.5378888671143 91.77370834554064 92.00122419689217 92.21847545433303 92.4039721770938 92.60483290704295 92.79823734464749 92.96350812947738 93.14009737066743 93.30993920091132 93.45509468788173 93.60986668078253 93.74347730307773 93.88567339148095 94.00845628686274 94.12458927096354 94.2504074931456 94.35694479788447 94.45871352914199 94.56874016180879 94.6619365470605 94.75089177735023 94.83579126967139 94.9273862544774 95.00421689285332 95.07826390331466 95.14887742735446 95.21554081843097 95.28806842753045 95.34892538619174 95.40694452510598 95.46170378603951 95.51445470851382 95.56473735393708 95.64857534070747 95.72421479857985 95.82754417662312 95.90918336145955 95.94818474201739 96.01002372921737 96.05501020991026 96.08863500887429 96.06363381242213 96.0532911673414 96.03113595931524 95.97082024760341 95.91529290107377 95.80114299043606 95.67230366019068 95.57519603714476 95.37322710312812 95.17226280861966 94.90722982174607 94.57238698187597 94.07416999076463 93.34182002709755 92.24169713458475 90.65572752464479 88.5818140889334 85.95913938799633 82.82810783929324 79.3304676690774 75.618328484145 71.76290210409425 67.8857055109702 64.0885235944255 60.533658196605614 57.37414793793657 54.6596352498911 52.309725961925004 50.18250814484331 48.014564058691256 45.63246477333553 42.75235208196185 39.52681565592837 35.96528981781817 32.11890704254307 28.06903280324288 23.886400696570412 19.652463011857268 15.529779375894687 11.721593387253124 8.461463917596134 5.830842605090233 3.941567686369985 2.6108951148761093 1.737276036506631 1.2090246357193433 0.8636186098915067 0.629954314998832 0.4877216926352321 0.3861246284203643 0.3048438724715538 0.25404347600922345 0.21340209648783132 0.18292062524575786 0.16259954408830268 0.1422778400960865 0.13211799404565244 0.12195759991245013 0.11179643964241333 0.10163503650955182 0.10163667912877496 0.10163842501756905 0.10163992760929395 0.10164152210439915 0.09147859299619472 0.09147990282353576 0.08131645198742793 0.08131739885931762 0.09148321257266215 0.08131927496231511 0.07115507839155463 0.07115584732044052 0.06099128335256902 0.06099181406638978 0.06099232474913049 0.060992806176930786 0.060993324614743195 0.050828132267119214 0.05082848036692024 0.050828811825413496 0.06099494915384581 0.06099535294123362 0.07116164352040044 0.07116201911667548 0.07116238053414596 0.08132882428033919 0.08132923988687965 0.09149579006358811 0.10166240727580628 0.10166280579106718 0.11182955007944131 0.11182994176402852 0.12199670737570514 0.11183071422120175 0.12199750682732206 0.12199789312438386 0.12199822236119943 0.12199857172650345 0.12199886642537472 0.12199917964274137 0.13216606396558994 0.132166368452376 0.14233332347421354 0.14233358289109943 0.1525005670967421 0.15250084907282638 0.16266785816496124 0.17283488788606946 0.19316870767937913 0.2033357502823414 0.23383644377735174 0.26433720536275407 0.30500489632282196 0.3761731569780769 0.4676752646695224 0.6100118717518387 0.8336837463145247 1.2200261740221232 1.8808756083206413 2.9280683667172456 4.402273113422137 6.303491243873022 8.53005342482413 10.98029108491752 13.593203880316779 16.24678660690067 18.727533900508032 20.852441279433197 22.48933472168269 23.516211028683358 23.882235370912813 23.67890711536579 22.967228671362854 21.899705370115328 20.628839596949106 19.225801445692543 17.863429869741363 16.775566233830975 16.17571824114005 16.216392202087953 17.050092958248502 18.768324990376307 21.411757133341645 24.8075499307345 28.762531588909475 33.02252598583228 37.27235501717086 41.278176744304204 44.90781927248873 48.0596107968224 50.68271788223697 52.56363004495078 53.56001033017269 53.47868316706313 52.502654076614746 50.784430371316205 48.62902163922146 46.392275592283795 44.35887051701644 42.74231342292044 41.664610444445735 41.227431233765415 41.50194605112341 42.488155158673045 44.13522384631849 46.21947596346981 48.547737817508455 50.88616692520589 53.09242485555223 55.075006899888905 56.77291111364851 58.114967983751015 59.08084365987731 59.721372567258626 60.00605389223602 60.077226616445614 60.04672880707973 60.04673165666765 60.20940757173778 60.54492362323536 61.05328011723727 61.68364111199603 62.344503266894854 62.95453023317135 63.51372150165645 64.00174338253511 64.44909665759391 64.64227316279649 64.75411274252069 64.82528412882901 64.87612107372411 64.93712521503885 64.93712661354394 64.93712811890194 64.93712953459149 64.9371308664941 64.93713199876252 64.93713319658357 64.93713434640722 64.93713541816679 64.93713643765608 64.9371374074243 64.93713832089813 64.9371391902559 64.93714001762821 64.93714088243361 64.93714162073374 64.93714231672833 64.9371429797727 64.93714368114277 64.93714427356949 64.93714484397184 64.93714543646489 64.93714594662632 64.93714643287844 64.9371469480403 64.93714738289152 64.93714784856336 64.93714824163976 64.93714862033332 64.9371490215418
69.47016977573794 69.47035654244833 70.42067964936241 71.24981328808987 72.14703682890296 73.0123898859024 73.86282269211563 74.67355295696726 75.46919771134382 76.2340112719267 76.96874229951707 77.68126436341049 78.37173595822497 79.04035825404881 79.68094336722511 80.36888543979711 80.9596766923333 81.53641806554563 82.08768669536087 82.67899155946085 83.19030396679725 83.67833575562159 84.15366562280157 84.66238372511242 85.10133946802182 85.52376853135137 85.9711131295875 86.36417903683427 86.75671271764354 87.12534358295791 87.48385166665813 87.80721165302381 88.11694996751329 88.4261056504664 88.70323508761047 88.98696266903663 89.27791530311973 89.54068092014505 89.7751805934641 89.95961224468772 90.09411392421747 90.14197859521774 90.00303604064841 89.52801419675767 88.61372516598637 87.26472865987924 85.44989101290538 83.18419261531332 80.51780599121957 77.46408307921995 74.10061623894342 70.53083071266003 66.90694579413577 63.36827834522345 60.09519330675435 57.25913322548471 54.844122650676084 52.851283679607576 51.33949003991146 50.22645971505578 49.4904856393109 49.08259530646775 48.878516168947165 48.75699628259464 48.65394273204347 48.53883471725121 48.38113373920538 48.205937053809926 48.014435347131695 47.8111172776021 47.58565871949139 47.37915740528656 47.22181518610087 47.06593349340849 46.85512614079394 46.49071918374201 45.810668989088946 44.72289841638406 43.158159588116355 41.01007374844263 38.38228158463417 35.34673782442863 31.94099878604539 28.27832045541207 24.461434473230405 20.62061704797351 16.890125093222434 13.442011181216325 10.430392963152144 7.88561784443469 5.89008632379079 4.38274915476484 3.2520606985279588 2.4777569451828354 1.9173019839646892 1.509600170972991 1.2242035301242689 1.0101258940114108 0.8572039988772264 0.7348502046622406 0.6430795698362516 0.5819069019674935 0.520716337701972 0.479929825568866 0.44934461900648687 0.41875017997995856 0.40858076280329864 0.37797196032062413 0.3575720413353605 0.3473843887029457 0.34741474370563963 0.3270029633301459 0.3270259596685727 0.3270505484192108 0.31685034192344025 0.31686971937261704 0.32711229385664675 0.3271303611495424 0.33737075800277366 0.3476115485699575 0.3680788155706272 0.38854522925754625 0.41923811691255225 0.44993255580952224 0.49085703365984834 0.5420084623390461 0.6136163431869813 0.6750011005454924 0.7772995865138157 0.9102869579219849 1.084194627400552 1.3194818001657704 1.6059246673535787 2.0458173689144354 2.649399286348707 3.4985084384736824 4.634094744696594 6.158466579225509 8.051185522268115 10.271325194134295 12.808705937294219 15.581449220518412 18.528226697307982 21.536440524780335 24.45268424331226 27.14386555834742 29.425885835946037 31.206549562238084 32.32217638623364 32.82394196680917 32.81405862098795 32.35394224241499 31.586875081321548 30.59462880917483 29.510259952868143 28.48725783750972 27.63817915164079 27.11654842672511 27.01441409632831 27.4136784112966 28.273418210486888 29.532242697242523 31.118553211888305 32.96067776582379 34.976774675269525 37.0952171277549 39.19320326186835 41.20935667980086 43.03106364541449 44.59694340261598 45.8148917576942 46.664456712865736 47.1455932144113 47.24808563907307 47.00264930888979 46.45017675517067 45.652102805693 44.680031102546764 43.63632574424275 42.59259532221985 41.64096956192916 40.88376343312174 40.46427360129193 40.45412832120986 40.853320160735336 41.65163823537344 42.777437283727394 44.128381261409196 45.57143085891697 46.96331122007385 48.30401431265511 49.593556071766486 50.83192832085355 51.94749964445651 52.86861805985699 53.585055606051476 54.158216131911246 54.669971137547144 55.273829943472116 56.21541535985308 57.607290945414384 59.336889418718 61.26093990278974 63.16451802431105 64.8838833051166 66.24506176988274 67.16617000754322 67.57557380987429 67.55514929666536 67.11512090413909 66.23502482926466 64.94556570115756 63.410481843649315 61.7321176518064 60.09468994950858 58.65170468462321 57.607847928085356 57.07569534540333 57.137120598681264 57.740953927547594 58.815558863557975 60.34046355103976 62.27473379549011 64.63883820651907 67.29973143930194 70.18577839279126 73.15369928331097 76.07044995416125 78.78251816800665 81.13639121570259 82.94785219520772 84.16573374562547 84.70815856648261 84.60583232477762 83.81781616591411 82.49762092389795 80.73735690655339 78.67006539377309 76.41855776346226 74.15681605688074 71.9974140181834 70.10410059571373 68.48710813644249 67.20784285817713 66.2356024267989 65.58062173466266 65.21219698030103 65.1405631468526 65.35548614024447 65.86720087074374 66.69617445681384 67.83217346136203 69.31613473188057 71.07641947122431 73.08232414363036 75.27244420591869 77.60584297287164 79.92900804361574 82.20100167384123 84.26831159221442 86.06953258916582 87.50232312978571 88.50527717629008 89.03745836926893 89.10910120325283 88.77137587275439 88.09592234035463 87.10320835353771 86.64267246736703 85.99792065577583 85.23035863840678 84.37068846054666 83.47008161721908 83.47008341485538 83.47008534984028 83.47008716956546 83.47008888159102 83.47009033700715 83.47009187668449 83.47009335466605 83.47009473230416 83.47009604275414 83.47009728929274 83.47009846347059 83.47009958094175 83.47010064444486 83.4701017560644 83.47010270507424 83.47010359970463 83.47010445198086 83.47010535352088 83.47010611502527 83.47010684821959 83.47010760980923 83.47010826556996 83.4701088905977 83.47010955278596 83.47011011174307 83.47011071031693 83.47011121557674 83.47011170234886 83.47011221806163
37.32033551171621 36.27210899578559 35.95751913261798 35.831347138466604 35.935781475144914 36.19541839529135 36.559220327114105 36.968847227275454 37.379621194846976 37.77547343893269 38.165357977727815 38.527349009715074 38.88732094023765 39.23675529190228 39.572564274240115 39.93218951530945 40.26192946251999 40.594318438977524 40.94218305353717 41.32027977918143 41.678106116003704 42.04420479963041 42.40532129605657 42.80361928841078 43.1682357799696 43.5163534504162 43.88811964663003 44.21427822441855 44.53171269553771 44.83294184011723 45.13953785679515 45.42905789532068 45.70258965104416 45.97168604469937 46.20505714679019 46.40260555046614 46.52432962142971 46.55114053943186 46.452207272619845 46.1750918389123 45.718778494879444 45.04295741805 44.16561001038551 43.06552329060512 41.75376521705583 40.29999539296691 38.71559561066497 37.05812021405324 35.38126034942396 33.719983069329054 32.15961104965524 30.721007819398235 29.456370444596843 28.37836731153262 27.512889655219958 26.89668361501184 26.480896022339255 26.28092720456146 26.321939359059424 26.576900793633573 27.03950917730468 27.679059312760387 28.499176159194324 29.483431433481133 30.63564293429612 31.924493239709257 33.33949623220267 34.81098301025812 36.23828800472165 37.7082342143708 39.189101546450445 40.6497801708521 42.0899419356033 43.449003042917944 44.72154715976325 45.86774886219117 46.81412195684443 47.62319192063647 48.307786697903744 48.93679033955311 49.39684751351518 49.689439692438306 49.873841147284445 49.93079730417803 49.90450129003664 49.833190933028355 49.720667156893036 49.63744579309422 49.56549997164231 49.491652084066 49.48179105070172 49.523133129434775 49.62859008309073 49.7863858721337 50.02842368810964 50.332590921799586 50.65856321030649 51.02650000532417 51.404746147110075 51.79331714654012 52.18156681027622 52.53773014719335 52.87253314083171 53.154000321078115 53.39290818270877 53.56793833962734 53.70091103175581 53.80126041606096 53.90134420599238 53.969414600342176 54.05896217333088 54.15843576723788 54.28951033168357 54.46329292557695 54.66828439133905 54.883779933155516 55.14189765675557 55.42077409749157 55.68889676523993 55.92510911254428 56.17211851302672 56.37627080669745 56.56973338616781 56.72062349707207 56.83984618399268 56.91628417375698 56.98199053775273 57.026396642270946 57.0282742510544 57.01942878891008 56.999916017694105 56.96968705362271 56.92877753750535 56.877188360096596 56.82552264779261 56.763027171932166 56.711238906502466 56.64876719728871 56.58624235735427 56.544774073005485 56.57768730792272 56.69538996952459 56.90870980047677 57.196222367946426 57.54750110854496 57.86680341278614 58.111843997825595 58.26119895495867 58.32558636149799 58.35816734875462 58.411879300675 58.4337014853211 58.49804473530218 58.71095362909438 59.16807382851689 59.92251188580539 60.953027316994344 62.23845464933854 63.67248423680302 65.02156287676716 66.08391710217049 66.79582096822605 67.19980179021148 67.33823149600383 67.17929361386753 66.68051326803321 65.85249919766484 64.80148420346661 63.64421046087905 62.550632754452536 61.78624922330043 61.65906677558836 62.21151882111074 63.46488180318702 65.2917479754475 67.47966893187282 69.82691660478515 72.15290520022216 74.28775643335236 75.99777972464543 77.16619412881408 77.79295282572268 77.84623316068743 77.33663160764662 76.30660681876722 74.76681527859739 72.88715937969172 70.85880545779112 68.8410587368414 67.04632625515104 65.6339051832153 64.74188548090937 64.32777695145117 64.34910818026862 64.77400261764639 65.62371124238254 66.85575451847131 68.53385644447793 70.58367429802146 72.973355708653 75.59668158216242 78.2624908167259 80.83272311463887 83.13743680282373 85.04919075207087 86.40868318129836 87.17341754690473 87.33277893061901 86.88677196441621 85.9415897772393 84.53972038941144 82.8192344290168 80.97129336329856 79.12334873398629 77.41347211134135 75.93724152857706 74.8008676901604 73.96186839582589 73.45210591208736 73.16537484480492 73.09105720905 73.18666572173052 73.46282369952968 73.9407725915424 74.60989000403576 75.51266283652558 76.65970983893615 78.08289290149519 79.75035048431975 81.61960000986929 83.66939851408343 85.7723021925777 87.8539628221873 89.79755689961496 91.46501400257605 92.79260853833014 93.69537845033439 94.14145841335802 94.04588459079767 93.49362344387373 92.48467206279715 91.09337752268056 89.42594377389999 87.57795802745049 85.66624762508322 83.77577864455115 81.9808940071189 80.3559393380671 78.93277670829227 77.72202762867023 76.73431126216497 75.9590078303862 75.38549677870553 75.003157952909 74.78012830405403 74.71640846165464 74.8332398424672 75.09876084841763 75.52359125102376 76.10773163175311 76.86180265060926 77.7751840164643 78.89035768717208 80.19670341659253 81.69422154780213 83.32980807742129 85.10346362499409 86.962084243479 87.87546505988445 88.84194886907649 89.85091558387956 90.93422668032271 92.08126205041664 92.08126403350586 92.08126616811323 92.08126817557013 92.0812700642166 92.08127166978055 92.0812733682985 92.08127499875584 92.08127651851783 92.0812779641602 92.0812793392978 92.08128063460956 92.0812818673645 92.08128304058376 92.08128426688339 92.08128531379772 92.08128630072254 92.08128724092373 92.08128823547102 92.08128907553592 92.08128988437012 92.08129072452908 92.08129144794128 92.08129213744992 92.08129286795275 92.0812934845746 92.08129414490026 92.08129470228513 92.08129523927504 92.08129580819126
12.612680208764713 10.551877875003823 8.808063281795665 7.275743390827637 5.9576870024354776 4.862885740361697 3.981973089803446 3.301483490621721 2.7877262068447384 2.391949869185903 2.096661776892805 1.8834141442465444 1.7436715658613768 1.6458201547053697 1.5796100493051013 1.5588612964537842 1.5587740035134383 1.6047646006805925 1.662443835828527 1.7569607510346683 1.9102016143043985 2.1481576963112867 2.4724122057991256 2.9703403839396607 3.73824475685509 4.903356874574025 6.62105095645493 9.028554921698031 12.160282903778473 15.750852484503882 19.451568696018175 22.96978443241574 26.095221871398994 28.696972929668163 30.78015524653433 32.32604394516821 33.30350340828581 33.61866517952526 33.227222168280974 32.13538748538422 30.763077109014446 29.470999240015658 28.63483570577991 28.472022615201574 29.209579359926895 30.689842039173843 32.753262086775635 35.20704882151504 37.77192054390631 40.26967659326975 42.49044262971121 44.32679216705361 45.645493624185534 46.4174770681625 46.606886973922926 46.17988159960776 45.25236404018323 43.93603916534926 42.39491896044013 40.85611426188571 39.485268810243724 38.42950624318 37.76069072061294 37.59129907790686 37.91409204993584 38.743283138450934 39.959458563102494 41.4739748988267 43.17278962700456 44.992885196035196 46.85374719883548 48.58167172356671 50.08222559859476 51.317814232762366 52.17439997679744 52.57377646875019 52.52927285663164 52.08023174360443 51.30953808464465 50.27902533649676 49.05872071275164 47.70392499677399 46.39931631315361 45.17390418514122 44.12396330967648 43.34050908350461 42.85413765721456 42.68909854185314 42.861795440495385 43.37020702566894 44.162696110242464 45.223934064507695 46.51563835426532 47.92879760609206 49.49056406986748 51.05141372261253 52.54576692669759 53.89147845990566 55.048017045346995 55.934209121768355 56.5093202268567 56.78675949002517 56.76657016475868 56.43494153165901 55.859599312129 55.04036579798409 54.09955181705477 53.130645276112766 52.2018675502507 51.38094567361623 50.77660324945507 50.36094039222842 50.134445411403846 50.11114980629293 50.31733418112557 50.76704228230122 51.447053908829275 52.38387147113615 53.59135663848414 55.11021865115671 56.96784688347594 59.04183180631762 61.11590004931451 62.878577123387934 64.27598862429373 65.36168637600474 66.19003601296357 66.7746007854001 67.08827094122417 67.04972369068132 66.57773437775606 65.69929676613854 64.52277269309864 63.52218975909795 63.17160992530473 63.60637719125718 64.6237083213165 65.70873776173521 66.45511256899947 66.7272038403793 66.59299581375396 66.29605142132797 65.94497794810735 65.53954805473252 64.94450648850336 63.96997495959166 62.58905463626913 60.92345899833086 59.44746519370891 58.55404355073239 58.364992849238135 58.9075048972676 59.97845959206986 61.564176583511305 63.78667813056376 66.65953358027673 70.02016031308524 73.65186277224613 77.12093205408912 79.98031969248326 82.06741580090296 83.40929790719436 84.07376863762302 84.12843709230312 83.53270287576854 82.15107051699205 79.94287261334176 77.0842926085805 73.8326814283342 70.56747790323692 67.77648005818564 65.59522200763325 64.01010413024999 62.92631582477182 62.221936599606906 61.86981931331177 61.842914906734634 62.23603740580866 63.11698071140931 64.52636070968217 66.64037310038184 69.36413341663872 72.57572855664951 76.0041358827072 79.35122676642452 82.34603018717868 84.73106447870245 86.51987802540022 87.63116451685083 88.09202038250257 87.88887843662289 86.92691229383787 85.27385744819408 83.09232935925114 80.63976606901592 78.18719147868212 75.99206967708608 74.24411139939029 72.90266571757373 71.92709021176844 71.2496176187767 70.7618509845918 70.45024585047864 70.26058836828635 70.23353660552455 70.35554611968605 70.65370802842685 71.209332954179 72.02242608695146 73.16073238106767 74.65135921727355 76.50786139655995 78.73023159286964 81.23716931431274 83.9202722837127 86.67112587350317 89.25937028162812 91.54949645082789 93.36534297380345 94.598502823563 95.2218767374045 95.22190665916624 94.57149355542232 93.32484042178636 91.63100405463994 89.57129472547348 87.3218710844853 85.04534348932229 82.89077198607 80.99366546940418 79.4624296455931 78.2699667185187 77.40272256240529 76.83359886175056 76.53549227738056 76.45419809880205 76.54906648638581 76.79299310293537 77.1995302165144 77.70092451669572 78.35137741548037 79.11023842021 79.99105630621044 80.98028131573948 82.13211724008657 83.43301397347163 84.9100716732222 86.54974034049035 88.39267278282736 90.38466623762822 92.49861707722704 94.66677160430575 96.82137525048985 98.84047026236209 99.99988210853742 99.99988768935324 99.99989305943758 99.99989873118831 99.99990347680077 99.9999080459882 99.99991239885856 99.99991700333653 98.36623168840534 96.06257642769809 93.58275904419855 91.03518626049568 88.54181719861448 86.21105875388217 84.84241685348127 83.51442726292544 82.30839617981727 81.19722123161996 80.1944538812361 80.19445560832753 80.19445746737753 80.194459215691 80.19446086053132 80.19446225883235 80.19446373808792 80.19446515806885 80.19446648164413 80.19446774066793 80.19446893828845 80.19447006638788 80.19447114000597 80.19447216177387 80.19447322976998 80.19447414153771 80.19447500106 80.19447581989023 80.194476686051 80.19447741767156 80.19447812209303 80.19447885379552 80.19447948382215 80.19448008432182 80.19448072052374 80.19448125754562 80.19448183262956 80.1944823180614 80.19448278573105 80.19448328120565
50.0 50.0 50.0 50.0 50.0 50.0 50.0 50.0 50.0 50.0 50.0 50.0 50.0 50.0 50.0 50.0 50.0 50.0 50.0 50.0 50.0 50.0 50.0 50.0 50.0 50.0 50.0 50.0 50.0 50.0 50.0 50.0 50.0 50.0 50.0 50.0 50.0 50.0 50.0 50.0 50.0 50.0 50.0 50.0 50.0 50.0 50.0 50.0 50.0 50.0 50.0 50.0 50.0 50.0 50.0 50.0 50.0 50.0 50.0 50.0 50.0 50.0 50.0 50.0 50.0 50.0 50.0 50.0 50.0 50.0 50.0 50.0 50.0 50.0 50.0 50.0 50.0 50.0 50.0 50.0 50.0 50.0 50.0 50.0 50.0 50.0 50.0 50.0 50.0 50.0 50.0 50.0 50.0 50.0 50.0 50.0 50.0 50.0 50.0 50.0 50.0 50.0 50.0 50.0 50.0 50.0 50.0 50.0 50.0 50.0 50.0 50.0 50.0 50.0 50.0 50.0 50.0 50.0 50.0 50.0 50.0 50.0 50.0 50.0 50.0 50.0 50.0 50.0 50.0 50.0 50.0 50.0 50.0 50.0 50.0 50.0 50.0 50.0 50.0 50.0 50.0 50.0 50.0 50.0 50.0 50.0 50.0 50.0 50.0 50.0 50.0 50.0 50.0 50.0 50.0 50.0 50.0 50.0 50.0 50.0 50.0 50.0 50.0 50.0 50.0 50.0 50.0 50.0 50.0 50.0 50.0 50.0 50.0 50.0 50.0 50.0 50.0 50.0 50.0 50.0 50.0 50.0 50.0 50.0 50.0 50.0 50.0 50.0 50.0 50.0 50.0 50.0 50.0 50.0 50.0 50.0 50.0 50.0 50.0 50.0 50.0 50.0 50.0 50.0 50.0 50.0 50.0 50.0 50.0 50.0 50.0 50.0 50.0 50.0 50.0 50.0 50.0 50.0 50.0 50.0 50.0 50.0 50.0 50.0 50.0 50.0 50.0 50.0 50.0 50.0 50.0 50.0 50.0 50.0 50.0 50.0 50.0 50.0 50.0 50.0 50.0 50.0 50.0 50.0 50.0 50.0 50.0 50.0 50.0 50.0 50.0 50.0 50.0 50.0 50.0 50.0 50.0 50.0 50.0 50.0 50.0 50.0 50.0 50.0 50.0 50.0 50.0 50.0 50.0 50.0 50.0 50.0 50.0 50.0 50.0 50.0 50.0 50.0 50.0 50.0 50.0 50.0 50.0 50.0 50.0 50.0 50.0 50.0 50.0 50.0 50.0 50.0 50.0 50.0 50.0 50.0 50.0 50.0 50.0 50.0 50.0 50.0
50.0 50.0 50.0 50.0 50.0 50.0 50.0 50.0 50.0 50.0 50.0 50.0 50.0 50.0 50.0 50.0 50.0 50.0 50.0 50.0 50.0 50.0 50.0 50.0 50.0 50.0 50.0 50.0 50.0 50.0 50.0 50.0 50.0 50.0 50.0 50.0 50.0 50.0 50.0 50.0 50.0 50.0 50.0 50.0 50.0 50.0 50.0 50.0 50.0 50.0 50.0 50.0 50.0 50.0 50.0 50.0 50.0 50.0 50.0 50.0 50.0 50.0 50.0 50.0 50.0 50.0 50.0 50.0 50.0 50.0 50.0 50.0 50.0 50.0 50.0 50.0 50.0 50.0 50.0 50.0 50.0 50.0 50.0 50.0 50.0 50.0 50.0 50.0 50.0 50.0 50.0 50.0 50.0 50.0 50.0 50.0 50.0 50.0 50.0 50.0 50.0 50.0 50.0 50.0 50.0 50.0 50.0 50.0 50.0 50.0 50.0 50.0 50.0 50.0 50.0 50.0 50.0 50.0 50.0 50.0 50.0 50.0 50.0 50.0 50.0 50.0 50.0 50.0 50.0 50.0 50.0 50.0 50.0 50.0 50.0 50.0 50.0 50.0 50.0 50.0 50.0 50.0 50.0 50.0 50.0 50.0 50.0 50.0 50.0 50.0 50.0 50.0 50.0 50.0 50.0 50.0 50.0 50.0 50.0 50.0 50.0 50.0 50.0 50.0 50.0 50.0 50.0 50.0 50.0 50.0 50.0 50.0 50.0 50.0 50.0 50.0 50.0 50.0 50.0 50.0 50.0 50.0 50.0 50.0 50.0 50.0 50.0 50.0 50.0 50.0 50.0 50.0 50.0 50.0 50.0 50.0 50.0 50.0 50.0 50.0 50.0 50.0 50.0 50.0 50.0 50.0 50.0 50.0 50.0 50.0 50.0 50.0 50.0 50.0 50.0 50.0 50.0 50.0 50.0 50.0 50.0 50.0 50.0 50.0 50.0 50.0 50.0 50.0 50.0 50.0 50.0 50.0 50.0 50.0 50.0 50.0 50.0 50.0 50.0 50.0 50.0 50.0 50.0 50.0 50.0 50.0 50.0 50.0 50.0 50.0 50.0 50.0 50.0 50.0 50.0 50.0 50.0 50.0 50.0 50.0 50.0 50.0 50.0 50.0 50.0 50.0 50.0 50.0 50.0 50.0 50.0 50.0 50.0 50.0 50.0 50.0 50.0 50.0 50.0 50.0 50.0 50.0 50.0 50.0 50.0 50.0 50.0 50.0 50.0 50.0 50.0 50.0 50.0 50.0 50.0 50.0 50.0 50.0 50.0 50.0 50.0 50.0
50.0 50.0 50.0 50.0 50.0 50.0 50.0 50.0 50.0 50.0 50.0 50.0 50.0 50.0 50.0 50.0 50.0 50.0 50.0 50.0 50.0 50.0 50.0 50.0 50.0 50.0 50.0 50.0 50.0 50.0 50.0 50.0 50.0 50.0 50.0 50.0 50.0 50.0 50.0 50.0 50.0 50.0 50.0 50.0 50.0 50.0 50.0 50.0 50.0 50.0 50.0 50.0 50.0 50.0 50.0 50.0 50.0 50.0 50.0 50.0 50.0 50.0 50.0 50.0 50.0 50.0 50.0 50.0 50.0 50.0 50.0 50.0 50.0 50.0 50.0 50.0 50.0 50.0 50.0 50.0 50.0 50.0 50.0 50.0 50.0 50.0 50.0 50.0 50.0 50.0 50.0 50.0 50.0 50.0 50.0 50.0 50.0 50.0 50.0 50.0 50.0 50.0 50.0 50.0 50.0 50.0 50.0 50.0 50.0 50.0 50.0 50.0 50.0 50.0 50.0 50.0 50.0 50.0 50.0 50.0 50.0 50.0 50.0 50.0 50.0 50.0 50.0 50.0 50.0 50.0 50.0 50.0 50.0 50.0 50.0 50.0 50.0 50.0 50.0 50.0 50.0 50.0 50.0 50.0 50.0 50.0 50.0 50.0 50.0 50.0 50.0 50.0 50.0 50.0 50.0 50.0 50.0 50.0 50.0 50.0 50.0 50.0 50.0 50.0 50.0 50.0 50.0 50.0 50.0 50.0 50.0 50.0 50.0 50.0 50.0 50.0 50.0 50.0 50.0 50.0 50.0 50.0 50.0 50.0 50.0 50.0 50.0 50.0 50.0 50.0 50.0 50.0 50.0 50.0 50.0 50.0 50.0 50.0 50.0 50.0 50.0 50.0 50.0 50.0 50.0 50.0 50.0 50.0 50.0 50.0 50.0 50.0 50.0 50.0 50.0 50.0 50.0 50.0 50.0 50.0 50.0 50.0 50.0 50.0 50.0 50.0 50.0 50.0 50.0 50.0 50.0 50.0 50.0 50.0 50.0 50.0 50.0 50.0 50.0 50.0 50.0 50.0 50.0 50.0 50.0 50.0 50.0 50.0 50.0 50.0 50.0 50.0 50.0 50.0 50.0 50.0 50.0 50.0 50.0 50.0 50.0 50.0 50.0 50.0 50.0 50.0 50.0 50.0 50.0 50.0 50.0 50.0 50.0 50.0 50.0 50.0 50.0 50.0 50.0 50.0 50.0 50.0 50.0 50.0 50.0 50.0 50.0 50.0 50.0 50.0 50.0 50.0 50.0 50.0 50.0 50.0 50.0 50.0 50.0 50.0 50.0 50.0