4 302 9
300.00980000000004 300.01 301.04 301.96 302.98 303.99 305.01 306.01 307.02 308.02 309.01 310.0 310.99 311.98 312.96 314.05 315.02 316.0 316.97 318.05 319.02 319.98 320.95 322.03 323.0 323.97 325.04 326.02 326.99 327.96 329.05 330.03 331.01 332.0 332.99 333.98 334.97 335.97 336.98 337.99 339.0 340.02 341.04 341.95 342.98 344.02 344.95 345.99 347.04 347.98 349.03 349.98 351.04 352.0 352.95 354.03 354.99 355.95 357.04 358.01 358.98 359.95 361.05 362.02 363.0 363.98 364.95 366.06 367.04 368.02 368.99 369.97 370.95 372.05 373.03 374.0 374.98 375.95 377.04 378.0 378.97 380.05 381.01 381.96 383.04 383.98 385.05 385.99 387.04 387.98 389.02 389.95 390.99 392.02 393.05 393.96 394.98 395.99 397.0 398.01 399.01 400.0 401.0 401.98 402.97 403.95 405.04 406.02 406.99 407.96 409.04 410.01 410.97 412.05 413.01 413.98 415.05 416.02 416.98 417.95 419.03 420.0 420.98 421.95 423.04 424.03 425.01 426.0 427.0 427.99 429.0 430.0 431.01 432.03 433.05 433.96 434.99 436.02 437.06 437.99 439.03 439.97 441.02 441.97 443.03 443.98 445.05 446.0 446.96 448.04 449.01 449.97 451.06 452.03 453.0 453.98 454.95 456.05 457.02 458.0 458.98 459.95 461.05 462.03 463.0 463.98 464.95 466.04 467.01 467.98 468.95 470.03 470.99 471.95 473.03 473.98 475.04 475.99 477.05 477.99 479.04 479.97 481.01 482.05 482.96 483.99 485.01 486.03 487.05 488.06 488.95 489.95 490.95 492.05 493.04 494.02 495.0 495.98 496.95 498.03 499.0 499.97 501.04 502.01 502.97 504.04 505.0 505.96 507.03 507.99 508.96 510.03 511.0 511.97 513.05 514.02 515.0 515.98 516.96 517.95 519.05 520.05 521.05 522.05 522.95 523.96 524.98 526.0 527.03 528.06 528.98 530.02 530.95 532.0 533.05 533.99 535.05 536.0 536.95 538.02 538.98 540.06 541.02 541.98 542.95 544.03 545.0 545.97 546.94 548.04 549.01 549.98 550.96 552.05 553.02 553.99 554.97 556.06 557.02 557.99 558.96 560.04 561.0 561.96 563.03 563.99 565.05 566.0 567.06 568.0 569.05 569.98 571.03 571.95 572.99 574.02 575.04 575.95 576.96 577.98 578.98 579.98 580.98 581.97 582.96 583.95 585.04 586.02 586.99 587.96 589.04 590.0 590.97 592.03 592.99 593.95 595.02 595.97 597.04 597.99 598.95 600.02
0.0 13.54 26.89 39.77 51.58 60.9 70.0 80.0 90.0
71.04621016395508 71.04640116776291 72.01828385346005 72.86622769671244 73.78380616888882 74.6687911250516 75.53851734100292 76.36764030081241 77.18133551154482 77.96350007421718 78.7148996341819 79.44358638507431 80.14972241721287 80.83351346454663 81.48863126151679 82.19218038521053 82.79637466926383 83.38620033031759 83.9499753586079 84.55469490631351 85.07760724218844 85.57671080199597 86.0628242770298 86.58308345197726 87.03199759835246 87.46401013135127 87.92150344746943 88.32348667487035 88.70581620544317 89.0731366507707 89.46856084454765 89.8089302791267 90.1354393507316 90.45167684330286 90.75470945707075 91.04499891710968 91.32299884563508 91.59178361798111 91.85144626538978 92.09969055317852 92.33695734246406 92.56586954226188 92.7844541505615 92.9710893349243 93.17318282103754 93.3677742527981 93.53405936521106 93.71173239951312 93.88261661152673 94.02866297110008 94.18438485663707 94.31881549645519 94.46188429454403 94.58542075370688 94.70226648863779 94.82885690351769 94.93604806687371 95.03844139025932 95.14914329683194 95.24291166257191 95.33241284382228 95.4178333955487 95.50999053245954 95.58729270871683 95.66179417291137 95.73284107811558 95.79991360693788 95.87288634464566 95.93411680484175 95.99249202854743 96.04758736720244 96.10066204148657 96.1512532899957 96.20522202659778 96.25091305638466 96.2940256910437 96.33554686656555 96.37472162744773 96.41656929355862 96.45161159983884 96.48537523218569 96.52111622725911 96.55132623093068 96.57984487628777 96.61068154379724 96.63621327549419 96.66386764368347 96.68698301124962 96.7115629182347 96.7325092115749 96.75457488337798 96.77336594647879 96.79337823151243 96.81220601341629 96.8300954929486 96.84515725741967 96.86124996929159 96.87640124366878 96.89081077356828 96.90451466643113 96.9174214383261 96.92958212526521 96.94127239490082 96.95217806774735 96.96266791859347 96.9725548510528 96.982999373928 96.99191783358893 97.00032675625928 97.0083389344195 97.01681567800802 97.02404969561658 97.030872868898 97.03816852193908 97.04433180044235 97.0502666894374 97.05648882194265 97.0618495131912 97.06690556272832 97.07177414362293 97.076924672725 97.08131983319345 97.08554940776455 97.14027885223327 97.17498395267776 97.19895567570177 97.23286681167068 97.29709726153203 97.35105204573526 97.38452307747251 97.41790690073523 97.3902144014255 97.331957038263 97.19237678951045 96.97144751843076 96.69938630070611 96.38686342810473 96.07421653232763 95.76147077372961 95.5194886989899 95.34867903325006 95.25883979713504 95.25032259289488 95.2314233723391 95.18214810514542 95.08188092924397 94.87000568936747 94.5969875914886 94.30361244361748 94.07123306114532 93.90975868082016 93.55528480785667 92.41895670174287 90.06386261325062 85.99249350309603 80.52978072513727 73.91940740673722 66.71996629802013 59.15472903620012 51.30501936182213 43.221612493481096 34.90451018932593 26.668562857900053 19.12307121826152 12.755551896928594 8.134752357096085 5.00680663320066 3.1483123486504727 2.0108662500044776 1.3405830161784706 0.9445053729231451 0.6804529289217178 0.5179585212403877 0.4062433336318153 0.3249958268242368 0.2640598972494175 0.2335921872187099 0.20312418923135167 0.19296853237059752 0.182812735424837 0.1726569156203359 0.16250097813297637 0.15234501797431524 0.15234535116617826 0.1523456288309978 0.14218953302446974 0.14218979593528056 0.13203361393366606 0.12187738559367312 0.1218775771285728 0.1117212599011203 0.11172141802232578 0.11172156843228445 0.10156520493182142 0.1015653268386914 0.09140889754343051 0.10156555109814415 0.10156565525100236 0.10156575343596479 0.09140927156683189 0.09140935132478327 0.08125282427280929 0.0812528950725909 0.08125295606311034 0.08125301358152169 0.08125307451973501 0.07109648567584949 0.07109652901592758 0.0710965749328145 0.060939954934161746 0.06093998724961191 0.06094002112489513 0.060940050306763485 0.06094007810711054 0.06094010751441753 0.05078344383870778 0.05078346395918615 0.05078348311754077 0.050783501359777966 0.04062681512207849 0.040626829922214634 0.040626842688465066 0.04062685483210556 0.040626866383500465 0.05078359537160943 0.05078360863029974 0.050783621357712236 0.050783633452306784 0.05078364505534986 0.05078365607596743 0.050783665451051056 0.05078367554244217 0.050783684132616976 0.050783693363041504 0.050783702121372815 0.040626967665169454 0.040626974067060416 0.04062697952329257 0.040626984726414066 0.050783737872893156 0.050783743812399904 0.05078375016227327 0.05078375552582592 0.06094051276561228 0.060940518672170645 0.0609405249201447 0.06094053025127732 0.06094053533002077 0.060940540168323815 0.06094054537848935 0.07109730803125136 0.0812540718628268 0.0812540771949806 0.09141084318000395 0.09141084853500024 0.09141085363647736 0.10156762060591423 0.11172438900324091 0.12188115742391215 0.14219469015837877 0.1523514603727874 0.17266499637282076 0.19297853286331587 0.23360560107323652 0.274232672899644 0.34533004410608914 0.44689771985036897 0.5789356998821704 0.7820710580428413 1.1172443986001739 1.6961801807751258 2.772797607657887 5.078384027938264 9.22234559335104 15.113271542980623 21.41046848599058 26.89512415263407 30.65312919484575 33.55796578128851 37.021424769570565 41.1552306288516 46.091421403215826 51.76905650079213 51.769057229029926 51.76905792209762 51.76905858169374 51.76905927113219 51.76905985971836 51.769060414577794 51.769060943168725 51.76906150231359 51.76906197460684 51.76906242934188 51.76906290168802 51.76906330839791 51.76906369604686 51.76906410674318 51.769064453414416 51.7690648246564 51.76906513802399 51.76906543992532 51.769065759775955
70.84189413879645 70.84208459331195 71.81117232053342 72.65667763096033 73.57161731373789 74.4540572135472 75.32128225451663 76.14802080695063 76.95937597771801 77.73929117685506 78.4885298478569 79.21512102770922 79.91922634058808 80.60105092878901 81.25428472569808 81.95581056961204 82.55826730039885 83.14639672974194 83.7085504432204 84.31153092709646 84.83293946185763 85.33060769027668 85.8153231910517 86.33408619489542 86.78170934553962 87.21247948878454 87.66865713703427 88.06948433352217 88.4507143536523 88.81697845194634 89.21126547740229 89.5506560711706 89.8762261618568 90.19155421270924 90.49371535959668 90.78316999975594 91.06037045086714 91.32838224691812 91.58729815160993 91.8348285338148 92.07141298681277 92.29966687660834 92.51762287518726 92.70372133058258 92.90523363245394 93.09926545452137 93.26507236108588 93.4422344399399 93.61262721992806 93.75825357663837 93.91352763425307 94.04757167591312 94.19022903406616 94.31341022476022 94.4299199325327 94.55614629632063 94.66302919731643 94.7651280560601 94.87551160401125 94.96901030892444 95.05825410099727 95.14342899869717 95.23532110838335 95.31240097759073 95.38668818907568 95.45753077625594 95.52441041664048 95.59717329797903 95.65822767046801 95.7164350176093 95.77137191205493 95.82429395319423 95.87473971044099 95.92855324273702 95.97411287340255 96.01710152393734 96.05850329208303 96.09756539345231 96.13929271325927 96.17423424421713 96.20790077847613 96.24353898892484 96.27366211410063 96.30209874500193 96.33284673184399 96.35830503890753 96.38587987814553 96.40892877010363 96.43343798973068 96.4543240453272 96.47632626025701 96.49506328366573 96.51501801699432 96.53379165360946 96.55162968624064 96.56664813580664 96.58269456795561 96.59780227001346 96.6121703607163 96.62583484366677 96.6387044980248 96.65083021303207 96.66248686357076 96.67336117367856 96.68382085761465 96.69367935704797 96.70409384336818 96.71298665515536 96.72137139528802 96.72936053187584 96.73781289788599 96.7450261117709 96.75182966284247 96.85039607817352 96.91741245821586 96.95377396027226 97.00057167468829 97.06680529208998 97.1225942545292 97.14775970833782 97.16306184741711 97.12686875697769 97.03976399765287 96.89151621957976 96.6623290880508 96.38179071194523 96.10102160335303 95.83025205018596 95.55933653102461 95.32882537600366 95.15912109764322 95.01969458142614 94.95121762280036 94.8623289943475 94.73270269031705 94.58241243106067 94.38150737060195 94.15002612669777 93.76615098163073 93.16874786576707 92.18558793638208 90.6335341720503 88.31996661070995 84.96023055730532 80.6256499688664 75.29561561141524 69.0515869623332 62.035476945814096 54.55204823441325 46.865382859518235 39.158144287929346 31.694448289771742 24.69776712793261 18.411784863557692 13.141233824962605 8.906459475917737 5.748113858262487 3.574829110301336 2.264751606220056 1.4624505147035796 0.9749733676768242 0.6906103809299643 0.5078051123382502 0.38593404615808374 0.30468638143085514 0.25390660739268844 0.2132825713589806 0.17265820198495385 0.1625025390472405 0.14219030674512195 0.12187788353931459 0.11172185650707998 0.1015656798313354 0.10156601889573992 0.10156638138886731 0.09141001601746548 0.09141030546125434 0.09141055215107094 0.10156757102523983 0.09141103473401964 0.10156807713424422 0.10156829693720254 0.11172538402547406 0.10156875307149923 0.11172583200991328 0.11172605158809458 0.1117262581714217 0.11172645448385908 0.1015696736691094 0.1015698332896753 0.10156996741767044 0.10157011117156027 0.10157024791486781 0.09141335157852769 0.09141346130031255 0.09141356469419963 0.08125658946144466 0.09141375688648368 0.08125675133996593 0.08125683443262034 0.08125690533219693 0.07109985126589972 0.07109991321887167 0.07109996658830096 0.06094287164526906 0.06094291735126259 0.06094295632846516 0.060942993479000264 0.06094303283834141 0.06094306640323297 0.06094309872033309 0.06094313259734592 0.05078596815058687 0.050785991318725604 0.05078601582606599 0.05078603673716012 0.050786056858665794 0.05078607601799861 0.05078609426116721 0.050786111804883065 0.06094335636719739 0.05078614626462564 0.050786161444951294 0.050786175884932165 0.05078618827779873 0.050786201537165995 0.050786214265228335 0.050786226360440404 0.05078623796407591 0.05078624898525617 0.050786258360818466 0.050786268452724825 0.060943532452005865 0.060943543529080844 0.06094355403961503 0.06094356299217892 0.07110083469475663 0.07110084424365042 0.07110085334957794 0.08125812925817325 0.08125813876186924 0.08125814892218537 0.09141542719234624 0.10157270710527538 0.12188726034005035 0.13204454557302284 0.1523591043743076 0.18283094048617746 0.22346005611334496 0.2640891798033989 0.3351901368228239 0.4367629353435408 0.5992794157282446 0.8532114306810573 1.3204463391221988 2.1736579410937558 3.61599190927257 5.728706608147864 8.481330221291923 11.66055992685696 14.951519999543363 18.171379423099403 21.350609856294092 24.580626911312937 27.72938599312615 30.390595483568614 32.05639128291001 32.574413791192924 32.02592140616253 30.593744961223496 28.674018754205843 26.632404881395967 24.69236382090476 22.874210005039345 21.127157155165506 19.603564518466925 18.6690944683775 18.790982246307394 18.49642124416923 18.618309028495208 19.055072729911526 19.735611351535958 20.649767615470996 20.649767905952267 20.6497681824048 20.64976844550611 20.649768720511002 20.64976895528769 20.649769176611375 20.649769387457013 20.649769610490083 20.649769798879568 20.64976998026539 20.649770168675968 20.649770330905405 20.649770485531764 20.649770649351314 20.649770787632384 20.64977093571429 20.64977106071112 20.649771181134263 20.649771308717064
70.61283323924613 70.61302307794405 71.57897734707213 72.42174879204647 73.33373009956713 74.21331670924768 75.07773765596734 75.90180302357454 76.71053475029755 77.4879281637136 78.23474423879189 78.9589860513484 79.66081470296197 80.34043467261893 80.99155629673879 81.69081381986857 82.29132256094715 82.8775503266239 83.43788636657938 84.03891716723865 84.55863977435126 85.05469883726921 85.5378470540242 86.05493268430587 86.50110848571143 86.93048577240287 87.38518841121459 87.78471956897697 88.16471691609055 88.5297967323316 88.92280886611745 89.26110207089505 89.58561945994553 89.89992792587776 90.20111206184595 90.48963077643376 90.76593492479276 91.03308012878209 91.29115885215968 91.5378888671143 91.77370834554064 92.00122419689217 92.21847545433303 92.4039721770938 92.60483290704295 92.79823734464749 92.96350812947738 93.14009737066743 93.30993920091132 93.45509468788173 93.60986668078253 93.74347730307773 93.88567339148095 94.00845628686274 94.12458927096354 94.2504074931456 94.35694479788447 94.45871352914199 94.56874016180879 94.6619365470605 94.75089177735023 94.83579126967139 94.9273862544774 95.00421689285332 95.07826390331466 95.14887742735446 95.21554081843097 95.28806842753045 95.34892538619174 95.40694452510598 95.46170378603951 95.51445470851382 95.56473735393708 95.61837688501159 95.66378920270488 95.7066388533007 95.74790675254904 95.78684255012328 95.82843494839084 95.86326349904786 95.89682117559326 95.93234415309058 95.96236987784768 96.02103060985092 96.08201458325999 96.16807408624422 96.23605105088674 96.25906411406518 96.30377349767143 96.33475279290813 96.35672773241592 96.31468794030178 96.29409460523418 96.26217695943107 96.188780998292 96.1226781301407 95.99676367953441 95.85973404726433 95.75233771902646 95.54281554286453 95.33244619161403 95.06043359467422 94.71688761102928 94.21018336526902 93.46961657043566 92.36303898151206 90.7696769198519 88.68744011303349 86.05629926875478 82.91685053301477 79.41182550341263 75.692026106783 71.82923081925436 67.94591584111807 64.14250021997667 60.58216864236863 57.41762354180002 54.69904513253751 52.345630161815166 50.21532324030303 48.0443125838018 45.65940013156619 42.776442874625374 39.547739698552455 35.98362061047152 32.13452692087996 28.08188313553164 23.896834946644987 19.660670960044197 15.535968084151454 11.725995294660535 8.464498192293478 5.83283820917177 3.9428577827275495 2.611700038231098 1.7377826274437347 1.209361640816735 0.8638484226061889 0.6301142662143256 0.4878390093487127 0.38621313873629687 0.30491003738632483 0.2540960625439226 0.2134438479795173 0.18295473978791846 0.16262860977101287 0.1423020710588334 0.13213923447957038 0.12197609828897642 0.11181281536658708 0.10164909370289389 0.10165011198793518 0.10165121045777216 0.10165213892094836 0.10165302344398297 0.09148848712369571 0.09148920926539617 0.0813244328196576 0.08132501162739075 0.09149126466045643 0.08132609892066159 0.07116077401282012 0.0711612450981059 0.06099569444605752 0.06099601638572184 0.0609963261721251 0.060996618210254386 0.06099692991515974 0.05083099447977118 0.05083120363790314 0.05083140289553359 0.06099793640696798 0.060998150053106465 0.07116474596916134 0.07116499995894657 0.07116521231593788 0.08133192874958925 0.08133214824079962 0.09149892879487757 0.1016657220211456 0.10166598303561782 0.11183282335549917 0.1118330809981643 0.12199999154932589 0.11183352941443526 0.12200045367739369 0.12200067925826111 0.12200089362372094 0.12200109733134315 0.12200128906066049 0.12200145016940483 0.13216842474372056 0.13216860268137703 0.1423356182839836 0.14233578912683992 0.15250280369658337 0.15250296793795967 0.16266999928088288 0.17283704131980082 0.1931710084221199 0.20333808102203096 0.23383898754898189 0.2643399553882235 0.3050078697791702 0.3761766390203224 0.4676794154783634 0.6100170190325658 0.8336904342245702 1.2200355697376808 1.8808892059273499 2.9280885327543476 4.402302220351318 6.303530447199137 8.53010396426447 10.980353667467297 13.593276757575632 16.246869756857052 18.72762539559681 20.852537179143837 22.48943353199358 23.516310447291186 23.882330565847187 23.678997238670863 22.967312138755354 21.89977973393529 20.628906537256036 19.22586103423918 17.863482751000877 16.77561370150294 16.175761934011675 16.21643309095234 17.050133979641203 18.76836771044084 21.411803674135093 24.807602077496966 28.762588765054826 33.02258855776476 37.272421770726716 41.278246527431996 44.90789160523988 48.05968495483942 50.68279235372427 52.563703940460464 53.560081283027465 53.47874997239058 52.50271733296215 50.784487997697255 48.62907434160061 46.39232361233057 44.358914141090466 42.742353518023435 41.664647160410375 41.22746591569461 41.50197966264312 42.48818793983211 44.13525583635997 46.219507902921265 48.547770073451694 50.886199109654854 53.09245632212339 55.07503799614878 56.77294191084978 58.114997955524856 59.08087222503685 59.72140028902592 60.0060804070396 60.07725204883239 60.046752620247624 60.04675452964392 60.20942937057741 60.544944634124334 61.05329996046282 61.683660353787495 62.34452174639916 62.954547880419746 63.51373856311149 64.00175963747932 64.44911221859334 64.64228790729268 64.75412692222758 64.82529754598896 64.876133960965 64.9371374074243 64.93713832089813 64.9371391902559 64.93714001762821 64.93714088243361 64.93714162073374 64.93714231672833 64.9371429797727 64.93714368114277 64.93714427356949 64.93714484397184 64.93714543646489 64.93714594662632 64.93714643287844 64.9371469480403 64.93714738289152 64.93714784856336 64.93714824163976 64.93714862033332 64.9371490215418
69.47016977573794 69.47035654244833 70.42067964936241 71.24981328808987 72.14703682890296 73.0123898859024 73.86282269211563 74.67355295696726 75.46919771134382 76.2340112719267 76.96874229951707 77.68126436341049 78.37173595822497 79.04035825404881 79.68094336722511 80.36888543979711 80.9596766923333 81.53641806554563 82.08768669536087 82.67899155946085 83.19030396679725 83.67833575562159 84.15366562280157 84.66238372511242 85.10133946802182 85.52376853135137 85.9711131295875 86.36417903683427 86.73802723138085 87.09719929193294 87.48385166665813 87.81667057919564 88.13593659754294 88.44515889451952 88.74146924066548 89.02531911846296 89.29715208728331 89.55997432262731 89.83322489126161 90.08571478503505 90.2886176243993 90.50270249831347 90.70664283705739 90.88909852065018 91.06703981620747 91.25723258549462 91.43946142284848 91.61315565440651 91.76043713600853 91.84376201440627 91.89666784974186 91.84902264355699 91.63018152624393 91.08256074679737 90.06798266555879 88.63030668811291 86.73070553727699 84.36185963100999 81.60403423677516 78.46442338549356 75.0038400741839 71.35266721456205 67.64931492820945 64.03949067800632 60.704080546813394 57.8049728778565 55.34317383932044 53.31532208716305 51.76303709666575 50.621751788740475 49.861758466916044 49.43383994176876 49.206690969175234 49.07218857019963 48.95357077756251 48.823368706486484 48.65164070934252 48.45826532905527 48.255899850053865 48.03979161664237 47.80255561930609 47.5864480172995 47.418299057411545 47.24920809906082 47.03026211949706 46.65592722009406 45.96679613978257 44.86780398821146 43.29020516933263 41.12950805940935 38.489370319996226 35.4391135142264 32.02107415070946 28.346355175342726 24.516989199208048 20.66520234048162 16.92461380396802 13.468345253485476 10.449724938693809 7.899639700119088 5.899999862942117 4.389823997298636 3.2570296417044915 2.4813393109198816 1.919927008482262 1.5115860155374115 1.2257422884098956 1.0113303803173457 0.8581728992048653 0.7356375290180025 0.6437390839251558 0.5824740284318223 0.5211976232217876 0.4803554929907158 0.44972306595585076 0.41908575787991287 0.4088903673208084 0.3782444800791584 0.3578174706090023 0.3476115485699575 0.34762999248337023 0.32719598253267057 0.3272102375902847 0.3272236769523798 0.31701183423865203 0.31702381759453635 0.3272620496997234 0.3272732608705418 0.3375116625652094 0.34775007381289313 0.36821704326811194 0.38868456128914164 0.4193816010286415 0.45007982116117584 0.49100836194879505 0.5421665123950444 0.6137873834035223 0.6751807213104379 0.777496950053846 0.9105059186035381 1.0844431544354531 1.319768187424081 1.6062570908212885 2.046217627057514 2.649893397078609 3.4991338186787857 4.634883965119456 6.159456667694205 8.05240671603858 10.2728297177919 12.810477515895517 15.583508550031 18.530557425420575 21.53902797435218 24.45545120920765 27.146801380356788 29.428879392861504 31.20961234019305 32.32520232208377 32.82683103525177 32.81681223345329 32.35653201963994 31.589271215093458 30.596841514999415 29.51229320171952 28.48912675411576 27.639906530106114 27.118151279233242 27.015935320783413 27.41514717200739 28.27485948771701 29.533689051168974 31.119980239857775 32.962114759249374 34.978239786149636 37.09669326668731 39.19469933777273 41.21083033668251 43.03253981110243 44.59839750462136 45.816323600087706 46.66582259199878 47.14691666189983 47.24935756615884 47.00383253964363 46.45129875930221 45.65314538820764 44.68100941264206 43.63722910002738 42.593441119622426 41.64174454199017 40.88449370753346 40.4649576365321 40.454780554479235 40.853953405913494 41.65224910554422 42.77803163858446 44.12896210129226 45.57199865548627 46.963870578257016 48.30456799828672 49.594095571422464 50.83245714954171 51.948006074433394 52.86910743757608 53.58553119528904 54.15867311898808 54.67040970654981 55.27425562055592 56.21582176371395 57.60768769529214 59.33728174209133 61.261320903177015 63.16489226574089 64.88425311305933 66.24541692960497 67.16651375946424 67.57590395655339 67.55545998063675 67.1154157846255 66.23530484860748 64.94582457511844 63.41072318765106 61.73234199837288 60.09489401027691 58.651895008615746 57.608026478141774 57.075864307057365 57.13728227227605 57.741109893919536 58.81570716420218 60.340608726192585 62.274875543922526 64.63897870609597 67.29987290684386 70.18591791292546 73.15383789682389 76.07058619382272 78.78265135437694 81.13652190159405 82.94798018726036 84.16585741593427 84.7082776517236 84.6059444051394 83.81792087074832 82.49772031883828 80.7374485212798 78.67015065355159 76.41863686332687 74.15688898530284 71.99748155649614 70.10416237331471 68.48716575014686 67.20789728834126 66.23565352997838 65.58066926873242 65.21224204445973 65.14060642735137 65.3555274762388 65.86723990860966 66.69621211457714 67.83221025780347 69.31617048045938 71.07645383615778 73.0823580673514 75.27247746646398 77.60587582561678 79.92903974164369 82.2010329858129 84.2683421015897 86.06956245785314 87.50235156934426 88.50530478490812 89.03748476081925 89.10912618208181 88.77139971907928 88.09594471465614 87.10322938428982 86.64269223001604 85.997939487403 85.23037627889028 84.370705220263 83.47009728929274 83.47009846347059 83.47009958094175 83.47010064444486 83.4701017560644 83.47010270507424 83.47010359970463 83.47010445198086 83.47010535352088 83.47010611502527 83.47010684821959 83.47010760980923 83.47010826556996 83.4701088905977 83.47010955278596 83.47011011174307 83.47011071031693 83.47011121557674 83.47011170234886 83.47011221806163
55.35150884883752 54.023776982162346 53.12550276401899 51.85550149334431 50.4197723928649 48.81280663410092 47.110865218273055 45.39931363042474 43.799366563675356 42.41964962305593 41.34867232663659 40.559217314487064 40.01740978936824 39.74919208697779 39.68835165564122 39.84235331842462 40.071886639702974 40.36646528204568 40.657734896957244 40.969089747508676 41.25035223797242 41.50169893124807 41.756260255810815 42.02760850316875 42.264537587131976 42.49345146904657 42.75415903390782 42.99790288462013 43.26159417537323 43.528356778971585 43.82916132455717 44.12351236807832 44.412001325050014 44.716115264553814 45.01471647319319 45.29801854293843 45.58605736560169 45.85037068184901 46.1108683819198 46.356289059993706 46.586728815091284 46.82363138605917 47.045755416344065 47.25216689507168 47.43635082464537 47.58644682638762 47.6507502353603 47.62859563166047 47.479434929461924 47.142201261509406 46.63349489594693 45.895948594617764 44.96407055247783 43.81330443215856 42.438994577276844 40.930637223769466 39.2959064406735 37.58276467434916 35.85857246544326 34.155429496244324 32.551609506705134 31.078973908073078 29.783204975158025 28.67895793228409 27.791651508313677 27.153084220598334 26.721857532845856 26.511675802514464 26.539093443272716 26.78606620737024 27.2423569550064 27.87713606548875 28.690522218276413 29.674028699688876 30.82430796944397 32.11163418507234 33.52590290386699 34.99319698304675 36.42053028533057 37.88858778120506 39.367726679750675 40.82762879187606 42.26507274542408 43.61819333210647 44.88870820650566 46.03074312974514 46.97366897142933 47.777494662673824 48.45558794412632 49.07930975736688 49.53466751046952 49.81929881239594 49.99887374391106 50.05092564828744 50.017840141740244 49.94093879475299 49.82219403713738 49.734689878607114 49.6573660246805 49.57965594334444 49.56507330598507 49.60307573082461 49.70441943159149 49.85836752605114 50.096918812954414 50.39880229618678 50.722238311676186 51.08734461970399 51.46284909045771 51.84880891859986 52.23508192738877 52.58893341878454 52.9214019447355 53.201144559823554 53.437876748848694 53.6108665987955 53.74160321837701 53.84005140596663 53.93834085625449 54.004706010785505 54.09245564401402 54.19040372855333 54.32010227045451 54.492123789984106 54.696147728211024 54.91047069084814 55.16714226396697 55.44498344671942 55.712155507869824 55.94739559686244 56.19321329565597 56.396487295676806 56.58909435995544 56.73918846299297 56.857369568760916 56.93288100300584 56.997873771810504 57.04157161750979 57.04275425629727 57.03314425839006 57.012981956003955 56.98205205364017 56.94056169029047 56.88831621448988 56.83612055978619 56.77317391709495 56.720897247649255 56.657874544133314 56.594825287963644 56.55305664109663 56.58551259649101 56.70288314221601 56.915868538976156 57.203094085717375 57.55401294877271 57.873062161552255 58.11775583726655 58.26691702114325 58.331046683248665 58.363303865868424 58.41678097043867 58.43837882164515 58.50248231072615 58.71519980151478 59.172150492644626 59.92644312334948 60.956836864150326 62.24213354908519 63.67606973526294 65.02504657988334 66.08728582272234 66.79909232146929 67.202883424375 67.3411672546869 67.18210762730659 66.6831667017988 65.8550129074179 64.80380152071764 63.646393753406805 62.55267224401363 61.788180214896826 61.66087155032709 62.213265191719906 63.46659028938427 65.29339161054709 67.4812989034386 69.82851128099566 72.15448505399173 74.28929433264513 75.9992888772154 77.16763026880945 77.79434237986568 77.84754912566238 77.33787848963789 76.3077896061304 74.76791182171438 72.88817208264791 70.85973813692186 68.84191646099536 67.04712481279675 65.63465751303227 64.74258977049277 64.32844618386122 64.34973551204766 64.77460219741262 65.62429367960208 66.85631864738856 68.53440623121541 70.58421787990588 72.97388326240869 75.59720222761692 78.26300827230375 80.83322583788895 83.13792938116035 85.04967549288263 86.40914644426614 87.17386369456716 87.33320560294031 86.88717155390208 85.94196737467867 84.54007779483263 82.81956454767881 80.9716015447758 79.12363628368152 77.41373498069989 75.93748794390409 74.8010995283496 73.96208734575796 73.45231375010725 73.1655724746896 73.09124150468674 73.18684180399366 73.46299091405578 73.94093330988994 74.61004683791184 75.5128129458083 76.65985509572815 78.08303274537546 79.75048530686614 81.6197314740622 83.66952761951262 85.77242822352434 87.85408632989319 89.79767585763932 91.46512826025497 92.79272033689699 93.69548476885647 94.14156044047408 94.04598193648117 93.49371538879258 92.48475881950624 91.0934577965915 89.42601900207107 87.57802895492601 85.66631371971309 83.77583936681333 81.98095065909796 80.35599272792078 78.93282663164231 77.7220736925997 76.73435458762634 75.95904903533423 75.3855356574512 75.00319421639206 74.78016301587036 74.71644147650507 74.83327152149111 75.09879063087932 75.52362001943901 76.10775918658722 76.86182932394048 77.77520929455771 78.89038229648152 80.19672718765892 81.69424444811152 83.32983046199806 85.10348523928114 86.96210524015721 87.8754851037257 88.84196832348242 89.85093418069903 90.9342447438454 92.0812793392978 92.08128063460956 92.0812818673645 92.08128304058376 92.08128426688339 92.08128531379772 92.08128630072254 92.08128724092373 92.08128823547102 92.08128907553592 92.08128988437012 92.08129072452908 92.08129144794128 92.08129213744992 92.08129286795275 92.0812934845746 92.08129414490026 92.08129470228513 92.08129523927504 92.08129580819126
32.398636514265995 31.48719989367338 30.59220154657879 29.285883313359285 27.63790550698047 25.688948868249053 23.491534365771653 21.12949433997902 18.70682682430948 16.297876608680312 13.974086083688693 11.799035668368058 9.802563867054022 8.071282402527704 6.579814521925567 5.352854598852332 4.364567209837627 3.6049059870361138 3.032203897743581 2.5941702364270274 2.2661398033052182 2.0288156020717705 1.8723121558478812 1.7628849433137823 1.6870650039053814 1.6588471018459394 1.6552627391137325 1.6997825091327807 1.7566227592436858 1.850849385008737 2.0087893265291377 2.254395418666758 2.589410262768879 3.1030572926146673 3.8981446611564863 5.104112201868664 6.877205292724414 9.36264497590882 12.59150323493454 16.28603970082622 20.075193475493315 23.674906967231152 26.86214140316272 29.496289366841335 31.60039902283906 33.15075852004098 34.109828895626556 34.39679008842894 33.96199718921766 32.808443776086264 31.378567988370968 30.02909985679032 29.152518727365827 28.966405126935165 29.68894358667576 31.17009763180856 33.24420307340552 35.70548703211189 38.281483943934205 40.789703152877436 43.0083651855685 44.84329502753346 46.1519553251936 46.909142359983775 47.07911007889639 46.6201050032635 45.664135529483225 44.32180102824323 42.744673956702684 41.17765988188167 39.78148347070937 38.70451529314776 38.01421943025867 37.83431010101696 38.14758032777421 38.97039573750014 40.18287854582742 41.69106551449315 43.389905502921465 45.20808029854617 47.0673080233695 48.79422350826912 50.29061126802924 51.51764564942313 52.36941843808014 52.760601076467836 52.70829765325855 52.24897563161116 51.46652341124303 50.425453767325195 49.19559731681761 47.828595143126016 46.51563835426532 45.28258793544585 44.22417389599345 43.43421865923859 42.941643460146956 42.772730209090334 42.94123666423975 43.44732600301649 44.237025855657 45.2969366939001 46.58671130930184 47.998093540342474 49.558322798100406 51.11857069198522 52.611814142085755 53.95573930916848 55.11023798904414 55.99413747843539 56.56727369730127 56.84210386559688 56.81903813292436 56.484995757890005 55.90664537445663 55.084474030649424 54.14054607611605 53.168952748998144 52.23769771859316 51.41454444536801 50.808063059335836 50.390666815664794 50.1626959864223 50.13767680618121 50.34297992524207 50.79173101230449 51.47060697325583 52.406754216081595 53.613739333126055 55.13218039684178 56.98924049259511 59.06300416349829 61.13681694723915 62.89915762073579 64.29580452732023 65.3807458905874 66.20848590957767 66.79236980068363 67.10530527248743 67.06585185012543 66.59299581375396 65.7135564864859 64.5361287889859 63.53461768844471 63.18339137721729 63.61774722792089 64.6347142142078 65.71930166797932 66.46519239752413 66.73697791089953 66.60220632471092 66.30481346992356 65.9532733892469 65.54742216351842 64.95185534365393 63.9768938142412 62.595421951713206 60.92943835297845 59.45303054345452 58.559197308303006 58.369890584495614 58.91222015927242 59.983009469582136 61.56862911055328 63.79107301526655 66.66390680250716 70.02453655351698 73.65621631573978 77.12527485595122 79.9846048507695 82.07159930276497 83.4133829124128 84.0776240745557 84.13210485702159 83.53620190256458 82.15433957437786 79.94592417829412 77.08704916212616 73.83521423281867 70.56977878538949 67.77859826110411 65.59714199452003 64.01190098984546 62.928009812674674 62.22350295618534 61.87131377894649 61.8443272478487 62.237400120699014 63.118287354181405 64.52764206452503 66.641613344328 69.36537241343038 72.57695542547714 76.00536128115453 79.35245674679167 82.34723788837977 84.73224174230015 86.5210168434216 87.63225635605005 88.09306960563426 87.88988586447047 86.92785792151598 85.27474459262591 83.09313941645745 80.64051251002827 78.18788542191615 75.99271089823891 74.24470699447134 72.90322715856986 71.92761020164978 71.2501083253629 70.76231884747361 70.45068400194997 70.26100465299609 70.23393690400177 70.35592331695254 70.65406962933187 71.20968085392252 72.02275731578595 73.16105382386715 74.6516748180392 76.50816635799809 78.73053124473473 81.23746454604462 83.92055724791263 86.67140712014046 89.25964693257367 91.54976746556109 93.36560715776072 94.59875834731646 95.22211683485381 95.22213575675744 94.57170881705648 93.32504327352314 91.6311966677846 89.57147278147492 87.32203654421494 85.04549580272143 82.89091211767925 80.99379592540815 79.46255225949098 78.27008172578499 77.40283137744774 76.83370064595763 76.53558788516894 76.45429021249421 76.54915334855288 76.79307632841065 77.19961012475353 77.70100093051877 78.35145091422893 79.11030813425953 79.99112359743059 80.98034689990072 82.13218060800615 83.43307444729152 84.91013034937669 86.54979784561081 88.39272868936617 90.38471980639136 92.49866930347622 94.66682295752267 96.82142518441329 98.84051805101282 99.999928526986 99.99993187618455 99.99993539221659 99.99993838887535 99.99994156872278 99.99994425099416 99.99994710180194 99.99994950479926 98.36626237308093 96.06260490156029 93.58278527707152 91.03521071493954 88.54183968616285 86.21107956922802 84.84243620550329 83.51444555072293 82.30841321552998 81.19723736094664 80.19446893828845 80.19447006638788 80.19447114000597 80.19447216177387 80.19447322976998 80.19447414153771 80.19447500106 80.19447581989023 80.194476686051 80.19447741767156 80.19447812209303 80.19447885379552 80.19447948382215 80.19448008432182 80.19448072052374 80.19448125754562 80.19448183262956 80.1944823180614 80.19448278573105 80.19448328120565
50.0 50.0 50.0 50.0 50.0 50.0 50.0 50.0 50.0 50.0 50.0 50.0 50.0 50.0 50.0 50.0 50.0 50.0 50.0 50.0 50.0 50.0 50.0 50.0 50.0 50.0 50.0 50.0 50.0 50.0 50.0 50.0 50.0 50.0 50.0 50.0 50.0 50.0 50.0 50.0 50.0 50.0 50.0 50.0 50.0 50.0 50.0 50.0 50.0 50.0 50.0 50.0 50.0 50.0 50.0 50.0 50.0 50.0 50.0 50.0 50.0 50.0 50.0 50.0 50.0 50.0 50.0 50.0 50.0 50.0 50.0 50.0 50.0 50.0 50.0 50.0 50.0 50.0 50.0 50.0 50.0 50.0 50.0 50.0 50.0 50.0 50.0 50.0 50.0 50.0 50.0 50.0 50.0 50.0 50.0 50.0 50.0 50.0 50.0 50.0 50.0 50.0 50.0 50.0 50.0 50.0 50.0 50.0 50.0 50.0 50.0 50.0 50.0 50.0 50.0 50.0 50.0 50.0 50.0 50.0 50.0 50.0 50.0 50.0 50.0 50.0 50.0 50.0 50.0 50.0 50.0 50.0 50.0 50.0 50.0 50.0 50.0 50.0 50.0 50.0 50.0 50.0 50.0 50.0 50.0 50.0 50.0 50.0 50.0 50.0 50.0 50.0 50.0 50.0 50.0 50.0 50.0 50.0 50.0 50.0 50.0 50.0 50.0 50.0 50.0 50.0 50.0 50.0 50.0 50.0 50.0 50.0 50.0 50.0 50.0 50.0 50.0 50.0 50.0 50.0 50.0 50.0 50.0 50.0 50.0 50.0 50.0 50.0 50.0 50.0 50.0 50.0 50.0 50.0 50.0 50.0 50.0 50.0 50.0 50.0 50.0 50.0 50.0 50.0 50.0 50.0 50.0 50.0 50.0 50.0 50.0 50.0 50.0 50.0 50.0 50.0 50.0 50.0 50.0 50.0 50.0 50.0 50.0 50.0 50.0 50.0 50.0 50.0 50.0 50.0 50.0 50.0 50.0 50.0 50.0 50.0 50.0 50.0 50.0 50.0 50.0 50.0 50.0 50.0 50.0 50.0 50.0 50.0 50.0 50.0 50.0 50.0 50.0 50.0 50.0 50.0 50.0 50.0 50.0 50.0 50.0 50.0 50.0 50.0 50.0 50.0 50.0 50.0 50.0 50.0 50.0 50.0 50.0 50.0 50.0 50.0 50.0 50.0 50.0 50.0 50.0 50.0 50.0 50.0 50.0 50.0 50.0 50.0 50.0 50.0 50.0 50.0 50.0 50.0 50.0 50.0 50.0 50.0 50.0 50.0 50.0 50.0
50.0 50.0 50.0 50.0 50.0 50.0 50.0 50.0 50.0 50.0 50.0 50.0 50.0 50.0 50.0 50.0 50.0 50.0 50.0 50.0 50.0 50.0 50.0 50.0 50.0 50.0 50.0 50.0 50.0 50.0 50.0 50.0 50.0 50.0 50.0 50.0 50.0 50.0 50.0 50.0 50.0 50.0 50.0 50.0 50.0 50.0 50.0 50.0 50.0 50.0 50.0 50.0 50.0 50.0 50.0 50.0 50.0 50.0 50.0 50.0 50.0 50.0 50.0 50.0 50.0 50.0 50.0 50.0 50.0 50.0 50.0 50.0 50.0 50.0 50.0 50.0 50.0 50.0 50.0 50.0 50.0 50.0 50.0 50.0 50.0 50.0 50.0 50.0 50.0 50.0 50.0 50.0 50.0 50.0 50.0 50.0 50.0 50.0 50.0 50.0 50.0 50.0 50.0 50.0 50.0 50.0 50.0 50.0 50.0 50.0 50.0 50.0 50.0 50.0 50.0 50.0 50.0 50.0 50.0 50.0 50.0 50.0 50.0 50.0 50.0 50.0 50.0 50.0 50.0 50.0 50.0 50.0 50.0 50.0 50.0 50.0 50.0 50.0 50.0 50.0 50.0 50.0 50.0 50.0 50.0 50.0 50.0 50.0 50.0 50.0 50.0 50.0 50.0 50.0 50.0 50.0 50.0 50.0 50.0 50.0 50.0 50.0 50.0 50.0 50.0 50.0 50.0 50.0 50.0 50.0 50.0 50.0 50.0 50.0 50.0 50.0 50.0 50.0 50.0 50.0 50.0 50.0 50.0 50.0 50.0 50.0 50.0 50.0 50.0 50.0 50.0 50.0 50.0 50.0 50.0 50.0 50.0 50.0 50.0 50.0 50.0 50.0 50.0 50.0 50.0 50.0 50.0 50.0 50.0 50.0 50.0 50.0 50.0 50.0 50.0 50.0 50.0 50.0 50.0 50.0 50.0 50.0 50.0 50.0 50.0 50.0 50.0 50.0 50.0 50.0 50.0 50.0 50.0 50.0 50.0 50.0 50.0 50.0 50.0 50.0 50.0 50.0 50.0 50.0 50.0 50.0 50.0 50.0 50.0 50.0 50.0 50.0 50.0 50.0 50.0 50.0 50.0 50.0 50.0 50.0 50.0 50.0 50.0 50.0 50.0 50.0 50.0 50.0 50.0 50.0 50.0 50.0 50.0 50.0 50.0 50.0 50.0 50.0 50.0 50.0 50.0 50.0 50.0 50.0 50.0 50.0 50.0 50.0 50.0 50.0 50.0 50.0 50.0 50.0 50.0 50.0 50.0 50.0 50.0 50.0 50.0 50.0
50.0 50.0 50.0 50.0 50.0 50.0 50.0 50.0 50.0 50.0 50.0 50.0 50.0 50.0 50.0 50.0 50.0 50.0 50.0 50.0 50.0 50.0 50.0 50.0 50.0 50.0 50.0 50.0 50.0 50.0 50.0 50.0 50.0 50.0 50.0 50.0 50.0 50.0 50.0 50.0 50.0 50.0 50.0 50.0 50.0 50.0 50.0 50.0 50.0 50.0 50.0 50.0 50.0 50.0 50.0 50.0 50.0 50.0 50.0 50.0 50.0 50.0 50.0 50.0 50.0 50.0 50.0 50.0 50.0 50.0 50.0 50.0 50.0 50.0 50.0 50.0 50.0 50.0 50.0 50.0 50.0 50.0 50.0 50.0 50.0 50.0 50.0 50.0 50.0 50.0 50.0 50.0 50.0 50.0 50.0 50.0 50.0 50.0 50.0 50.0 50.0 50.0 50.0 50.0 50.0 50.0 50.0 50.0 50.0 50.0 50.0 50.0 50.0 50.0 50.0 50.0 50.0 50.0 50.0 50.0 50.0 50.0 50.0 50.0 50.0 50.0 50.0 50.0 50.0 50.0 50.0 50.0 50.0 50.0 50.0 50.0 50.0 50.0 50.0 50.0 50.0 50.0 50.0 50.0 50.0 50.0 50.0 50.0 50.0 50.0 50.0 50.0 50.0 50.0 50.0 50.0 50.0 50.0 50.0 50.0 50.0 50.0 50.0 50.0 50.0 50.0 50.0 50.0 50.0 50.0 50.0 50.0 50.0 50.0 50.0 50.0 50.0 50.0 50.0 50.0 50.0 50.0 50.0 50.0 50.0 50.0 50.0 50.0 50.0 50.0 50.0 50.0 50.0 50.0 50.0 50.0 50.0 50.0 50.0 50.0 50.0 50.0 50.0 50.0 50.0 50.0 50.0 50.0 50.0 50.0 50.0 50.0 50.0 50.0 50.0 50.0 50.0 50.0 50.0 50.0 50.0 50.0 50.0 50.0 50.0 50.0 50.0 50.0 50.0 50.0 50.0 50.0 50.0 50.0 50.0 50.0 50.0 50.0 50.0 50.0 50.0 50.0 50.0 50.0 50.0 50.0 50.0 50.0 50.0 50.0 50.0 50.0 50.0 50.0 50.0 50.0 50.0 50.0 50.0 50.0 50.0 50.0 50.0 50.0 50.0 50.0 50.0 50.0 50.0 50.0 50.0 50.0 50.0 50.0 50.0 50.0 50.0 50.0 50.0 50.0 50.0 50.0 50.0 50.0 50.0 50.0 50.0 50.0 50.0 50.0 50.0 50.0 50.0 50.0 50.0 50.0 50.0 50.0 50.0 50.0 50.0 50.0