4 302 9
300.00980000000004 300.01 301.04 301.96 302.98 303.99 305.01 306.01 307.02 308.02 309.01 310.0 310.99 311.98 312.96 314.05 315.02 316.0 316.97 318.05 319.02 319.98 320.95 322.03 323.0 323.97 325.04 326.02 326.99 327.96 329.05 330.03 331.01 332.0 332.99 333.98 334.97 335.97 336.98 337.99 339.0 340.02 341.04 341.95 342.98 344.02 344.95 345.99 347.04 347.98 349.03 349.98 351.04 352.0 352.95 354.03 354.99 355.95 357.04 358.01 358.98 359.95 361.05 362.02 363.0 363.98 364.95 366.06 367.04 368.02 368.99 369.97 370.95 372.05 373.03 374.0 374.98 375.95 377.04 378.0 378.97 380.05 381.01 381.96 383.04 383.98 385.05 385.99 387.04 387.98 389.02 389.95 390.99 392.02 393.05 393.96 394.98 395.99 397.0 398.01 399.01 400.0 401.0 401.98 402.97 403.95 405.04 406.02 406.99 407.96 409.04 410.01 410.97 412.05 413.01 413.98 415.05 416.02 416.98 417.95 419.03 420.0 420.98 421.95 423.04 424.03 425.01 426.0 427.0 427.99 429.0 430.0 431.01 432.03 433.05 433.96 434.99 436.02 437.06 437.99 439.03 439.97 441.02 441.97 443.03 443.98 445.05 446.0 446.96 448.04 449.01 449.97 451.06 452.03 453.0 453.98 454.95 456.05 457.02 458.0 458.98 459.95 461.05 462.03 463.0 463.98 464.95 466.04 467.01 467.98 468.95 470.03 470.99 471.95 473.03 473.98 475.04 475.99 477.05 477.99 479.04 479.97 481.01 482.05 482.96 483.99 485.01 486.03 487.05 488.06 488.95 489.95 490.95 492.05 493.04 494.02 495.0 495.98 496.95 498.03 499.0 499.97 501.04 502.01 502.97 504.04 505.0 505.96 507.03 507.99 508.96 510.03 511.0 511.97 513.05 514.02 515.0 515.98 516.96 517.95 519.05 520.05 521.05 522.05 522.95 523.96 524.98 526.0 527.03 528.06 528.98 530.02 530.95 532.0 533.05 533.99 535.05 536.0 536.95 538.02 538.98 540.06 541.02 541.98 542.95 544.03 545.0 545.97 546.94 548.04 549.01 549.98 550.96 552.05 553.02 553.99 554.97 556.06 557.02 557.99 558.96 560.04 561.0 561.96 563.03 563.99 565.05 566.0 567.06 568.0 569.05 569.98 571.03 571.95 572.99 574.02 575.04 575.95 576.96 577.98 578.98 579.98 580.98 581.97 582.96 583.95 585.04 586.02 586.99 587.96 589.04 590.0 590.97 592.03 592.99 593.95 595.02 595.97 597.04 597.99 598.95 600.02
0.0 13.54 26.89 39.77 51.58 60.9 70.0 80.0 90.0
71.04621016395508 71.04640116776291 72.01828385346005 72.86622769671244 73.78380616888882 74.6687911250516 75.53851734100292 76.36764030081241 77.18133551154482 77.96350007421718 78.7148996341819 79.44358638507431 80.14972241721287 80.83351346454663 81.48863126151679 82.19218038521053 82.79637466926383 83.38620033031759 83.9499753586079 84.55469490631351 85.07760724218844 85.57671080199597 86.0628242770298 86.58308345197726 87.03199759835246 87.46401013135127 87.92150344746943 88.32348667487035 88.70581620544317 89.0731366507707 89.46856084454765 89.8089302791267 90.1354393507316 90.45167684330286 90.75470945707075 91.04499891710968 91.32299884563508 91.59178361798111 91.85144626538978 92.09969055317852 92.33695734246406 92.56586954226188 92.7844541505615 92.9710893349243 93.17318282103754 93.3677742527981 93.53405936521106 93.71173239951312 93.88261661152673 94.02866297110008 94.18438485663707 94.31881549645519 94.46188429454403 94.58542075370688 94.70226648863779 94.82885690351769 94.93604806687371 95.03844139025932 95.14914329683194 95.24291166257191 95.33241284382228 95.4178333955487 95.50999053245954 95.58729270871683 95.66179417291137 95.73284107811558 95.79991360693788 95.87288634464566 95.93411680484175 95.99249202854743 96.04758736720244 96.10066204148657 96.1512532899957 96.20522202659778 96.25091305638466 96.2940256910437 96.33554686656555 96.37472162744773 96.41656929355862 96.45161159983884 96.48537523218569 96.52111622725911 96.55132623093068 96.57984487628777 96.61068154379724 96.63621327549419 96.66386764368347 96.68698301124962 96.7115629182347 96.7325092115749 96.75457488337798 96.77336594647879 96.79337823151243 96.81220601341629 96.8300954929486 96.84515725741967 96.86124996929159 96.87640124366878 96.89081077356828 96.90451466643113 96.9174214383261 96.92958212526521 96.94127239490082 96.95217806774735 96.96266791859347 96.9725548510528 96.982999373928 96.99191783358893 97.00032675625928 97.0083389344195 97.01681567800802 97.02404969561658 97.030872868898 97.03816852193908 97.04433180044235 97.0502666894374 97.05648882194265 97.0618495131912 97.06690556272832 97.07177414362293 97.076924672725 97.08131983319345 97.08554940776455 97.08953695981151 97.09379336556326 97.09746360545462 97.10092242038135 97.10424885260556 97.10744603498586 97.11045781552842 97.11338077725686 97.11613312262224 97.11877690707782 97.12131488878698 97.12372680159413 97.12577729541789 97.12798845762354 97.13008872078395 97.1828666503541 97.21504084745199 97.23717379421103 97.26920542065164 97.33179750298373 97.38400485809831 97.41599412425485 97.44775857304083 97.41869148922096 97.35894343357586 97.21791596158002 96.99572735320164 96.72258341639404 96.40875653595911 96.09499915048816 95.78107477372644 95.53818834165415 95.36635192809132 95.27570824151786 95.26636283740133 95.24673023699933 95.1966056012907 95.09567184890905 94.8829906019413 94.60941796808716 94.31543409665147 94.08235093403384 93.92033682699699 93.56533369508658 92.4283570486063 90.07258975398845 86.00043167423705 80.53685599226387 73.92562491971917 66.72524479508525 59.159185460133095 51.30871615987639 43.2245739497508 34.906797716117644 26.670206046076473 19.124197181780797 12.756266427421963 8.135187612464062 5.0070613887223345 3.148463704802515 2.010958635393553 1.3406415337127808 0.9445447550911203 0.6804797376902711 0.5179780238936129 0.40625795197891046 0.3250068723428608 0.2640684324935571 0.23359932859213575 0.20313012442233538 0.19297388937046067 0.1828175883096445 0.17266125091536877 0.1625048817570306 0.15234848287650352 0.15234863015394715 0.15234878594471982 0.14219232428299622 0.14219244247741628 0.13203595449296024 0.1218794340946655 0.12187952037228256 0.11172297746463565 0.11172304891919203 0.11172311702502906 0.10156653561830643 0.10156659155693626 0.09140998087441786 0.10156670187482524 0.10156675051127248 0.10156679684518424 0.0914101612716263 0.091410198909674 0.08125354233469782 0.08125357298806522 0.08125360217564473 0.08125363024415698 0.08125365984442927 0.07109697470481387 0.07109699595618474 0.07109701617112582 0.060940314445931315 0.06094033035635968 0.06094034562925468 0.06094036014276814 0.060940374066419827 0.06094038729116091 0.050783665451051056 0.05078367554244217 0.050783684132616976 0.050783693363041504 0.04062696169709824 0.040626967665169454 0.040626974067060416 0.04062697952329257 0.040626984726414066 0.050783737872893156 0.050783743812399904 0.05078375016227327 0.05078375552582592 0.05078376063801023 0.05078376556014221 0.05078377076678726 0.050783775209397766 0.05078377944168398 0.05078378347360318 0.050783787815407794 0.04062703316071506 0.0406270359314134 0.0406270385974903 0.04062704141333509 0.05078380474166681 0.05078380757582076 0.050783810302957116 0.05078381318329133 0.06094057871195607 0.060940581496448036 0.06094058414911497 0.0609405869551132 0.060940589325257644 0.06094059158432257 0.06094059397769866 0.07109736202184189 0.08125413088188527 0.08125413331679586 0.09141090288812428 0.09141090534001421 0.09141090794596486 0.10156767793618635 0.11172444861464181 0.12188121929538819 0.14219475914094673 0.15235153097241877 0.17266507197688039 0.19297861322136156 0.23360569399807377 0.274232776070893 0.3453301681591694 0.44689787169270523 0.5789358878840791 0.7820712981430852 1.117244726590296 1.6961806519801559 2.7727983482478105 5.078385310939607 9.22234782351121 15.113275001654909 21.41047315026036 26.89512970546575 30.65313525833898 33.557972106568016 37.021431382992034 41.155237609649184 46.09142886333148 51.769064453414416 51.7690648246564 51.76906513802399 51.76906543992532 51.769065759775955
70.84189413879645 70.84208459331195 71.81117232053342 72.65667763096033 73.57161731373789 74.4540572135472 75.32128225451663 76.14802080695063 76.95937597771801 77.73929117685506 78.4885298478569 79.21512102770922 79.91922634058808 80.60105092878901 81.25428472569808 81.95581056961204 82.55826730039885 83.14639672974194 83.7085504432204 84.31153092709646 84.83293946185763 85.33060769027668 85.8153231910517 86.33408619489542 86.78170934553962 87.21247948878454 87.66865713703427 88.06948433352217 88.4507143536523 88.81697845194634 89.21126547740229 89.5506560711706 89.8762261618568 90.19155421270924 90.49371535959668 90.78316999975594 91.06037045086714 91.32838224691812 91.58729815160993 91.8348285338148 92.07141298681277 92.29966687660834 92.51762287518726 92.70372133058258 92.90523363245394 93.09926545452137 93.26507236108588 93.4422344399399 93.61262721992806 93.75825357663837 93.91352763425307 94.04757167591312 94.19022903406616 94.31341022476022 94.4299199325327 94.55614629632063 94.66302919731643 94.7651280560601 94.87551160401125 94.96901030892444 95.05825410099727 95.14342899869717 95.23532110838335 95.31240097759073 95.38668818907568 95.45753077625594 95.52441041664048 95.59717329797903 95.65822767046801 95.7164350176093 95.77137191205493 95.82429395319423 95.87473971044099 95.92855324273702 95.97411287340255 96.01710152393734 96.05850329208303 96.09756539345231 96.13929271325927 96.17423424421713 96.20790077847613 96.24353898892484 96.27366211410063 96.30209874500193 96.33284673184399 96.35830503890753 96.38587987814553 96.40892877010363 96.43343798973068 96.4543240453272 96.47632626025701 96.49506328366573 96.51501801699432 96.53379165360946 96.55162968624064 96.56664813580664 96.58269456795561 96.59780227001346 96.6121703607163 96.62583484366677 96.6387044980248 96.65083021303207 96.66248686357076 96.67336117367856 96.68382085761465 96.69367935704797 96.70409384336818 96.71298665515536 96.72137139528802 96.72936053187584 96.73781289788599 96.7450261117709 96.75182966284247 96.75910433490755 96.76524988893878 96.77116771026861 96.77737194904839 96.7827172239204 96.78775873317532 96.79261331291359 96.79774903002735 96.80213155081081 96.80634896189193 96.81032504646186 96.81456921156203 96.81822889650859 96.82167776451041 96.82499463051838 96.91953953667124 96.98345199045247 97.01682529658376 97.06018161250164 97.12373559257254 97.1770347960075 97.1997530336615 97.21195781745449 97.17355927754208 97.08428230599418 96.93399495632147 96.70217465928133 96.41968752548563 96.13693721050551 95.86442915287569 95.59168285723345 95.35963209793758 95.1882806124621 95.04747852462336 94.9775439309542 94.88725590140682 94.7564219853011 94.60510170807825 94.40294498613204 94.17039250712135 93.78534650576684 93.1869873090084 92.20267455171852 90.6495835668745 88.33483977670744 84.97388649884846 80.63789643573904 75.3065366804547 69.06103809299641 62.04362862548742 54.55888673582174 46.87092167677988 39.16255512424827 31.69785262911326 24.700279248671045 18.413568955790435 13.142446923441984 8.907241988664907 5.7485973439097515 3.5751119300630054 2.264922221375 1.4625558919996893 0.9750401708529652 0.6906556412628106 0.5078364008392829 0.3859567698959113 0.3047034491133988 0.2539201928356105 0.21329342356812528 0.17266650258482355 0.16251000491439876 0.14219651346716236 0.12188296536883045 0.1117262581714217 0.10156950407623554 0.1015696736691094 0.1015698332896753 0.09141297067590338 0.09141310005440424 0.09141322312338102 0.10157039064280855 0.09141346130031255 0.1015706274379996 0.10157073682680583 0.11172792508348006 0.10157093917495742 0.11172814734485297 0.11172824483177078 0.11172833770355671 0.1117284350582269 0.10157138084042995 0.10157145274211511 0.10157152891877098 0.10157159388077527 0.10157165579833378 0.09141454925751212 0.09141459960484946 0.09141464808049964 0.08125751012979457 0.09141474267105636 0.08125758610996096 0.08125762532170559 0.08125765877945619 0.07110047960213212 0.07110050642519805 0.0711005319656341 0.060943334165859675 0.06094335636719739 0.06094337551755076 0.060943393733941545 0.06094341106191859 0.06094342593335847 0.06094344184459919 0.060943457118273994 0.050786226360440404 0.05078623796407591 0.05078624898525617 0.050786258360818466 0.050786268452724825 0.05078627704333823 0.05078628627423404 0.05078629503301253 0.06094356299217892 0.05078631049625473 0.050786317316893155 0.0507863238211271 0.050786330786358275 0.05078633672616828 0.050786343076365856 0.050786348440192364 0.05078635355263769 0.050786358475020985 0.05078636368193187 0.050786368124769214 0.060943646828725814 0.060943651667275896 0.06094365687770745 0.06094366124051344 0.07110094296290201 0.0711009476287748 0.07110095255675479 0.08125823625367377 0.08125824078855162 0.08125824515219258 0.09141553098108296 0.10157281702146019 0.12188738599502048 0.13204467390901067 0.15235924614113527 0.18283110248015874 0.22346024464829944 0.2640893904107252 0.33519039136288914 0.4367632525871771 0.599279829647765 0.8532119879853004 1.320447159680961 2.1736592325186153 3.615993950334464 5.72870966474302 8.481334526735282 11.660565583716346 14.951526928074257 18.171387379721082 21.35061874688548 24.580636689121107 27.7293964254184 30.390606400797058 32.05640217470277 32.574424369314066 32.02593123830177 30.59375394264794 28.674026719952657 26.632411994677742 24.69237005917579 22.87421553651196 21.127161990118346 19.603568789102738 18.669098322843407 18.79098596335021 18.496424730525796 18.61831235442676 19.055075962054893 19.73561454583847 20.649770787632384 20.64977093571429 20.64977106071112 20.649771181134263 20.649771308717064
70.61283323924613 70.61302307794405 71.57897734707213 72.42174879204647 73.33373009956713 74.21331670924768 75.07773765596734 75.90180302357454 76.71053475029755 77.4879281637136 78.23474423879189 78.9589860513484 79.66081470296197 80.34043467261893 80.99155629673879 81.69081381986857 82.29132256094715 82.8775503266239 83.43788636657938 84.03891716723865 84.55863977435126 85.05469883726921 85.5378470540242 86.05493268430587 86.50110848571143 86.93048577240287 87.38518841121459 87.78471956897697 88.16471691609055 88.5297967323316 88.92280886611745 89.26110207089505 89.58561945994553 89.89992792587776 90.20111206184595 90.48963077643376 90.76593492479276 91.03308012878209 91.29115885215968 91.5378888671143 91.77370834554064 92.00122419689217 92.21847545433303 92.4039721770938 92.60483290704295 92.79823734464749 92.96350812947738 93.14009737066743 93.30993920091132 93.45509468788173 93.60986668078253 93.74347730307773 93.88567339148095 94.00845628686274 94.12458927096354 94.2504074931456 94.35694479788447 94.45871352914199 94.56874016180879 94.6619365470605 94.75089177735023 94.83579126967139 94.9273862544774 95.00421689285332 95.07826390331466 95.14887742735446 95.21554081843097 95.28806842753045 95.34892538619174 95.40694452510598 95.46170378603951 95.51445470851382 95.56473735393708 95.61837688501159 95.66378920270488 95.7066388533007 95.74790675254904 95.78684255012328 95.82843494839084 95.86326349904786 95.89682117559326 95.93234415309058 95.96236987784768 95.99071456145799 96.0213631274473 96.04673911736239 96.07422479583532 96.09719916127221 96.12162913253975 96.14244765495212 96.16437872769686 96.1830551666239 96.2029453781152 96.22165831186317 96.23943866681859 96.25440855557733 96.27040310302971 96.28546195569037 96.33019724787606 96.37423981056216 96.44791997962355 96.5005895287875 96.51222805942852 96.54337408067893 96.56396510554724 96.57381138372315 96.52332776541434 96.49161009208403 96.44922891272282 96.36584391730227 96.29305595364593 96.15811041891747 96.01258457352486 95.89796400468622 95.68066797100525 95.46311890829827 95.18489307698825 94.83469800364563 94.32166614528084 93.57479227607439 92.46244766392132 90.86169837082525 88.77305492314206 86.13544436270904 82.98989180320208 79.47783879293202 75.75199734389432 71.88354899979306 67.99442380600297 64.18620692451586 60.62156666199719 57.45290849847218 54.731126471427096 52.374971680870594 50.24219840083483 48.068490221104476 45.68134937370777 42.79606714817249 39.56507803826403 35.998453564857094 32.147162047971236 28.092378111193398 23.90535756413224 19.66732599239838 15.54098872976263 11.729588479734302 8.466973228000588 5.834455430097954 3.943893844676904 2.612353959019352 1.7381995023194856 1.2096363326564286 0.8640352888910632 0.6302432613098798 0.48793451253111825 0.38628472341115977 0.3049640308846539 0.25413885256143 0.21347815552190072 0.18298252932091286 0.16265219784132318 0.14232154802564023 0.13215659803933952 0.12199138889211504 0.11182603004049003 0.1016605436202085 0.10166103035042398 0.10166154985859956 0.10166198895954236 0.10166240727580628 0.09149652521196044 0.09149690461045197 0.08133086673747529 0.0813311382504701 0.09149785709007414 0.08133167121821472 0.07116543765589059 0.07116562971069967 0.06099928586325173 0.06099943321268736 0.06099958982137069 0.060999721830272274 0.06099986236263507 0.05083332981221912 0.050833422461106934 0.050833522365580704 0.061000339629130554 0.06100044681186047 0.07116730677661684 0.07116741861871863 0.0711675125988195 0.08133441522690496 0.08133452472700126 0.09150146889684659 0.10166842080488565 0.10166853579772227 0.11183550982117045 0.11183562450560698 0.12200261740221233 0.11183584698122731 0.12200284861321857 0.12200295002555576 0.12200305633302624 0.12200314791166811 0.12200323427686131 0.12200332577696436 0.1321703541237226 0.1321704346941392 0.1423374831360628 0.14233756152963728 0.15250461108095562 0.1525046958551265 0.16267175347610677 0.1728388169159666 0.19317288859433207 0.20333996645588082 0.23384105407241063 0.2643421608499007 0.30501029516056316 0.3761794939800011 0.4676827845116276 0.6100212149641683 0.8336959096483516 1.2200431415009485 1.8809003021253619 2.928105018595238 4.40232566252013 6.3035624960845436 8.530145391249071 10.980404078398875 13.593336076867262 16.246937447505452 18.72769952471941 20.852616018827675 22.48951467025545 23.51639017800347 23.882407796240592 23.679069913808654 22.96737904075588 21.899841185801833 20.62896144983482 19.22590979757123 17.863525691177763 16.775651882497215 16.175796807238292 16.21646672077355 17.05016744186953 18.768402934266096 21.41184166722949 24.807643938634133 28.76263513379836 33.0226388426093 37.27247596718531 41.27830412306004 44.90795073707548 48.05974529796673 50.68285237484877 52.563763618794816 53.560139242689665 53.47880510424531 52.5027683611062 50.78453525155707 48.62911742849464 46.392362753888 44.35894951668712 42.74238597614274 41.66467742361061 41.227494391314615 41.502006771081355 42.48821434306704 44.13528205822565 46.21953399171757 48.54779597648513 50.886224941410276 53.092482078739 55.07506351790859 56.7729667697672 58.115022155147436 59.08089572653001 59.72142275728763 60.00610196305315 60.07727246126661 60.04677211965681 60.04677296433763 60.20944704629646 60.544961453730394 61.0533162672638 61.68367593752805 62.344536822636314 62.95456228757674 63.51375239957711 64.00177285143573 64.4491249672675 64.64230009159915 64.75413848975467 64.82530854173054 64.87614446147568 64.93714738289152 64.93714784856336 64.93714824163976 64.93714862033332 64.9371490215418
69.47016977573794 69.47035654244833 70.42067964936241 71.24981328808987 72.14703682890296 73.0123898859024 73.86282269211563 74.67355295696726 75.46919771134382 76.2340112719267 76.96874229951707 77.68126436341049 78.37173595822497 79.04035825404881 79.68094336722511 80.36888543979711 80.9596766923333 81.53641806554563 82.08768669536087 82.67899155946085 83.19030396679725 83.67833575562159 84.15366562280157 84.66238372511242 85.10133946802182 85.52376853135137 85.9711131295875 86.36417903683427 86.73802723138085 87.09719929193294 87.48385166665813 87.81667057919564 88.13593659754294 88.44515889451952 88.74146924066548 89.02531911846296 89.29715208728331 89.55997432262731 89.81387679199577 90.05661419880104 90.2886176243993 90.51245179299173 90.72618747029098 90.90868246775656 91.10629285061103 91.2965675995401 91.45916395709173 91.63289561468544 91.79998904856717 91.94279561588829 92.09506307394251 92.22651159666701 92.36640665468498 92.50712666463528 92.63137929291744 92.72523859504624 92.82005297469937 92.91015437767378 93.01837723022803 93.0899832545871 93.17746129697811 93.28105029374153 93.37114366745575 93.42657970317536 93.43894489479624 93.40751242638454 93.29133734154179 92.998885686131 92.38130942315341 91.29507063158107 89.76937403842828 87.79466168200291 85.34965867219776 82.50977318338543 79.29484999422115 75.76039971696179 72.03892576357288 68.26180023835289 64.59507132706074 61.20527479176787 58.2593646610293 55.759809308884385 53.69260540920715 52.11145168815685 50.9477547452016 50.16733535511422 49.723550907352845 49.480857825401614 49.330462031783036 49.19851236534253 49.056878136209114 48.87274929557537 48.66877045383221 48.45391359468656 48.2283036285586 47.98080543416857 47.75413937093086 47.57794993712332 47.40134017600853 47.173300638178844 46.791694414752016 46.09315197163568 44.98580752774292 43.39790975888682 41.227368793845166 38.5760836532757 35.515882806676736 32.08675479370488 28.40143642606578 24.56211971887886 20.701831492577234 16.95305988014725 13.48982083632862 10.465617549414745 7.911037569314283 5.9080870257216995 4.39557144869869 3.2610807877095005 2.484275581656788 1.922087386210353 1.5132129084570232 1.2269849344975146 1.0123066725449434 0.858962151999997 0.7362855504897724 0.6442742099501868 0.5829355260276321 0.521591759512426 0.4806984285019649 0.4500295072872735 0.4193582992775719 0.4091416434622544 0.37846632287950577 0.3580180395600262 0.3477975897137299 0.34780493247983985 0.3273532711485453 0.327360349726273 0.32736713686477725 0.31714251097426605 0.31714846969338717 0.32738435657031467 0.32738998029478494 0.3376259084644898 0.3478624536705511 0.36832987565039843 0.38879821340957904 0.41949787936123323 0.4501980883172777 0.4911313012490151 0.5422965721585163 0.6139267977687852 0.6753267753052226 0.7776561168887247 0.9106841663679837 1.0846441561695515 1.320001892099838 1.606527586036167 2.046546522449115 2.6502958971727586 3.4996413420146633 4.635518344369668 6.160266041945662 8.053416144583457 10.27404381918391 12.811920508675623 15.58518239368812 18.53244225158166 21.541115094791323 24.457708749943137 27.14918647155745 29.43135471627234 31.212081463849458 32.32763754252368 32.82919638208544 32.8190607741424 32.35865256032308 31.59121759357808 30.598643052365343 29.51394639819367 28.49065108390533 27.64131289933963 27.11945499327861 27.017176516062232 27.416343865383254 28.27603843841199 29.534852631779252 31.12115199813205 32.96330087504414 34.97942857925744 37.09789234817262 39.19589759695947 41.212034497297616 43.033734437537355 44.59958139853983 45.81747401609864 46.666943605728505 47.14798896119051 47.25037453231082 47.00480661711364 46.45221062377614 45.65399511847206 44.68180147269963 43.63796254952403 42.5941202391002 41.64238472758424 40.885090534837 40.46551852858442 40.455310584717196 40.85446213011944 41.65274274646279 42.778516330103784 44.12943797769784 45.5724668275023 46.96432768703932 48.30501589799714 49.59453385317137 50.83288125885214 51.94841915796276 52.869508683039854 53.58591721064722 54.15904564316527 54.670768765079394 55.274598662667756 56.21615340573077 57.608012040394 59.33759771189661 61.26163237260989 63.1651990299996 64.8845509974211 66.24570601598761 67.1667936007466 67.57617144067714 67.55571539565224 67.11565792625942 66.23552941563919 64.94603459614498 63.410917806662944 61.732521819901486 60.095062639525764 58.652051135495256 57.60817259171863 57.07600150581885 57.13741231570015 57.74123437762662 58.815829136876765 60.340727149380875 62.27499241926128 64.63909340146947 67.299986470791 70.18603106104484 73.15394929116111 76.07069680526622 78.7827612799834 81.13662873696981 82.94808433568608 84.16595708939685 84.7083738254811 84.60603596086224 83.81800727960118 82.49780049955596 80.73752364571689 78.67022035778699 76.41870133831391 74.15694812435628 71.9975362306695 70.104213293614 68.48721305391545 67.20794118747925 66.23569469048924 65.58070823185766 65.21227885378497 65.14064118361935 65.35556065317147 65.86727186262532 66.69624302158633 67.83223995919388 69.31619934435378 71.07648210931508 73.08238556224501 75.2725045066328 77.6059021937475 79.92906569756943 82.20105822199557 84.26836684029848 86.06958636829097 87.50237494045496 88.50532714486049 89.03750629198508 89.10914657471767 88.77141905792546 88.09596290315565 87.10324661417323 86.64270856113842 85.99795484987548 85.23039073576479 84.3707188760627 83.47011011174307 83.47011071031693 83.47011121557674 83.47011170234886 83.47011221806163
55.545642928694555 55.77875378221534 56.730700610503014 57.804827190706966 58.86339070625734 59.87138429489455 60.87423926644361 61.83454961834647 62.738037198392455 63.54426019267336 64.22551787730796 64.7592898161945 65.07209280110054 65.07947297458956 64.70733275992673 64.03524113951086 62.95847230180975 61.5112382453209 59.74328862877197 57.78000205310721 55.61730314141413 53.371353189475215 51.162941998503044 49.134731670446335 47.3537853046912 45.94455067721886 44.88754255953774 44.09843295396156 43.62032994061053 43.38232113779857 43.369551645339364 43.465831538565254 43.63370760174058 43.80656792775547 43.973168383795816 44.14367536390045 44.28844679903103 44.43881996871786 44.58488275290786 44.725514070261035 44.86092062025147 45.01260502086803 45.1696043596457 45.34175670662577 45.53197177694064 45.73932118290142 45.953684254010845 46.17413099086567 46.41225074258834 46.638611145570025 46.859971030099445 47.081490842681795 47.287128158518584 47.483366507056225 47.666236592282885 47.843965921732035 48.02256535712621 48.1886250205378 48.3591537019464 48.49009161642976 48.587757723996816 48.61043536427135 48.542552798627696 48.34154402647668 47.96098776096119 47.40018170300981 46.61665742015273 45.63571071934802 44.4380395150493 43.01718427348922 41.456673454844044 39.77796318010772 38.02282395081467 36.25657369118612 34.516912780800574 32.879955815852504 31.377886511785064 30.052857011629257 28.927764940171414 28.021109160390385 27.36652845806402 26.92302549789863 26.699284405973266 26.7177268450052 26.958567878430713 27.40931124866651 28.04051224700257 28.850378329816316 29.830207063334313 30.978538903292755 32.26521575030796 33.67826909101246 35.145209178432616 36.569978655492896 38.03726565159002 39.51452406121511 40.9715025337275 42.40737342214636 43.758634338660656 45.02523337217628 46.164691059517615 47.102792545759556 47.90315076747498 48.57614383409531 49.19608570546528 49.646264974834686 49.92721890240227 50.10142989680869 50.14818215860423 50.109912259571146 50.02945930438899 49.905932782577146 49.81399297283019 49.7328881261987 49.65119115946025 49.633012428920495 49.66801939763939 49.76624259022452 49.917366980463676 50.15328984537978 50.453045623241785 50.77366004329894 51.136662012369655 51.51017894383308 51.89448241966471 52.278503792639725 52.63059993978689 52.96142178390695 53.23912593398266 53.47428932213869 53.64573101553556 53.77462914359094 53.871628939556146 53.96857514422007 54.03360924290386 54.119676925848175 54.216453967710244 54.345022354370485 54.51601397842668 54.718694249393586 54.93206119932299 55.1877597493612 55.464757462255726 55.73101377563595 55.9654757090665 56.21043252610823 56.412977738068236 56.604784331854326 56.75409777939319 56.87160558950686 56.94653857289948 57.010820148044516 57.05391075744755 57.05443187721542 57.044309513064015 57.02354932248361 56.992142440820324 56.950150534789735 56.89746006350743 56.84475356513713 56.781408443725795 56.728660669676245 56.6653195879533 56.60191986653532 56.55974040269656 56.59188647959053 56.70897366804229 56.9216577074043 57.208637035333794 57.559325896287405 57.878146831726944 58.12264424092233 58.27152676193831 58.33544105503787 58.36750925066031 58.42078356849739 58.44220868078064 58.50608695143126 58.718656943531826 59.175465151722236 59.92964952778666 60.959938460020226 62.24512586013493 63.67899521003148 65.02788497582625 66.09004140322607 66.80172409999432 67.20541380948775 67.34359047366729 67.18439092192072 66.6853221109076 65.8570262249211 64.80569505658825 63.6481606410876 62.55433274601364 61.789731673115654 61.662352777481246 62.214680156787814 63.467956305292866 65.29474470918333 67.48262359835066 69.82981098113352 72.15576413623131 74.2905429785069 76.0005006271003 77.16881661692648 77.79547801304547 77.84862818453573 77.33889175466064 76.30873981085816 74.76879793234379 72.8889979336166 70.8605022717639 68.8426236904294 67.04777739592508 65.63526610442044 64.74316192520486 64.32898289395712 64.3502472124548 64.7750937985869 65.62476641887824 66.85677851085383 68.53485634423376 70.58465593843587 72.97431376764835 75.59762785800129 78.26342502121369 80.83363681627854 83.1383331457258 85.0500659569334 86.40952352254159 87.17422689409084 87.33355129193015 86.88750005863395 85.94227743948508 84.5403644231553 82.81983236859075 80.97185006130883 79.12386676470273 77.41395220747424 75.93769008371608 74.80128924941579 73.96226513556289 73.4524809262488 73.16573021190159 73.09139308212488 73.18698543892427 73.46312878686362 73.94106451064732 74.61017273727909 75.51293468152151 76.65997182882097 78.08314628304352 79.75059658289346 81.61983894569738 83.66963267390409 85.77252979956928 87.85418607525254 89.79777303155755 91.46522255270135 92.79281052347287 93.69557195046401 94.14164385286664 94.04606128379376 93.49378994868722 92.48482905151475 91.09352396250772 89.42608076820875 87.57808615951258 85.6663669549278 83.77588914014682 81.98099693359156 80.35603560247431 78.9328667009245 77.72211139772233 76.73439014630843 75.95908229518767 75.38556704868539 75.00322405154833 74.78019114950862 74.71646831692881 74.83329694757471 75.0988150182439 75.52364320561806 76.10778152958868 76.86185067643653 77.77523006763403 78.8904022273229 80.19674658094071 81.69426314385068 83.32984861539856 85.10350280995031 86.96212244212485 87.87550166721495 88.84198419400563 89.85094942131789 90.93425946198518 92.0812934845746 92.08129414490026 92.08129470228513 92.08129523927504 92.08129580819126
29.891953016373247 29.961388445081276 30.451593922924125 31.196274036090568 31.938964517374302 32.66568001609131 33.41486412925008 34.165029154562845 34.93806666956765 35.705288047302304 36.42263756926872 37.07002192146434 37.56718033884672 37.84259081743785 37.81972837472934 37.48144440738143 36.69469469011635 35.42110850487743 33.74058545674517 31.67246025019543 29.269983742167405 26.61328701541205 23.811969982065364 20.985575558077766 18.19360029391487 15.527296769484416 13.058183830786112 10.802241018184413 8.85733729308788 7.19222680483261 5.826736742168368 4.734230379200191 3.896685346885206 3.267039995069914 2.7843890436832046 2.4250881357137186 2.1650461106725003 1.9925956565372114 1.8701520572741026 1.785299304743568 1.7512676797094873 1.742700349278193 1.785633677088851 1.8410870725676791 1.9360441835538733 2.096336261479418 2.3479040922419814 2.692149984124758 3.2207599493244197 4.038769257807582 5.280110645175859 7.102809427361707 9.656030830166811 12.966291548168154 16.746254656541307 20.616963176915377 24.28111048850089 27.514696020291122 30.187305363067697 32.302363421620946 33.848314609724085 34.79680014747774 35.056838792470295 34.57866305251432 33.37827526704414 31.89445327972408 30.500649916269808 29.587977579337032 29.37943787446607 30.093426337604022 31.570692437865993 33.65202143389683 36.12356513055269 38.70637753242338 41.22140013602906 43.44218821875016 45.27459067182829 46.569807223635955 47.31610705447184 47.46781177434378 46.98657507650267 46.00790509000382 44.63544212945566 43.032386365988735 41.44284309635569 40.02528357525146 38.93134619504109 38.22602475241745 38.03343711208212 38.33845361335961 39.15678096911813 40.3654988919554 41.87217358529629 43.5679520774251 45.385480447155416 47.24281619092556 48.96617097924904 50.45993282721175 51.68352115818661 52.52869554392693 52.91413266877396 52.853184862175304 52.38639185245055 51.594570408435736 50.54543263828085 49.30643088438575 47.932202909910515 46.61104980180361 45.37057884517771 44.30558111666487 43.5112059819471 43.013817707386934 42.84093230027114 43.006544446232496 43.510013284647314 44.29766179418072 45.35624247526622 46.64465661228299 48.05489165613 49.61408778100942 51.173588692856235 52.665151508043 54.00782571925467 55.160922308501824 56.04346259025738 56.614296817500694 56.88714019853927 56.862005414296284 56.52532153990102 55.9447401668763 55.12029676921628 54.173817164410266 53.20013667894448 52.26697873781642 51.4420614271671 50.83363151592594 50.41489045733389 50.18570880379899 50.15965793783224 50.36373200944584 50.81170205398518 51.489842961272494 52.42544467115354 53.631887298198855 55.14999706188928 57.00670364886948 59.08027430059949 61.15376782709929 62.91568558787241 64.31190299290297 65.3964300100447 66.22352436472954 66.80681821741507 67.11904286855524 67.07898118615573 66.60533883752852 65.72519304929887 64.54699673417598 63.54482981969044 63.19298848818261 63.62697450900451 64.64356080494223 65.72793741516669 66.47352429937818 66.74486526618585 66.60970850429372 66.3119353507957 65.95998179268234 65.55377367412017 64.95785120355565 63.98251476104609 62.600686981050536 60.93425873703094 59.45750943994375 58.56341680825371 58.373889969721226 58.91608107241065 59.986705333227725 61.57225426205323 63.79464641352029 66.66747369944666 70.02809953060928 73.65975736257407 77.1288182286271 79.98809624354574 82.07502136642114 83.41666926769427 84.08078984300836 84.13513228469566 83.53904101801696 82.15699506032139 79.94836828271914 77.08930160857717 73.83726397236781 70.57165210677785 67.7803001345525 65.59871777938189 64.01335686269752 62.92936423650787 62.22479243640556 61.87252834677337 61.84547834042071 62.23850340281754 63.11934823905068 64.52867090787342 66.64263786914793 69.36638500144169 72.57796142770368 76.00635708781012 79.35344486451793 82.34821382526255 84.73320179112457 86.52194986583007 87.63315662312937 88.09392703316911 87.89070081543802 86.92862613581971 85.27545606350799 83.09380016188138 80.64112452414028 78.18844866583521 75.99323360532293 74.24519461099855 72.90367960929441 71.92803453446152 71.25050948056574 70.76269565536658 70.45104219263648 70.26134587996943 70.23425934882411 70.35623034105036 70.65436400110052 71.20996272154058 72.02302962084731 73.16131777719151 74.65192792029433 76.50841376918646 78.7307728830165 81.23770118448375 83.92079273315251 86.67163783282817 89.25987332544076 91.5499875325695 93.36581965619897 94.59896229220332 95.22231430754996 95.22232263768473 94.5718863059781 93.32520886943614 91.63135128918172 89.5716171814343 87.32216951304699 85.04561946425112 82.891027775551 80.99390257285148 79.46265203165785 78.270174417172 77.40291925694832 76.833783791002 76.53566678658146 76.4543645195155 76.54922457587254 76.79314436949896 77.19967525865368 77.70106289595057 78.35151041354361 79.1103655961909 79.99117884692966 80.98039979498549 82.13223164702111 83.43312401697973 84.91017827725813 86.54984402491635 88.39277356085172 90.38476365451305 92.49871216733808 94.66686440886647 96.82146550175011 98.84055736830234 99.99996614875229 99.99996779920887 99.99996936917181 99.99997086256678 99.99997226927117 99.99997360803903 99.99997488215134 99.99997621390877 98.36628722430251 96.06262813155024 93.58280669350489 91.03523054695685 88.54185796672289 86.21109662263532 84.84245219729871 83.51446046954983 82.30842717677776 81.19725050310548 80.19448125754562 80.19448183262956 80.1944823180614 80.19448278573105 80.19448328120565
50.0 50.0 50.0 50.0 50.0 50.0 50.0 50.0 50.0 50.0 50.0 50.0 50.0 50.0 50.0 50.0 50.0 50.0 50.0 50.0 50.0 50.0 50.0 50.0 50.0 50.0 50.0 50.0 50.0 50.0 50.0 50.0 50.0 50.0 50.0 50.0 50.0 50.0 50.0 50.0 50.0 50.0 50.0 50.0 50.0 50.0 50.0 50.0 50.0 50.0 50.0 50.0 50.0 50.0 50.0 50.0 50.0 50.0 50.0 50.0 50.0 50.0 50.0 50.0 50.0 50.0 50.0 50.0 50.0 50.0 50.0 50.0 50.0 50.0 50.0 50.0 50.0 50.0 50.0 50.0 50.0 50.0 50.0 50.0 50.0 50.0 50.0 50.0 50.0 50.0 50.0 50.0 50.0 50.0 50.0 50.0 50.0 50.0 50.0 50.0 50.0 50.0 50.0 50.0 50.0 50.0 50.0 50.0 50.0 50.0 50.0 50.0 50.0 50.0 50.0 50.0 50.0 50.0 50.0 50.0 50.0 50.0 50.0 50.0 50.0 50.0 50.0 50.0 50.0 50.0 50.0 50.0 50.0 50.0 50.0 50.0 50.0 50.0 50.0 50.0 50.0 50.0 50.0 50.0 50.0 50.0 50.0 50.0 50.0 50.0 50.0 50.0 50.0 50.0 50.0 50.0 50.0 50.0 50.0 50.0 50.0 50.0 50.0 50.0 50.0 50.0 50.0 50.0 50.0 50.0 50.0 50.0 50.0 50.0 50.0 50.0 50.0 50.0 50.0 50.0 50.0 50.0 50.0 50.0 50.0 50.0 50.0 50.0 50.0 50.0 50.0 50.0 50.0 50.0 50.0 50.0 50.0 50.0 50.0 50.0 50.0 50.0 50.0 50.0 50.0 50.0 50.0 50.0 50.0 50.0 50.0 50.0 50.0 50.0 50.0 50.0 50.0 50.0 50.0 50.0 50.0 50.0 50.0 50.0 50.0 50.0 50.0 50.0 50.0 50.0 50.0 50.0 50.0 50.0 50.0 50.0 50.0 50.0 50.0 50.0 50.0 50.0 50.0 50.0 50.0 50.0 50.0 50.0 50.0 50.0 50.0 50.0 50.0 50.0 50.0 50.0 50.0 50.0 50.0 50.0 50.0 50.0 50.0 50.0 50.0 50.0 50.0 50.0 50.0 50.0 50.0 50.0 50.0 50.0 50.0 50.0 50.0 50.0 50.0 50.0 50.0 50.0 50.0 50.0 50.0 50.0 50.0 50.0 50.0 50.0 50.0 50.0 50.0 50.0 50.0 50.0 50.0 50.0 50.0 50.0 50.0 50.0
50.0 50.0 50.0 50.0 50.0 50.0 50.0 50.0 50.0 50.0 50.0 50.0 50.0 50.0 50.0 50.0 50.0 50.0 50.0 50.0 50.0 50.0 50.0 50.0 50.0 50.0 50.0 50.0 50.0 50.0 50.0 50.0 50.0 50.0 50.0 50.0 50.0 50.0 50.0 50.0 50.0 50.0 50.0 50.0 50.0 50.0 50.0 50.0 50.0 50.0 50.0 50.0 50.0 50.0 50.0 50.0 50.0 50.0 50.0 50.0 50.0 50.0 50.0 50.0 50.0 50.0 50.0 50.0 50.0 50.0 50.0 50.0 50.0 50.0 50.0 50.0 50.0 50.0 50.0 50.0 50.0 50.0 50.0 50.0 50.0 50.0 50.0 50.0 50.0 50.0 50.0 50.0 50.0 50.0 50.0 50.0 50.0 50.0 50.0 50.0 50.0 50.0 50.0 50.0 50.0 50.0 50.0 50.0 50.0 50.0 50.0 50.0 50.0 50.0 50.0 50.0 50.0 50.0 50.0 50.0 50.0 50.0 50.0 50.0 50.0 50.0 50.0 50.0 50.0 50.0 50.0 50.0 50.0 50.0 50.0 50.0 50.0 50.0 50.0 50.0 50.0 50.0 50.0 50.0 50.0 50.0 50.0 50.0 50.0 50.0 50.0 50.0 50.0 50.0 50.0 50.0 50.0 50.0 50.0 50.0 50.0 50.0 50.0 50.0 50.0 50.0 50.0 50.0 50.0 50.0 50.0 50.0 50.0 50.0 50.0 50.0 50.0 50.0 50.0 50.0 50.0 50.0 50.0 50.0 50.0 50.0 50.0 50.0 50.0 50.0 50.0 50.0 50.0 50.0 50.0 50.0 50.0 50.0 50.0 50.0 50.0 50.0 50.0 50.0 50.0 50.0 50.0 50.0 50.0 50.0 50.0 50.0 50.0 50.0 50.0 50.0 50.0 50.0 50.0 50.0 50.0 50.0 50.0 50.0 50.0 50.0 50.0 50.0 50.0 50.0 50.0 50.0 50.0 50.0 50.0 50.0 50.0 50.0 50.0 50.0 50.0 50.0 50.0 50.0 50.0 50.0 50.0 50.0 50.0 50.0 50.0 50.0 50.0 50.0 50.0 50.0 50.0 50.0 50.0 50.0 50.0 50.0 50.0 50.0 50.0 50.0 50.0 50.0 50.0 50.0 50.0 50.0 50.0 50.0 50.0 50.0 50.0 50.0 50.0 50.0 50.0 50.0 50.0 50.0 50.0 50.0 50.0 50.0 50.0 50.0 50.0 50.0 50.0 50.0 50.0 50.0 50.0 50.0 50.0 50.0 50.0 50.0
50.0 50.0 50.0 50.0 50.0 50.0 50.0 50.0 50.0 50.0 50.0 50.0 50.0 50.0 50.0 50.0 50.0 50.0 50.0 50.0 50.0 50.0 50.0 50.0 50.0 50.0 50.0 50.0 50.0 50.0 50.0 50.0 50.0 50.0 50.0 50.0 50.0 50.0 50.0 50.0 50.0 50.0 50.0 50.0 50.0 50.0 50.0 50.0 50.0 50.0 50.0 50.0 50.0 50.0 50.0 50.0 50.0 50.0 50.0 50.0 50.0 50.0 50.0 50.0 50.0 50.0 50.0 50.0 50.0 50.0 50.0 50.0 50.0 50.0 50.0 50.0 50.0 50.0 50.0 50.0 50.0 50.0 50.0 50.0 50.0 50.0 50.0 50.0 50.0 50.0 50.0 50.0 50.0 50.0 50.0 50.0 50.0 50.0 50.0 50.0 50.0 50.0 50.0 50.0 50.0 50.0 50.0 50.0 50.0 50.0 50.0 50.0 50.0 50.0 50.0 50.0 50.0 50.0 50.0 50.0 50.0 50.0 50.0 50.0 50.0 50.0 50.0 50.0 50.0 50.0 50.0 50.0 50.0 50.0 50.0 50.0 50.0 50.0 50.0 50.0 50.0 50.0 50.0 50.0 50.0 50.0 50.0 50.0 50.0 50.0 50.0 50.0 50.0 50.0 50.0 50.0 50.0 50.0 50.0 50.0 50.0 50.0 50.0 50.0 50.0 50.0 50.0 50.0 50.0 50.0 50.0 50.0 50.0 50.0 50.0 50.0 50.0 50.0 50.0 50.0 50.0 50.0 50.0 50.0 50.0 50.0 50.0 50.0 50.0 50.0 50.0 50.0 50.0 50.0 50.0 50.0 50.0 50.0 50.0 50.0 50.0 50.0 50.0 50.0 50.0 50.0 50.0 50.0 50.0 50.0 50.0 50.0 50.0 50.0 50.0 50.0 50.0 50.0 50.0 50.0 50.0 50.0 50.0 50.0 50.0 50.0 50.0 50.0 50.0 50.0 50.0 50.0 50.0 50.0 50.0 50.0 50.0 50.0 50.0 50.0 50.0 50.0 50.0 50.0 50.0 50.0 50.0 50.0 50.0 50.0 50.0 50.0 50.0 50.0 50.0 50.0 50.0 50.0 50.0 50.0 50.0 50.0 50.0 50.0 50.0 50.0 50.0 50.0 50.0 50.0 50.0 50.0 50.0 50.0 50.0 50.0 50.0 50.0 50.0 50.0 50.0 50.0 50.0 50.0 50.0 50.0 50.0 50.0 50.0 50.0 50.0 50.0 50.0 50.0 50.0 50.0 50.0 50.0 50.0 50.0 50.0 50.0