4 302 9
300.00980000000004 300.01 301.04 301.96 302.98 303.99 305.01 306.01 307.02 308.02 309.01 310.0 310.99 311.98 312.96 314.05 315.02 316.0 316.97 318.05 319.02 319.98 320.95 322.03 323.0 323.97 325.04 326.02 326.99 327.96 329.05 330.03 331.01 332.0 332.99 333.98 334.97 335.97 336.98 337.99 339.0 340.02 341.04 341.95 342.98 344.02 344.95 345.99 347.04 347.98 349.03 349.98 351.04 352.0 352.95 354.03 354.99 355.95 357.04 358.01 358.98 359.95 361.05 362.02 363.0 363.98 364.95 366.06 367.04 368.02 368.99 369.97 370.95 372.05 373.03 374.0 374.98 375.95 377.04 378.0 378.97 380.05 381.01 381.96 383.04 383.98 385.05 385.99 387.04 387.98 389.02 389.95 390.99 392.02 393.05 393.96 394.98 395.99 397.0 398.01 399.01 400.0 401.0 401.98 402.97 403.95 405.04 406.02 406.99 407.96 409.04 410.01 410.97 412.05 413.01 413.98 415.05 416.02 416.98 417.95 419.03 420.0 420.98 421.95 423.04 424.03 425.01 426.0 427.0 427.99 429.0 430.0 431.01 432.03 433.05 433.96 434.99 436.02 437.06 437.99 439.03 439.97 441.02 441.97 443.03 443.98 445.05 446.0 446.96 448.04 449.01 449.97 451.06 452.03 453.0 453.98 454.95 456.05 457.02 458.0 458.98 459.95 461.05 462.03 463.0 463.98 464.95 466.04 467.01 467.98 468.95 470.03 470.99 471.95 473.03 473.98 475.04 475.99 477.05 477.99 479.04 479.97 481.01 482.05 482.96 483.99 485.01 486.03 487.05 488.06 488.95 489.95 490.95 492.05 493.04 494.02 495.0 495.98 496.95 498.03 499.0 499.97 501.04 502.01 502.97 504.04 505.0 505.96 507.03 507.99 508.96 510.03 511.0 511.97 513.05 514.02 515.0 515.98 516.96 517.95 519.05 520.05 521.05 522.05 522.95 523.96 524.98 526.0 527.03 528.06 528.98 530.02 530.95 532.0 533.05 533.99 535.05 536.0 536.95 538.02 538.98 540.06 541.02 541.98 542.95 544.03 545.0 545.97 546.94 548.04 549.01 549.98 550.96 552.05 553.02 553.99 554.97 556.06 557.02 557.99 558.96 560.04 561.0 561.96 563.03 563.99 565.05 566.0 567.06 568.0 569.05 569.98 571.03 571.95 572.99 574.02 575.04 575.95 576.96 577.98 578.98 579.98 580.98 581.97 582.96 583.95 585.04 586.02 586.99 587.96 589.04 590.0 590.97 592.03 592.99 593.95 595.02 595.97 597.04 597.99 598.95 600.02
0.0 13.54 26.89 39.77 51.58 60.9 70.0 80.0 90.0
71.04621016395508 71.04640116776291 72.01828385346005 72.86622769671244 73.78380616888882 74.6687911250516 75.53851734100292 76.36764030081241 77.18133551154482 77.96350007421718 78.7148996341819 79.44358638507431 80.14972241721287 80.83351346454663 81.48863126151679 82.19218038521053 82.79637466926383 83.38620033031759 83.9499753586079 84.55469490631351 85.07760724218844 85.57671080199597 86.0628242770298 86.58308345197726 87.03199759835246 87.46401013135127 87.92150344746943 88.32348667487035 88.70581620544317 89.0731366507707 89.46856084454765 89.8089302791267 90.1354393507316 90.45167684330286 90.75470945707075 91.04499891710968 91.32299884563508 91.59178361798111 91.85144626538978 92.09969055317852 92.33695734246406 92.56586954226188 92.7844541505615 92.9710893349243 93.17318282103754 93.3677742527981 93.53405936521106 93.71173239951312 93.88261661152673 94.02866297110008 94.18438485663707 94.31881549645519 94.46188429454403 94.58542075370688 94.70226648863779 94.82885690351769 94.93604806687371 95.03844139025932 95.14914329683194 95.24291166257191 95.33241284382228 95.4178333955487 95.50999053245954 95.58729270871683 95.66179417291137 95.73284107811558 95.79991360693788 95.87288634464566 95.93411680484175 95.99249202854743 96.04758736720244 96.10066204148657 96.1512532899957 96.20522202659778 96.25091305638466 96.2940256910437 96.33554686656555 96.37472162744773 96.41656929355862 96.45161159983884 96.48537523218569 96.52111622725911 96.55132623093068 96.57984487628777 96.61068154379724 96.63621327549419 96.66386764368347 96.68698301124962 96.7115629182347 96.7325092115749 96.75457488337798 96.77336594647879 96.79337823151243 96.81220601341629 96.8300954929486 96.84515725741967 96.86124996929159 96.87640124366878 96.89081077356828 96.90451466643113 96.9174214383261 96.92958212526521 96.94127239490082 96.95217806774735 96.96266791859347 96.9725548510528 96.982999373928 96.99191783358893 97.00032675625928 97.0083389344195 97.01681567800802 97.02404969561658 97.030872868898 97.03816852193908 97.04433180044235 97.0502666894374 97.05648882194265 97.0618495131912 97.06690556272832 97.07177414362293 97.076924672725 97.08131983319345 97.08554940776455 97.08953695981151 97.09379336556326 97.09746360545462 97.10092242038135 97.10424885260556 97.10744603498586 97.11045781552842 97.11338077725686 97.11613312262224 97.11877690707782 97.12131488878698 97.12372680159413 97.12577729541789 97.12798845762354 97.13008872078395 97.13210251190323 97.13381679243585 97.13564181781528 97.13721171809753 97.13888031619501 97.14031638801238 97.19260952234391 97.22437098435616 97.24607133544603 97.27770943822034 97.33976837348091 97.3917526219176 97.42325094980413 97.45469101280804 97.4252797051446 97.36524013257943 97.22391743016547 97.00131973348188 96.72789607764419 96.41390563674324 96.09977697331531 95.78561809594343 95.54251182769504 95.37045539364559 95.27968649383786 95.27006431147706 95.2502557653609 95.19996079328176 95.09885864764907 94.88607184981086 94.61227265172583 94.318139933708 94.08492230924749 93.92281621892606 93.56768345466061 92.43051448457878 90.07462462825488 86.00227730415642 80.53852368018997 73.92704867075044 66.72648724604346 59.16023243609309 51.30957280670217 43.225260183371724 34.90732178518143 26.67059281082561 19.124454605917926 12.75643239133814 8.135287610297123 5.0071208976382575 3.1484991278365553 2.0109800226214514 1.3406551188134437 0.9445538069160272 0.6804859168148235 0.5179825451522891 0.4062613073547656 0.3250094134877529 0.2640704328551748 0.2336010070773054 0.20313150687192957 0.19297512886331175 0.18281870264956654 0.17266225157971976 0.1625057901451818 0.15234929261833188 0.15234940046535317 0.15234951472450314 0.14219297135169898 0.14219305803185517 0.13203649630379838 0.12187990986832349 0.12187997449922382 0.11172337206230774 0.11172342556239973 0.11172347652970266 0.10156684585736256 0.10156688767741556 0.09141023512653505 0.10156696623508155 0.10156700271955593 0.10156703780519624 0.09141036732498292 0.0914103960490464 0.08125370966421112 0.08125373276700093 0.08125375259457508 0.08125377380847958 0.08125379417233956 0.0710970868332295 0.0710971030774898 0.0710971185063544 0.06094039854126126 0.060940410650930595 0.06094042095914036 0.0609404320356498 0.060940442545647365 0.060940451497754185 0.05078371758382553 0.05078372440411572 0.05078373090801759 0.050783737872893156 0.040626995049919915 0.040627000129818604 0.04062700442066073 0.04062700851040818 0.040627012448113765 0.05078377076678726 0.050783775209397766 0.05078377944168398 0.05078378347360318 0.050783787815407794 0.05078379145089383 0.05078379491426676 0.05078379824686288 0.05078380176666887 0.05078380474166681 0.05078380757582076 0.04062704824236569 0.040627050546633056 0.04062705247463738 0.040627054330965355 0.05078382012426248 0.050783822462594344 0.05078382443771471 0.050783826320268816 0.06094059397769866 0.06094059601872161 0.06094059816141395 0.0609405999875969 0.06094060192541619 0.06094060356000948 0.06094060529730991 0.07109737455533044 0.08125414444701222 0.08125414619692545 0.0914109165906086 0.09141091858345125 0.09141092045834844 0.10156769116913768 0.11172446234690483 0.12188123380928578 0.14219477512436388 0.15235154716796767 0.17266508936893593 0.19297863200933268 0.23360571555978915 0.2742328000207438 0.34533019721767605 0.4468979073626855 0.5789359316521354 0.7820713542523037 1.117244803856091 1.6961807631468202 2.772798517404421 5.07838560934746 9.222348339027919 15.113275805320333 21.410474227391525 26.89513099325905 30.653136676635864 33.55797355621567 37.02143290730387 41.15523925026725
70.84189413879645 70.84208459331195 71.81117232053342 72.65667763096033 73.57161731373789 74.4540572135472 75.32128225451663 76.14802080695063 76.95937597771801 77.73929117685506 78.4885298478569 79.21512102770922 79.91922634058808 80.60105092878901 81.25428472569808 81.95581056961204 82.55826730039885 83.14639672974194 83.7085504432204 84.31153092709646 84.83293946185763 85.33060769027668 85.8153231910517 86.33408619489542 86.78170934553962 87.21247948878454 87.66865713703427 88.06948433352217 88.4507143536523 88.81697845194634 89.21126547740229 89.5506560711706 89.8762261618568 90.19155421270924 90.49371535959668 90.78316999975594 91.06037045086714 91.32838224691812 91.58729815160993 91.8348285338148 92.07141298681277 92.29966687660834 92.51762287518726 92.70372133058258 92.90523363245394 93.09926545452137 93.26507236108588 93.4422344399399 93.61262721992806 93.75825357663837 93.91352763425307 94.04757167591312 94.19022903406616 94.31341022476022 94.4299199325327 94.55614629632063 94.66302919731643 94.7651280560601 94.87551160401125 94.96901030892444 95.05825410099727 95.14342899869717 95.23532110838335 95.31240097759073 95.38668818907568 95.45753077625594 95.52441041664048 95.59717329797903 95.65822767046801 95.7164350176093 95.77137191205493 95.82429395319423 95.87473971044099 95.92855324273702 95.97411287340255 96.01710152393734 96.05850329208303 96.09756539345231 96.13929271325927 96.17423424421713 96.20790077847613 96.24353898892484 96.27366211410063 96.30209874500193 96.33284673184399 96.35830503890753 96.38587987814553 96.40892877010363 96.43343798973068 96.4543240453272 96.47632626025701 96.49506328366573 96.51501801699432 96.53379165360946 96.55162968624064 96.56664813580664 96.58269456795561 96.59780227001346 96.6121703607163 96.62583484366677 96.6387044980248 96.65083021303207 96.66248686357076 96.67336117367856 96.68382085761465 96.69367935704797 96.70409384336818 96.71298665515536 96.72137139528802 96.72936053187584 96.73781289788599 96.7450261117709 96.75182966284247 96.75910433490755 96.76524988893878 96.77116771026861 96.77737194904839 96.7827172239204 96.78775873317532 96.79261331291359 96.79774903002735 96.80213155081081 96.80634896189193 96.81032504646186 96.81456921156203 96.81822889650859 96.82167776451041 96.82499463051838 96.82818261838155 96.83118573758908 96.8341002934093 96.8368447235282 96.8394809049388 96.84201158787252 96.9357887993942 96.99875143477392 97.03141845318876 97.07412917042568 97.13706187777599 97.18954387217984 97.21167737668485 97.2234023859939 97.18445624639054 97.09450514986897 96.94371287818231 96.7114555742574 96.42851026387002 96.145342236531 95.87227985500661 95.59928802589484 95.36673573857482 95.19505231282291 95.05390638053011 94.98368661271657 94.89311349339303 94.76188525631515 94.6102980628504 94.40798695841255 94.1750746389174 93.78979516171913 93.19120439377645 92.2066418891639 90.65336865462444 88.3382719337635 84.9770317810655 80.64073850791786 75.30906031556387 69.06328079398153 62.0455006899745 54.56045198819964 46.8722027111614 39.1635889719364 31.69864867535977 24.700855795443946 18.41398494580164 13.14272896962226 8.907426432168895 5.748708057500683 3.575178500088442 2.264962305076265 1.4625803107331166 0.9750556505971443 0.6906660103392942 0.5078437653574961 0.38596196512515496 0.3047074134220761 0.2539233140259584 0.2132959585600946 0.17266844523748598 0.16251173326348048 0.14219795438473862 0.12188413340587231 0.11172727270635459 0.10157039064280855 0.10157051255590285 0.1015706274379996 0.09141366314412523 0.09141375688648368 0.09141384525746167 0.10157104304077542 0.09141401849872154 0.10157121609414246 0.10157130459838809 0.11172851892447294 0.10157145274211511 0.11172868181064807 0.1117287532688528 0.11172882137816716 0.11172889353695926 0.10157177733872162 0.10157183120055517 0.1015718876622432 0.10157193630117374 0.10157198263745121 0.09141482848691879 0.0914148661268882 0.09141490234559842 0.08125772162879777 0.09141496967010097 0.0812577788878129 0.08125780848959652 0.08125783402340102 0.07110062602293181 0.07110064623890502 0.07110066358891823 0.06094344184459919 0.060943457118273994 0.06094347163252848 0.06094348555689108 0.06094349878230739 0.06094351003298215 0.060943522143269785 0.060943532452005865 0.05078628627423404 0.05078629503301253 0.05078630249348244 0.05078631049625473 0.050786317316893155 0.0507863238211271 0.050786330786358275 0.05078633672616828 0.06094361169163902 0.050786348440192364 0.05078635355263769 0.050786358475020985 0.05078636368193187 0.050786368124769214 0.05078637235727152 0.050786376389396586 0.05078638073142288 0.05078638436709453 0.05078638783064429 0.05078639116341057 0.06094367362007552 0.06094367719025533 0.06094368059141372 0.060943683864144435 0.0711009685408423 0.07110097191502214 0.07110097516376196 0.0812582608670835 0.0812582646086055 0.08125826776895945 0.09141555462884977 0.10157284246566356 0.12188741504105058 0.1320447042705419 0.15235927872400806 0.1828311402825644 0.2234602885613934 0.26408943946487845 0.335190450452352 0.43676332550345726 0.5992799246435708 0.8532121158816838 1.320447350984819 2.1736595300504815 3.615994421451585 5.728710368869547 8.481335536712221 11.660566894423471 14.951528517478605 18.17138921007261 21.350620825534516 24.580638957904387 27.729398847138064 30.390608958076207 32.0564047333438 32.57442683196886 32.02593353598228 30.593756058433907 28.6740285992312 26.6324136194077 24.692371510108845 22.87421681514952 21.127163113578984 19.603569775331056 18.66909921675766 18.79098683279461 18.49642552954007 18.618313121012836 19.05507672166907
70.61283323924613 70.61302307794405 71.57897734707213 72.42174879204647 73.33373009956713 74.21331670924768 75.07773765596734 75.90180302357454 76.71053475029755 77.4879281637136 78.23474423879189 78.9589860513484 79.66081470296197 80.34043467261893 80.99155629673879 81.69081381986857 82.29132256094715 82.8775503266239 83.43788636657938 84.03891716723865 84.55863977435126 85.05469883726921 85.5378470540242 86.05493268430587 86.50110848571143 86.93048577240287 87.38518841121459 87.78471956897697 88.16471691609055 88.5297967323316 88.92280886611745 89.26110207089505 89.58561945994553 89.89992792587776 90.20111206184595 90.48963077643376 90.76593492479276 91.03308012878209 91.29115885215968 91.5378888671143 91.77370834554064 92.00122419689217 92.21847545433303 92.4039721770938 92.60483290704295 92.79823734464749 92.96350812947738 93.14009737066743 93.30993920091132 93.45509468788173 93.60986668078253 93.74347730307773 93.88567339148095 94.00845628686274 94.12458927096354 94.2504074931456 94.35694479788447 94.45871352914199 94.56874016180879 94.6619365470605 94.75089177735023 94.83579126967139 94.9273862544774 95.00421689285332 95.07826390331466 95.14887742735446 95.21554081843097 95.28806842753045 95.34892538619174 95.40694452510598 95.46170378603951 95.51445470851382 95.56473735393708 95.61837688501159 95.66378920270488 95.7066388533007 95.74790675254904 95.78684255012328 95.82843494839084 95.86326349904786 95.89682117559326 95.93234415309058 95.96236987784768 95.99071456145799 96.0213631274473 96.04673911736239 96.07422479583532 96.09719916127221 96.12162913253975 96.14244765495212 96.16437872769686 96.1830551666239 96.2029453781152 96.22165831186317 96.23943866681859 96.25440855557733 96.27040310302971 96.28546195569037 96.29978358846292 96.3134038885355 96.3262319300225 96.3383184376198 96.34993739742633 96.36077654642945 96.40163862501679 96.44190766991893 96.51318023305883 96.56264935067097 96.57102105698807 96.59929814208614 96.61789021366246 96.62509448556341 96.57097435374523 96.53762220821139 96.49298394656297 96.4074939810003 96.33243313008754 96.19557287326316 96.04823912306675 95.93117475822454 95.7128028492948 95.49366421287067 95.21339327092464 94.86175014258485 94.34779350916119 93.59955628266428 92.48530469708557 90.88315841740622 88.79307675443216 86.15400483029444 83.00663393594621 79.49312047816552 75.7659262849908 71.89618250720984 68.00582356358954 64.196332500363 60.63068528666085 57.46116448723991 54.73863609403803 52.38171362881803 50.24836205032241 48.07414922791055 45.68647204539729 42.80057351627368 39.56904455524259 36.00190848805798 32.150103625649294 28.094834161656348 23.90731526463938 19.668890703122365 15.542146427172476 11.730422923407717 8.46754583113242 5.834832774062437 3.944137309626539 2.612504576754422 1.7382949760425273 1.2097009381924066 0.8640782485410266 0.630273156549811 0.48795659352396953 0.38630134464102345 0.3049767647061681 0.254148726858573 0.21348605735002643 0.18298897851637527 0.16265764856067838 0.14232616980203938 0.13216058564740507 0.12199488873096753 0.1118290863701739 0.10166322734494665 0.1016635834218441 0.10166392281308761 0.10166428565563795 0.10166458902276838 0.0914984198432879 0.09149866677089956 0.0813323811510023 0.08133257761691648 0.09149938473205602 0.08133296244036303 0.07116650608974093 0.07116666173710677 0.061000106953328324 0.061000226838696846 0.061000339629130554 0.06100044681186047 0.061000548665671575 0.050833870441941875 0.05083393757058535 0.0508340095168156 0.061000893545250935 0.061000979264564395 0.07116789456341996 0.0711679750584056 0.0711680517043812 0.08133499964044144 0.08133507826814156 0.09150205662100415 0.10166904051101548 0.10166912502129648 0.11183613497194071 0.1118362189190291 0.12200323427686131 0.11183638196221733 0.12200340380651316 0.12200347817920541 0.12200355697376808 0.12200362416826052 0.1220036888647645 0.12200375668410121 0.13217079969933676 0.13217085999456268 0.1423379179116131 0.1423379765191166 0.15250503526461562 0.1525050927980196 0.16267215741896704 0.1728392269637843 0.1931733240374114 0.2033404049880561 0.23384153563307425 0.2643426806585389 0.30501085980411263 0.3761801586389716 0.4676835576811223 0.6100221770404397 0.8336971657716613 1.2200448975998748 1.8809028976966669 2.9281088766467893 4.402331104345007 6.303569932556391 8.530154976647523 10.980415647316796 13.593350031321274 16.246953079547545 18.72771677426841 20.852634295301563 22.48953313308754 23.516408969742066 23.88242563948581 23.67908680868849 22.967394712477248 21.89985537087538 20.628974203669213 19.225920882284502 17.863535521995356 16.775660860141937 16.17580505403789 16.216474431638495 17.050175176478387 18.768411185016955 21.411850634430824 24.807653591503875 28.762645811122802 33.02265072221384 37.27248869850043 41.27831724776349 44.907964339854004 48.059759386208256 50.68286648150655 52.563777216217616 53.560152659616705 53.47881784836128 52.50278043326628 50.78454611211258 48.62912748311663 46.39237187064248 44.35895775628623 42.742393511038415 41.664684379400214 41.22750092655718 41.50201299222761 42.48822049867823 44.13528809949129 46.219540013523485 48.54780194358644 50.88623100105968 53.09248804660514 55.07506937259794 56.77297248834467 58.1150278130975 59.08090117967389 59.72142797299956 60.00610701238817 60.077277256445235 60.04677665924496 60.04677727235598 60.20945121022821 60.54496542181092 61.05331999186644 61.683679562084315 62.34454030761118 62.954565635256515 63.513755594865785 64.00177591597028 64.4491279492787 64.6423028840372 64.75414115592656 64.82531112593558
69.47016977573794 69.47035654244833 70.42067964936241 71.24981328808987 72.14703682890296 73.0123898859024 73.86282269211563 74.67355295696726 75.46919771134382 76.2340112719267 76.96874229951707 77.68126436341049 78.37173595822497 79.04035825404881 79.68094336722511 80.36888543979711 80.9596766923333 81.53641806554563 82.08768669536087 82.67899155946085 83.19030396679725 83.67833575562159 84.15366562280157 84.66238372511242 85.10133946802182 85.52376853135137 85.9711131295875 86.36417903683427 86.73802723138085 87.09719929193294 87.48385166665813 87.81667057919564 88.13593659754294 88.44515889451952 88.74146924066548 89.02531911846296 89.29715208728331 89.55997432262731 89.81387679199577 90.05661419880104 90.2886176243993 90.51245179299173 90.72618747029098 90.90868246775656 91.10629285061103 91.2965675995401 91.45916395709173 91.63289561468544 91.79998904856717 91.94279561588829 92.09506307394251 92.22651159666701 92.36640665468498 92.4872026657844 92.60145637508836 92.72523859504624 92.83005190316804 92.93017380331001 93.03841997472928 93.15017074376033 93.24774601993921 93.30114963661887 93.38120304514025 93.4467147419045 93.51954782332312 93.56883800915895 93.63439438995326 93.7259128055014 93.78577207324838 93.82261965238897 93.81577358940542 93.76639910330584 93.63347699135505 93.32125887498216 92.68637349746409 91.58184865383733 90.03851087689375 88.04503424051642 85.58516917850463 82.72108757333872 79.488008089756 75.9390657315162 72.20028378889599 68.40708815203101 64.725118421056 61.32241743042467 58.36714114493322 55.855629794675416 53.781713716253236 52.19382456981772 51.02363706439531 50.238536241478826 49.790170694703924 49.544942373018095 49.390922916707396 49.25580557857144 49.110964950151924 48.92478446247187 48.7177606028557 48.500113507707894 48.27179818659736 48.02263275184369 47.7935917016261 47.615165460162174 47.43649443829844 47.206422728472404 46.82335541725802 46.12279461750318 45.01321183210281 43.42304858786821 41.250391774696084 38.59656851556129 35.53341443023835 32.102055393273154 28.414320985392386 24.572735657153917 20.710297104798947 16.959664660846588 13.494830320110944 10.469241933401072 7.913694534768486 5.909977434496361 4.396887567619451 3.2620110296190363 2.4849637329029823 1.922596055089446 1.5135869798612207 1.2272747282645318 1.0125349876956284 0.8591472411847947 0.7364340865362239 0.6443980884530507 0.5830427136251844 0.5216834290731811 0.48077902107486187 0.45010050085626324 0.4194213786590736 0.4092004371578412 0.3785182519998987 0.3580641252935262 0.34784025708306987 0.34784587885595936 0.32738998029478494 0.32739482032920225 0.3273999563958127 0.317172948476732 0.31717748988676187 0.3274129790136455 0.3274167915034747 0.3376527696086979 0.34788836704508597 0.3683560786612711 0.388824506993916 0.419525010426812 0.45022588000214925 0.49115961788809864 0.5423263587697009 0.6139595870201912 0.6753603524082078 0.7776930045757902 0.9107253784775002 1.0846908267178474 1.3200570089883563 1.6065900059715412 2.046622274737831 2.6503893065071775 3.499758620250385 4.635668879053833 6.160451917845308 8.053647190880858 10.274324620220007 12.812258729058751 15.58557379325991 18.532874830487614 21.541601740738734 24.458233629622804 27.149748653553807 29.431921541668466 31.212662645389397 32.328209664318244 32.8297444961093 32.81958180976756 32.35913837311206 31.591675721622778 30.599054930009682 29.51433038595012 28.491001291362938 27.641641416295514 27.11976011141477 27.017463852908026 27.416621682966742 28.27630941524779 29.53512082423663 31.121423644364118 32.96357312636457 34.979702074385784 37.09817337078198 39.1961792318992 41.212314975442 43.034010848021516 44.59985324926557 45.81773955288039 46.667204469883266 47.14823955573575 47.25061344159675 47.00503147058109 46.45242201192117 45.65419275569426 44.681984824911524 43.638132896500316 42.59427894613712 41.642531805548394 40.88522836755633 40.46564873926434 40.45543415708573 40.85458124254334 41.65285860140476 42.77862767505575 44.12954755893132 45.572574944943185 46.964433552265106 48.30512007478082 49.59463598569352 50.83298121782462 51.948515326322486 52.86960209640708 53.586005798463376 54.15913105844497 54.67085113711242 55.27467822351283 56.21623098189709 57.60808794432464 59.3376710605855 61.26170464450451 63.165270009282274 64.88461935957238 66.24577402156422 67.16685822548884 67.57623368315808 67.55577460550232 67.11571302505284 66.23558234386267 64.94608311922654 63.41096304998713 61.73256394290035 60.09510156459724 58.65208739706611 57.60820580575542 57.076032916402035 57.13744289331297 57.741263815458595 58.81585710356783 60.34075452224535 62.275019795881924 64.63912047208645 67.30001265780032 70.18605711564733 73.15397560765243 76.07072278905152 78.78278632947129 81.13665331354419 82.94810865110095 84.1659805154729 84.70839573821137 84.60605715485143 83.81802725361524 82.49781946858722 80.73754091188567 78.67023662374798 76.41871635566798 74.15696189888274 71.9975489228464 70.10422499729654 68.48722391027614 67.20795126194226 66.23570428658995 65.58071720858696 65.21228735009925 65.1406491901786 65.35556843586285 65.86727926644306 66.6962501116514 67.8322467917401 69.3162060928257 71.07648866964695 73.08239194482353 75.27251084059019 77.60590838800613 79.92907174027626 82.20106411945933 84.26837266808374 86.06959200924013 87.50238027860195 88.50533234546718 89.03751126906066 89.10915131319692 88.77142352389227 88.09596712136884 87.10325064437313 86.64271230395693 85.99795839073535 85.23039413340085
54.73027979329501 54.73042693262616 55.479114458557696 56.13232599064517 57.113376213414774 58.092218294855435 59.05783717250388 59.9564754196251 60.79777250084904 61.84849677865407 62.797328196446195 63.69993967439029 64.59027197395184 65.45054789516148 66.23928888307984 66.99085201702195 67.55569868233574 67.97315377590803 68.15744861534607 68.07541508688223 67.55721573689578 66.67210051429711 65.44228488390985 63.86947304388333 61.936620353323505 59.76806717311117 57.47642732789451 55.084426102299616 52.73415748988235 50.5478032646881 48.67951027970673 47.176329352833015 46.01784786808089 45.16100254885736 44.62785575427416 44.342700049941485 44.268483559545324 44.328698991097696 44.46441020324903 44.604715922873424 44.73981127324517 44.8810779664128 44.997201289570725 45.1080363112308 45.226456421693875 45.34132173485743 45.44251980179715 45.569811175324176 45.70421508014337 45.85753259839873 46.026127081628864 46.20522048541707 46.40952861845876 46.60461924968636 46.81745670073735 47.035510691685445 47.23394933138256 47.440709305625376 47.63116644191709 47.813437267982366 47.98340645914761 48.14112199988769 48.31288910796752 48.46691652016973 48.61970636330271 48.73952458556726 48.8260273023747 48.842261231430804 48.75811320079736 48.54646625205723 48.15440899908068 47.582300820144695 46.78762084826615 45.79390325554395 44.584784018601894 43.15231076984484 41.580964374174236 39.891401858759195 38.12774264245544 36.349429791206184 34.60099416990677 32.95749673018626 31.448168984110804 30.116821291505268 28.986004240615863 28.074739614241068 27.417154966455037 26.969291391095688 26.743594567766056 26.759959714755613 26.99872035743567 27.448212403007954 28.07808102334743 28.887743555988315 29.866767854420434 31.0146143850416 32.30078920682238 33.71412658579626 35.180586464915464 36.60484745571424 38.07156945110287 39.548970889185874 41.00535135371117 42.44054451473641 43.791087060530494 45.05684722630705 46.195927808209994 47.13308449454326 47.93233224927056 48.6042822255341 49.22355873060062 49.67262837942868 49.951864360662164 50.12532081134891 50.17093231878807 50.13157015154483 50.04991788083355 49.92537574708946 49.83249154245227 49.75011129362932 49.66786678494108 49.64889348852576 49.68289096117758 49.78043869499814 49.93119422996369 50.16656261222249 50.465517788603876 50.78565195110115 51.148195350052326 51.52127835840834 51.904951457453286 52.28855569706455 52.64027742093773 52.97072973439381 53.248051859018815 53.482725059321915 53.65380034321667 53.78235656324299 53.87902063106434 53.975522228156194 54.040238017888285 54.12604832671093 54.22253375952143 54.35074481186519 54.52147937128751 54.72394583293574 54.937087674904014 55.19258468523331 55.46929968186156 55.73544767351037 55.96964475438246 56.21443133986733 56.41679282604111 56.608445251709554 56.75760133047788 56.87488457564659 56.94966646359594 57.01386504219393 57.0567474657009 57.05713822258206 57.0468909967636 57.02600295697519 56.99452215677387 56.95236327283845 56.899566105454035 56.846757051088034 56.78331127397418 56.73050288674511 56.66702937080772 56.603543731957906 56.56128624326196 56.59338044214783 56.71039783283226 56.922986356272155 57.209929463847715 57.56056116001743 57.87934532259758 58.12376363862465 58.27261180125866 58.33647345269387 58.368483750614125 58.42171105724238 58.4430860959431 58.50693539227209 58.71944733485928 59.17623504720805 59.93038618382638 60.96066296878313 62.245826173500085 63.67967245776742 65.02854392181672 66.09067476176165 66.8023306958276 67.20600042329423 67.34414667953693 67.18491621934163 66.6858272631424 65.85749942851507 64.80613610691049 63.64856946033438 62.554714037501626 61.79008977767829 61.66269746466868 62.215010831750305 63.46827721458236 65.29505705489457 67.4829306887223 69.83011327603307 72.15606022811926 74.29083298217856 76.00078380736535 77.16908917174095 77.7957402788775 77.84887868726436 77.33912798940699 76.30896229130435 74.76900589787438 72.88918765085482 70.86067823097844 68.84278701466474 67.04792853250984 65.63540765640613 64.74329525405999 64.32910939198108 64.35036633942387 64.7752082475344 65.62487490922506 66.85688395197393 68.5349596051825 70.58475753618623 72.97441446944238 75.59772746492918 78.26352176459116 80.83373217776102 83.13842656899273 85.05015556540548 86.40961222760379 87.17431076904812 87.33363173236921 86.8875762120108 85.94234799404623 84.54043197860992 82.81989424570928 80.97190783425691 79.12392075463302 77.41400235042259 75.9377370321156 74.80133237615738 73.96230583914793 73.45252023502094 73.16576751350236 73.09142783678939 73.18701863934344 73.46316108188495 73.94109547689594 74.6102017687454 75.5129627135881 76.65999940657312 78.08317295422958 79.75062194011083 81.61986366863785 83.66965720083378 85.77255367280584 87.85420880175518 89.79779552608774 91.46524434906351 92.7928318596747 93.69559198778356 94.14166331772006 94.04607976517302 93.49380731499903 92.48484535532003 91.09353917029105 89.42609494372772 87.57809928745809 85.66637936610711 83.77590060744411 81.98100761465236 80.35604547918643 78.9328761004329 77.72212013408459 76.73439830346682 75.95908994632731 75.38557438805752 75.00323097431696 74.78019768036334 74.71647460409741 74.83330292053272 75.09882069577958 75.52364862401484 76.10778679300869 76.8618557139162 77.77523481236936 78.89040686295294 80.19675106382984 81.69426748803515 83.32985280760752 85.10350688487844 86.96212646579507 87.87550546328802 88.84198785196489 89.85095300314853
29.416376700567508 29.41645578486981 29.818859616478143 30.16994710526153 30.78652765334533 31.311985912778635 31.782044476023803 32.20543895367769 32.63469443688513 33.37857317454874 34.073498196205584 34.754530414714175 35.45465517251466 36.16295244037552 36.88787208665007 37.64191542319285 38.31120106413028 38.90972720200915 39.348406564927316 39.58467947129787 39.48540976649092 39.02486481632171 38.142359174901074 36.77909272146426 34.97929022485834 32.7622302614573 30.2483939066191 27.467499966421027 24.5432362981653 21.589102222450908 18.702951555696753 15.943585377571013 13.386999659460468 11.062525388711638 9.061920705805338 7.351445186273525 5.947509021670927 4.828212552378627 3.970870806540903 3.326564891572548 2.832933011294759 2.4655982719417393 2.1996936601819184 2.0226026994405486 1.8970634281803054 1.809880374817634 1.7739719808050527 1.7642730478487492 1.806767776450284 1.8620299824957034 1.9570559356497592 2.117689477417101 2.3711944739836643 2.7172492969711493 3.248879057972525 4.073139614169298 5.322249954404229 7.15700185498902 9.726283442254338 13.056424031025244 16.857683788346478 20.745013931134913 24.427903626668126 27.673594640331434 30.349950532584103 32.46852673766804 34.01430341078534 34.96274802077105 35.2125138823291 34.725243736541294 33.512886075324865 32.01699689588989 30.612508980345872 29.690541933883164 29.476455453832568 30.18795645000011 31.665344277002756 33.74799016985567 36.22324308176958 38.80550778378629 41.321813304679175 43.544638082551884 45.3759999928403 46.668926058889184 47.41136698832108 47.55866186433077 47.07349754608155 46.086967408734694 44.70951915835185 43.100407915089356 41.504568663338176 40.08209017355651 38.98350654878649 38.275532736132675 38.08005202647375 38.38309994700128 39.19995260187054 40.40847632829728 41.914322256913685 43.60949331624703 45.42641121321821 47.284000165700554 49.00662463616342 50.49940264033215 51.721851214934254 52.565577851784795 52.949936340942344 52.88717490570288 52.41830442011439 51.62445726448645 50.57365919170345 49.3326138286042 47.95586357301355 46.633276325272874 45.39116160395243 44.324730331787926 43.528999045197295 43.03057555729763 42.85684140374862 43.02143819046328 43.524626361781166 44.31183570329684 45.36982300958195 46.65796226683782 48.068202994784656 49.62721785126525 51.18623897892846 52.67759015518279 54.020006617792326 55.17280838534351 56.05476863090569 56.625182391099834 56.897600353423044 56.871998890928 56.53479841943009 55.95356562544366 55.128587899341476 54.18160194742132 53.2074362354321 52.273706784414074 51.448372274336364 50.839616057262745 50.42054394471149 50.19099329119139 50.16468659301793 50.36856562892032 50.816351502304215 51.49434459698812 52.42973798989368 53.63615419189022 55.15410535962128 57.010759109407104 59.08426977208417 61.15772295289833 62.919569506868754 64.3156109564174 65.40002202617309 66.22706130072464 66.81013983814363 67.12222662316823 67.08201677897813 66.60820476149568 65.72793741516669 64.54950463967337 63.547181911979635 63.195215716848246 63.62910674444966 64.64566005194895 65.72992064761408 66.47543137351774 66.74668947753347 66.6114669261568 66.31360068023781 65.96152141149638 65.5552546317287 64.95924524485692 63.98383965591607 62.60189262243327 60.935393357494135 59.45856169552402 58.56439457906675 58.37481671398313 58.916965602000005 59.98757524563109 61.57308306465727 63.79547640632503 66.66829317690966 70.02893181445079 73.66058610075787 77.12963851979767 79.98890678559742 82.0758079132932 83.41742673622801 84.08152375638507 84.1358271756881 83.53969418822794 82.15761741301229 79.94894273706929 77.08982625785816 73.83773823736365 70.57208226675334 67.78069295766531 65.59908447050722 64.01369709774055 62.929682422546016 62.22509009660986 61.872809907517635 61.84574607095586 62.23875879912852 63.11959463437918 64.52891134373873 66.6428732462419 69.36661885092937 72.57819497038517 76.00658925227589 79.35367622189408 82.34844287254504 84.73342233674168 86.52216471520101 87.63336452656954 88.09412561119493 87.89089036450153 86.928805152319 85.27562375116909 83.09395398743747 80.641267006247 78.18857792636256 75.9933534557233 74.24530647567067 72.90378454498818 71.92813379242978 71.25060335975958 70.76278312690484 70.4511253055099 70.26142483325394 70.23433334741067 70.3563025663507 70.65443198141962 71.21002831100284 72.02309274611748 73.16137783918687 74.65198757398713 76.5084709308596 78.73082905696894 81.23775661678255 83.92084709074383 86.67169141747993 89.25992478829026 91.55003791518956 93.36586962177788 94.59901052096717 95.22235958537884 95.22236583417664 94.57192788059022 93.32524795369383 91.63138694373644 89.57165043239387 87.3222009264312 85.0456485136382 82.89105413128874 80.99392710619358 79.46267532535255 78.27019620226326 77.40293927987183 76.83380303802575 76.53568502519789 76.45438209895666 76.54924094635027 76.7931602473532 77.19969042948016 77.70107732879029 78.3515242258389 79.11037880342285 79.99119152685998 80.98041193393853 82.13224354618167 83.43313543735913 84.91018933995326 86.54985466292118 88.39278408686772 90.3847738142221 92.49872200030406 94.66687394438713 96.82147492807391 98.84056649124764 99.99997488215134 99.99997621390877 99.99997735085434 99.9999784226515 99.99997944370695 99.99998052378207 99.99998143608983 99.99998231448114 98.36629300434298 96.06263350132058 93.58281166987607 91.03523512681288 88.54186220628644 86.21110061155615 84.84245586234918 83.51446390815487 82.30843045793226
50.0 50.0 50.0 50.0 50.0 50.0 50.0 50.0 50.0 50.0 50.0 50.0 50.0 50.0 50.0 50.0 50.0 50.0 50.0 50.0 50.0 50.0 50.0 50.0 50.0 50.0 50.0 50.0 50.0 50.0 50.0 50.0 50.0 50.0 50.0 50.0 50.0 50.0 50.0 50.0 50.0 50.0 50.0 50.0 50.0 50.0 50.0 50.0 50.0 50.0 50.0 50.0 50.0 50.0 50.0 50.0 50.0 50.0 50.0 50.0 50.0 50.0 50.0 50.0 50.0 50.0 50.0 50.0 50.0 50.0 50.0 50.0 50.0 50.0 50.0 50.0 50.0 50.0 50.0 50.0 50.0 50.0 50.0 50.0 50.0 50.0 50.0 50.0 50.0 50.0 50.0 50.0 50.0 50.0 50.0 50.0 50.0 50.0 50.0 50.0 50.0 50.0 50.0 50.0 50.0 50.0 50.0 50.0 50.0 50.0 50.0 50.0 50.0 50.0 50.0 50.0 50.0 50.0 50.0 50.0 50.0 50.0 50.0 50.0 50.0 50.0 50.0 50.0 50.0 50.0 50.0 50.0 50.0 50.0 50.0 50.0 50.0 50.0 50.0 50.0 50.0 50.0 50.0 50.0 50.0 50.0 50.0 50.0 50.0 50.0 50.0 50.0 50.0 50.0 50.0 50.0 50.0 50.0 50.0 50.0 50.0 50.0 50.0 50.0 50.0 50.0 50.0 50.0 50.0 50.0 50.0 50.0 50.0 50.0 50.0 50.0 50.0 50.0 50.0 50.0 50.0 50.0 50.0 50.0 50.0 50.0 50.0 50.0 50.0 50.0 50.0 50.0 50.0 50.0 50.0 50.0 50.0 50.0 50.0 50.0 50.0 50.0 50.0 50.0 50.0 50.0 50.0 50.0 50.0 50.0 50.0 50.0 50.0 50.0 50.0 50.0 50.0 50.0 50.0 50.0 50.0 50.0 50.0 50.0 50.0 50.0 50.0 50.0 50.0 50.0 50.0 50.0 50.0 50.0 50.0 50.0 50.0 50.0 50.0 50.0 50.0 50.0 50.0 50.0 50.0 50.0 50.0 50.0 50.0 50.0 50.0 50.0 50.0 50.0 50.0 50.0 50.0 50.0 50.0 50.0 50.0 50.0 50.0 50.0 50.0 50.0 50.0 50.0 50.0 50.0 50.0 50.0 50.0 50.0 50.0 50.0 50.0 50.0 50.0 50.0 50.0 50.0 50.0 50.0 50.0 50.0 50.0 50.0 50.0 50.0 50.0 50.0 50.0 50.0 50.0 50.0 50.0 50.0 50.0 50.0 50.0 50.0
50.0 50.0 50.0 50.0 50.0 50.0 50.0 50.0 50.0 50.0 50.0 50.0 50.0 50.0 50.0 50.0 50.0 50.0 50.0 50.0 50.0 50.0 50.0 50.0 50.0 50.0 50.0 50.0 50.0 50.0 50.0 50.0 50.0 50.0 50.0 50.0 50.0 50.0 50.0 50.0 50.0 50.0 50.0 50.0 50.0 50.0 50.0 50.0 50.0 50.0 50.0 50.0 50.0 50.0 50.0 50.0 50.0 50.0 50.0 50.0 50.0 50.0 50.0 50.0 50.0 50.0 50.0 50.0 50.0 50.0 50.0 50.0 50.0 50.0 50.0 50.0 50.0 50.0 50.0 50.0 50.0 50.0 50.0 50.0 50.0 50.0 50.0 50.0 50.0 50.0 50.0 50.0 50.0 50.0 50.0 50.0 50.0 50.0 50.0 50.0 50.0 50.0 50.0 50.0 50.0 50.0 50.0 50.0 50.0 50.0 50.0 50.0 50.0 50.0 50.0 50.0 50.0 50.0 50.0 50.0 50.0 50.0 50.0 50.0 50.0 50.0 50.0 50.0 50.0 50.0 50.0 50.0 50.0 50.0 50.0 50.0 50.0 50.0 50.0 50.0 50.0 50.0 50.0 50.0 50.0 50.0 50.0 50.0 50.0 50.0 50.0 50.0 50.0 50.0 50.0 50.0 50.0 50.0 50.0 50.0 50.0 50.0 50.0 50.0 50.0 50.0 50.0 50.0 50.0 50.0 50.0 50.0 50.0 50.0 50.0 50.0 50.0 50.0 50.0 50.0 50.0 50.0 50.0 50.0 50.0 50.0 50.0 50.0 50.0 50.0 50.0 50.0 50.0 50.0 50.0 50.0 50.0 50.0 50.0 50.0 50.0 50.0 50.0 50.0 50.0 50.0 50.0 50.0 50.0 50.0 50.0 50.0 50.0 50.0 50.0 50.0 50.0 50.0 50.0 50.0 50.0 50.0 50.0 50.0 50.0 50.0 50.0 50.0 50.0 50.0 50.0 50.0 50.0 50.0 50.0 50.0 50.0 50.0 50.0 50.0 50.0 50.0 50.0 50.0 50.0 50.0 50.0 50.0 50.0 50.0 50.0 50.0 50.0 50.0 50.0 50.0 50.0 50.0 50.0 50.0 50.0 50.0 50.0 50.0 50.0 50.0 50.0 50.0 50.0 50.0 50.0 50.0 50.0 50.0 50.0 50.0 50.0 50.0 50.0 50.0 50.0 50.0 50.0 50.0 50.0 50.0 50.0 50.0 50.0 50.0 50.0 50.0 50.0 50.0 50.0 50.0 50.0 50.0 50.0 50.0 50.0 50.0
50.0 50.0 50.0 50.0 50.0 50.0 50.0 50.0 50.0 50.0 50.0 50.0 50.0 50.0 50.0 50.0 50.0 50.0 50.0 50.0 50.0 50.0 50.0 50.0 50.0 50.0 50.0 50.0 50.0 50.0 50.0 50.0 50.0 50.0 50.0 50.0 50.0 50.0 50.0 50.0 50.0 50.0 50.0 50.0 50.0 50.0 50.0 50.0 50.0 50.0 50.0 50.0 50.0 50.0 50.0 50.0 50.0 50.0 50.0 50.0 50.0 50.0 50.0 50.0 50.0 50.0 50.0 50.0 50.0 50.0 50.0 50.0 50.0 50.0 50.0 50.0 50.0 50.0 50.0 50.0 50.0 50.0 50.0 50.0 50.0 50.0 50.0 50.0 50.0 50.0 50.0 50.0 50.0 50.0 50.0 50.0 50.0 50.0 50.0 50.0 50.0 50.0 50.0 50.0 50.0 50.0 50.0 50.0 50.0 50.0 50.0 50.0 50.0 50.0 50.0 50.0 50.0 50.0 50.0 50.0 50.0 50.0 50.0 50.0 50.0 50.0 50.0 50.0 50.0 50.0 50.0 50.0 50.0 50.0 50.0 50.0 50.0 50.0 50.0 50.0 50.0 50.0 50.0 50.0 50.0 50.0 50.0 50.0 50.0 50.0 50.0 50.0 50.0 50.0 50.0 50.0 50.0 50.0 50.0 50.0 50.0 50.0 50.0 50.0 50.0 50.0 50.0 50.0 50.0 50.0 50.0 50.0 50.0 50.0 50.0 50.0 50.0 50.0 50.0 50.0 50.0 50.0 50.0 50.0 50.0 50.0 50.0 50.0 50.0 50.0 50.0 50.0 50.0 50.0 50.0 50.0 50.0 50.0 50.0 50.0 50.0 50.0 50.0 50.0 50.0 50.0 50.0 50.0 50.0 50.0 50.0 50.0 50.0 50.0 50.0 50.0 50.0 50.0 50.0 50.0 50.0 50.0 50.0 50.0 50.0 50.0 50.0 50.0 50.0 50.0 50.0 50.0 50.0 50.0 50.0 50.0 50.0 50.0 50.0 50.0 50.0 50.0 50.0 50.0 50.0 50.0 50.0 50.0 50.0 50.0 50.0 50.0 50.0 50.0 50.0 50.0 50.0 50.0 50.0 50.0 50.0 50.0 50.0 50.0 50.0 50.0 50.0 50.0 50.0 50.0 50.0 50.0 50.0 50.0 50.0 50.0 50.0 50.0 50.0 50.0 50.0 50.0 50.0 50.0 50.0 50.0 50.0 50.0 50.0 50.0 50.0 50.0 50.0 50.0 50.0 50.0 50.0 50.0 50.0 50.0 50.0 50.0