4 302 9
300.00980000000004 300.01 301.04 301.96 302.98 303.99 305.01 306.01 307.02 308.02 309.01 310.0 310.99 311.98 312.96 314.05 315.02 316.0 316.97 318.05 319.02 319.98 320.95 322.03 323.0 323.97 325.04 326.02 326.99 327.96 329.05 330.03 331.01 332.0 332.99 333.98 334.97 335.97 336.98 337.99 339.0 340.02 341.04 341.95 342.98 344.02 344.95 345.99 347.04 347.98 349.03 349.98 351.04 352.0 352.95 354.03 354.99 355.95 357.04 358.01 358.98 359.95 361.05 362.02 363.0 363.98 364.95 366.06 367.04 368.02 368.99 369.97 370.95 372.05 373.03 374.0 374.98 375.95 377.04 378.0 378.97 380.05 381.01 381.96 383.04 383.98 385.05 385.99 387.04 387.98 389.02 389.95 390.99 392.02 393.05 393.96 394.98 395.99 397.0 398.01 399.01 400.0 401.0 401.98 402.97 403.95 405.04 406.02 406.99 407.96 409.04 410.01 410.97 412.05 413.01 413.98 415.05 416.02 416.98 417.95 419.03 420.0 420.98 421.95 423.04 424.03 425.01 426.0 427.0 427.99 429.0 430.0 431.01 432.03 433.05 433.96 434.99 436.02 437.06 437.99 439.03 439.97 441.02 441.97 443.03 443.98 445.05 446.0 446.96 448.04 449.01 449.97 451.06 452.03 453.0 453.98 454.95 456.05 457.02 458.0 458.98 459.95 461.05 462.03 463.0 463.98 464.95 466.04 467.01 467.98 468.95 470.03 470.99 471.95 473.03 473.98 475.04 475.99 477.05 477.99 479.04 479.97 481.01 482.05 482.96 483.99 485.01 486.03 487.05 488.06 488.95 489.95 490.95 492.05 493.04 494.02 495.0 495.98 496.95 498.03 499.0 499.97 501.04 502.01 502.97 504.04 505.0 505.96 507.03 507.99 508.96 510.03 511.0 511.97 513.05 514.02 515.0 515.98 516.96 517.95 519.05 520.05 521.05 522.05 522.95 523.96 524.98 526.0 527.03 528.06 528.98 530.02 530.95 532.0 533.05 533.99 535.05 536.0 536.95 538.02 538.98 540.06 541.02 541.98 542.95 544.03 545.0 545.97 546.94 548.04 549.01 549.98 550.96 552.05 553.02 553.99 554.97 556.06 557.02 557.99 558.96 560.04 561.0 561.96 563.03 563.99 565.05 566.0 567.06 568.0 569.05 569.98 571.03 571.95 572.99 574.02 575.04 575.95 576.96 577.98 578.98 579.98 580.98 581.97 582.96 583.95 585.04 586.02 586.99 587.96 589.04 590.0 590.97 592.03 592.99 593.95 595.02 595.97 597.04 597.99 598.95 600.02
0.0 13.54 26.89 39.77 51.58 60.9 70.0 80.0 90.0
71.04621016395508 71.04640116776291 72.01828385346005 72.86622769671244 73.78380616888882 74.6687911250516 75.53851734100292 76.36764030081241 77.18133551154482 77.96350007421718 78.7148996341819 79.44358638507431 80.14972241721287 80.83351346454663 81.48863126151679 82.19218038521053 82.79637466926383 83.38620033031759 83.9499753586079 84.55469490631351 85.07760724218844 85.57671080199597 86.0628242770298 86.58308345197726 87.03199759835246 87.46401013135127 87.92150344746943 88.32348667487035 88.70581620544317 89.0731366507707 89.46856084454765 89.8089302791267 90.1354393507316 90.45167684330286 90.75470945707075 91.04499891710968 91.32299884563508 91.59178361798111 91.85144626538978 92.09969055317852 92.33695734246406 92.56586954226188 92.7844541505615 92.9710893349243 93.17318282103754 93.3677742527981 93.53405936521106 93.71173239951312 93.88261661152673 94.02866297110008 94.18438485663707 94.31881549645519 94.46188429454403 94.58542075370688 94.70226648863779 94.82885690351769 94.93604806687371 95.03844139025932 95.14914329683194 95.24291166257191 95.33241284382228 95.4178333955487 95.50999053245954 95.58729270871683 95.66179417291137 95.73284107811558 95.79991360693788 95.87288634464566 95.93411680484175 95.99249202854743 96.04758736720244 96.10066204148657 96.1512532899957 96.20522202659778 96.25091305638466 96.2940256910437 96.33554686656555 96.37472162744773 96.41656929355862 96.45161159983884 96.48537523218569 96.52111622725911 96.55132623093068 96.57984487628777 96.61068154379724 96.63621327549419 96.66386764368347 96.68698301124962 96.7115629182347 96.7325092115749 96.75457488337798 96.77336594647879 96.79337823151243 96.81220601341629 96.8300954929486 96.84515725741967 96.86124996929159 96.87640124366878 96.89081077356828 96.90451466643113 96.9174214383261 96.92958212526521 96.94127239490082 96.95217806774735 96.96266791859347 96.9725548510528 96.982999373928 96.99191783358893 97.00032675625928 97.0083389344195 97.01681567800802 97.02404969561658 97.030872868898 97.03816852193908 97.04433180044235 97.0502666894374 97.05648882194265 97.0618495131912 97.06690556272832 97.07177414362293 97.076924672725 97.08131983319345 97.08554940776455 97.08953695981151 97.09379336556326 97.09746360545462 97.10092242038135 97.10424885260556 97.10744603498586 97.11045781552842 97.11338077725686 97.11613312262224 97.11877690707782 97.12131488878698 97.12372680159413 97.12577729541789 97.12798845762354 97.13008872078395 97.13210251190323 97.13381679243585 97.13564181781528 97.13721171809753 97.13888031619501 97.14031638801238 97.14184029463689 97.14313913392537 97.1445300685196 97.14570419576765 97.1468353879712 97.14804476424625 97.1490766976002 97.15004990304622 97.15109974349787 97.15198710350307 97.20360744114727 97.23488656282338 97.2559643816901 97.2872567937645 97.34888112292093 97.40032476231907 97.43142628347216 97.46249179137651 97.43267024321898 97.37228191221001 97.23061613152416 97.00768353930312 96.73394154408984 96.41960463899223 96.10518850400187 95.79075006511617 95.54738224151558 95.37512620155002 95.28405580935915 95.27421782000147 95.25424561826617 95.2037491083092 95.10248874417388 94.88946499942593 94.61551829286772 94.32121521613675 94.08786272392892 93.92556536086035 93.57031003982442 92.43300273089257 90.07689214014131 86.00435468937212 80.54036298334104 73.92866737101194 66.72786861253603 59.161407231161384 51.310527729132716 43.2260322820926 34.90791188197833 26.671022815096304 19.12475104372559 12.756619479394304 8.135400642961345 5.007186803874416 3.148538356514908 2.0110039744703014 1.3406704860968215 0.9445640821714081 0.6804929962329488 0.5179875949023284 0.4062650679076085 0.32501229807894005 0.26407266108172667 0.23360288105233348 0.20313307123661287 0.19297652395817885 0.18281996174883572 0.1726633931872029 0.16250680081803595 0.15235019526777635 0.15235026878604382 0.15235033151612332 0.14219369908572121 0.14219375272911416 0.13203710353542272 0.12188044536623548 0.12188048976664391 0.11172381739327893 0.1117238507882903 0.11172388255462629 0.10156719074321886 0.10156721726059947 0.09141051844388201 0.10156726690461357 0.10156729011069972 0.10156731215193486 0.09141059781189188 0.0914106159763959 0.08125389461218714 0.0812539093808664 0.08125392339419649 0.08125393533033891 0.08125394813412083 0.07109721416576201 0.07109722327122463 0.07109723302205041 0.06094049257487987 0.060940500194727916 0.0609405066309911 0.06094051276561228 0.060940518672170645 0.0609405249201447 0.050783775209397766 0.05078377944168398 0.05078378347360318 0.050783787815407794 0.04062703316071506 0.0406270359314134 0.0406270385974903 0.04062704141333509 0.04062704379333344 0.05078380757582076 0.050783810302957116 0.05078381318329133 0.050783815593296734 0.0507838179137067 0.05078382012426248 0.050783822462594344 0.05078382443771471 0.050783826320268816 0.05078382831474889 0.05078383001560134 0.040627065440942634 0.04062706665839793 0.040627067950277464 0.04062706904000631 0.05078383774775826 0.05078383896809317 0.050783840279382646 0.05078384137307842 0.060940611060405735 0.06094061238896751 0.06094061363889895 0.060940614701482605 0.06094061582558446 0.06094061690464289 0.060940617910441655 0.07109738867838493 0.08125415970302866 0.0812541608460348 0.09141093217556967 0.09141093334024791 0.09141093455762012 0.10156770621879217 0.1117244780381314 0.12188125001334603 0.14219479321804793 0.1523515655521096 0.17266510914239985 0.1929786531552035 0.23360573986524463 0.2742328271126673 0.34533022947405695 0.4468979470178996 0.5789359809702598 0.7820714176236704 1.117244888834959 1.696180887165506
70.84189413879645 70.84208459331195 71.81117232053342 72.65667763096033 73.57161731373789 74.4540572135472 75.32128225451663 76.14802080695063 76.95937597771801 77.73929117685506 78.4885298478569 79.21512102770922 79.91922634058808 80.60105092878901 81.25428472569808 81.95581056961204 82.55826730039885 83.14639672974194 83.7085504432204 84.31153092709646 84.83293946185763 85.33060769027668 85.8153231910517 86.33408619489542 86.78170934553962 87.21247948878454 87.66865713703427 88.06948433352217 88.4507143536523 88.81697845194634 89.21126547740229 89.5506560711706 89.8762261618568 90.19155421270924 90.49371535959668 90.78316999975594 91.06037045086714 91.32838224691812 91.58729815160993 91.8348285338148 92.07141298681277 92.29966687660834 92.51762287518726 92.70372133058258 92.90523363245394 93.09926545452137 93.26507236108588 93.4422344399399 93.61262721992806 93.75825357663837 93.91352763425307 94.04757167591312 94.19022903406616 94.31341022476022 94.4299199325327 94.55614629632063 94.66302919731643 94.7651280560601 94.87551160401125 94.96901030892444 95.05825410099727 95.14342899869717 95.23532110838335 95.31240097759073 95.38668818907568 95.45753077625594 95.52441041664048 95.59717329797903 95.65822767046801 95.7164350176093 95.77137191205493 95.82429395319423 95.87473971044099 95.92855324273702 95.97411287340255 96.01710152393734 96.05850329208303 96.09756539345231 96.13929271325927 96.17423424421713 96.20790077847613 96.24353898892484 96.27366211410063 96.30209874500193 96.33284673184399 96.35830503890753 96.38587987814553 96.40892877010363 96.43343798973068 96.4543240453272 96.47632626025701 96.49506328366573 96.51501801699432 96.53379165360946 96.55162968624064 96.56664813580664 96.58269456795561 96.59780227001346 96.6121703607163 96.62583484366677 96.6387044980248 96.65083021303207 96.66248686357076 96.67336117367856 96.68382085761465 96.69367935704797 96.70409384336818 96.71298665515536 96.72137139528802 96.72936053187584 96.73781289788599 96.7450261117709 96.75182966284247 96.75910433490755 96.76524988893878 96.77116771026861 96.77737194904839 96.7827172239204 96.78775873317532 96.79261331291359 96.79774903002735 96.80213155081081 96.80634896189193 96.81032504646186 96.81456921156203 96.81822889650859 96.82167776451041 96.82499463051838 96.82818261838155 96.83118573758908 96.8341002934093 96.8368447235282 96.8394809049388 96.84201158787252 96.84441656445553 96.84646116143065 96.84866596473452 96.85076018791868 96.85276818773966 96.85447753831212 96.85629731524932 96.85786270078286 96.85952650029459 96.86095844222966 96.95386724215822 97.0160905666165 97.04794361750271 97.089735648867 97.15179550607438 97.20378000678407 97.2251227729864 97.23625196237245 97.19668140684335 97.10617036146645 96.9546826328578 96.7219156768991 96.43832013791621 96.15477845549161 95.88125522118182 95.60770239874651 95.37473849846933 95.2026722181983 95.06111702972045 94.99055615043572 94.89965160299701 94.76810214324703 94.61621118001253 94.41356739130181 94.18037778656631 93.79482019937149 93.1959549463959 92.21115774797993 90.65752581744997 88.34212323551458 84.98059130806527 80.64394746429734 75.31193499946677 69.06575051414248 62.04762913931901 54.56223095457261 46.873667597453704 39.16473529898529 31.699538503954958 24.70152074698861 18.414448493997522 13.143046432272216 8.90762985603062 5.74883393071493 3.575252513152651 2.265007282359759 1.4626075308144542 0.9750730672469785 0.690677685821101 0.5078519532140426 0.3859679477124308 0.30471188231399876 0.25392684206701455 0.2132987660684619 0.17267059659742762 0.16251366886524068 0.14219958433134464 0.12188545931297094 0.1117284350582269 0.10157138084042995 0.10157145274211511 0.10157152891877098 0.09141443449269773 0.0914144902185004 0.09141454925751212 0.10157177733872162 0.09141464808049964 0.1015718876622432 0.10157193630117374 0.11172918090119632 0.10157203165213198 0.11172928082175225 0.11172932508906473 0.11172936723959692 0.11172940737456787 0.10157222360976613 0.10157226061199565 0.10157229252925128 0.10157232288990259 0.10157235176986433 0.0914151389000377 0.09141516276689879 0.09141518567741098 0.08125796217670464 0.09141522833533662 0.08125799837640986 0.08125801337730953 0.08125802952435972 0.07110078786067352 0.07110080078392766 0.07110081304621754 0.06094356299217892 0.060943572595505674 0.060943580780271775 0.06094358858535251 0.06094359694362993 0.06094360407140193 0.06094361169163902 0.06094361812823083 0.05078635355263769 0.050786358475020985 0.05078636368193187 0.050786368124769214 0.05078637235727152 0.050786376389396586 0.05078638073142288 0.05078638436709453 0.06094366539677314 0.05078639116341057 0.050786394683396276 0.05078639765854611 0.05078640049284477 0.05078640322012037 0.050786406100601644 0.050786408510730095 0.05078641083125854 0.050786413041927186 0.05078641538037844 0.050786417355599654 0.060943703085899845 0.06094370547939813 0.06094370752052529 0.06094370966332704 0.07110099673787044 0.07110099899877505 0.07110100090589791 0.08125828906611646 0.08125829101875201 0.08125829311692229 0.09141558172529046 0.1015728709382957 0.12188744778321405 0.13204473780680495 0.15235931551060047 0.18283118198519832 0.22346033749421423 0.2640894941245734 0.3351905170358655 0.4367634075087324 0.5992800326862685 0.8532122613487473 1.3204475641494318 2.1736598653169477 3.61599495724664 5.728711173442605 8.481336664302315 11.660568378181319 14.951530321667846 18.171391291045147 21.350623165055037 24.58064151539158 27.729401586572415 30.390611796782654 32.056407577849384 32.57442960690395 32.02593613104879 30.59375838542863 28.67403069577387
70.61283323924613 70.61302307794405 71.57897734707213 72.42174879204647 73.33373009956713 74.21331670924768 75.07773765596734 75.90180302357454 76.71053475029755 77.4879281637136 78.23474423879189 78.9589860513484 79.66081470296197 80.34043467261893 80.99155629673879 81.69081381986857 82.29132256094715 82.8775503266239 83.43788636657938 84.03891716723865 84.55863977435126 85.05469883726921 85.5378470540242 86.05493268430587 86.50110848571143 86.93048577240287 87.38518841121459 87.78471956897697 88.16471691609055 88.5297967323316 88.92280886611745 89.26110207089505 89.58561945994553 89.89992792587776 90.20111206184595 90.48963077643376 90.76593492479276 91.03308012878209 91.29115885215968 91.5378888671143 91.77370834554064 92.00122419689217 92.21847545433303 92.4039721770938 92.60483290704295 92.79823734464749 92.96350812947738 93.14009737066743 93.30993920091132 93.45509468788173 93.60986668078253 93.74347730307773 93.88567339148095 94.00845628686274 94.12458927096354 94.2504074931456 94.35694479788447 94.45871352914199 94.56874016180879 94.6619365470605 94.75089177735023 94.83579126967139 94.9273862544774 95.00421689285332 95.07826390331466 95.14887742735446 95.21554081843097 95.28806842753045 95.34892538619174 95.40694452510598 95.46170378603951 95.51445470851382 95.56473735393708 95.61837688501159 95.66378920270488 95.7066388533007 95.74790675254904 95.78684255012328 95.82843494839084 95.86326349904786 95.89682117559326 95.93234415309058 95.96236987784768 95.99071456145799 96.0213631274473 96.04673911736239 96.07422479583532 96.09719916127221 96.12162913253975 96.14244765495212 96.16437872769686 96.1830551666239 96.2029453781152 96.22165831186317 96.23943866681859 96.25440855557733 96.27040310302971 96.28546195569037 96.29978358846292 96.3134038885355 96.3262319300225 96.3383184376198 96.34993739742633 96.36077654642945 96.37120240991733 96.38102903277853 96.39140984479296 96.40027390247225 96.40863153130105 96.41659483573353 96.42501987177764 96.43220976238355 96.43899131478405 96.44624246485064 96.48282999686849 96.51919425841666 96.58631367280861 96.63227152545386 96.63730519784077 96.66246587337459 96.67775204495256 96.68212913286918 96.62539174149528 96.58872567527273 96.5421645006524 96.454378307567 96.37653524734193 96.23759379873356 96.08835414425734 95.96940389457848 95.74874667381825 95.52790817016925 95.24598002537805 94.89279890492232 94.37688036985297 93.62684998034578 92.51108417104824 90.90734282602777 88.81562213624181 86.17472833891115 83.02566132465286 79.51037408244065 75.78160969309947 71.91024878357547 68.01850659226392 64.20780799521802 60.64101113835715 57.47040244211468 54.746938782035585 52.38938639994452 50.25531192671073 48.08050297029333 45.69221910076859 42.805715699611355 39.57352202674257 36.00580237690336 32.15337432293868 28.0975915391917 23.90955341845288 19.670621901998135 15.543450656211446 11.731361887256343 8.4681881666746 5.835254768672836 3.944409059610012 2.612675971039358 1.73840361899225 1.2097724433173347 0.86412690615611 0.6303069251099989 0.4879814677971225 0.38632026391079727 0.3049907502655323 0.254159807032719 0.2134949998768397 0.18299626024098306 0.1626638574991785 0.14233125942139935 0.13216511937037875 0.12199886642537472 0.11183258133917959 0.10166620305045379 0.10166643727105845 0.10166665962443824 0.10166684492221387 0.10166704473116141 0.09150050944369582 0.09150067021779068 0.0813340648875621 0.081334192707107 0.09150108762705363 0.08133441522690496 0.0711677091361261 0.0711678091419918 0.06100105248293139 0.06100112147863336 0.06100118717518388 0.061001249730331074 0.06100130870110616 0.05083447590055787 0.05083452025550774 0.05083456251064824 0.06100152816651312 0.061001573955834054 0.07116855332816911 0.07116860670322922 0.07116865222046602 0.08133565211947028 0.08133570464917872 0.09150271812619538 0.10166974072063709 0.10166979723675101 0.1118368305148234 0.11183688153386073 0.12200392963852551 0.11183698155073445 0.1220040282116925 0.1220040742384157 0.12200411806422527 0.12200416020973008 0.12200420465520719 0.12200424299283366 0.13217130274912892 0.13217134032926944 0.14233840124191927 0.1423384384039352 0.15250550793949638 0.15250554426010993 0.16267261771154368 0.17283969382664893 0.19317381111479281 0.2033408942115826 0.23384206789823364 0.26434325523623575 0.3050115009528315 0.3761809064358531 0.467684443859969 0.6100232695699953 0.833698575184587 1.220046862718765 1.880905800009582 2.9281131791118526 4.402337293272607 6.303578283120165 8.53016563247827 10.980428876762032 13.593365456040287 16.246970687409114 18.727736159086767 20.852654802515826 22.489554229749725 23.516429693028115 23.88244573020139 23.67910598586375 22.967412432658705 21.89987124430301 20.628988459090902 19.22593365631354 17.863546820312404 16.775670802662503 16.17581418716498 16.216483228475177 17.050183969806714 18.768420259407684 21.411860573491417 24.80766455323223 28.76265798716311 33.02266381824657 37.27250289632146 41.27833219259445 44.9079799242531 48.05977500634601 50.68288229168134 52.563792796621605 53.56016767345788 53.47883221417744 52.50279376774316 50.7845583738561 48.62913857511496 46.39238202953753 44.35896693744509 42.74240200155099 41.66469220222715 41.22750835936151 41.502020068048324 42.488227357706016 44.13529490694291 46.21954686204096 48.547808761919185 50.8862377663633 53.09249480239982 55.07507601846344 56.77297898993876 58.11503418112311 59.080907326733296 59.72143387298074 60.00611261740001 60.07728258736591 60.0467817744818 60.04678213795593 60.209455789825256 60.544969848642786
69.47016977573794 69.47035654244833 70.42067964936241 71.24981328808987 72.14703682890296 73.0123898859024 73.86282269211563 74.67355295696726 75.46919771134382 76.2340112719267 76.96874229951707 77.68126436341049 78.37173595822497 79.04035825404881 79.68094336722511 80.36888543979711 80.9596766923333 81.53641806554563 82.08768669536087 82.67899155946085 83.19030396679725 83.67833575562159 84.15366562280157 84.66238372511242 85.10133946802182 85.52376853135137 85.9711131295875 86.36417903683427 86.73802723138085 87.09719929193294 87.48385166665813 87.81667057919564 88.13593659754294 88.44515889451952 88.74146924066548 89.02531911846296 89.29715208728331 89.55997432262731 89.81387679199577 90.05661419880104 90.2886176243993 90.51245179299173 90.72618747029098 90.90868246775656 91.10629285061103 91.2965675995401 91.45916395709173 91.63289561468544 91.79998904856717 91.94279561588829 92.09506307394251 92.22651159666701 92.36640665468498 92.4872026657844 92.60145637508836 92.72523859504624 92.83005190316804 92.93017380331001 93.03841997472928 93.13010824736926 93.21762399581303 93.30114963661887 93.39126242282475 93.46684978063364 93.53969855545486 93.60916940485257 93.67475404270756 93.74610800326171 93.80598016893322 93.88328082888836 93.94728157481221 93.96883088029918 94.00817292999665 94.05080617563348 94.09547400234732 94.1173372655161 94.15791987126144 94.21651000927754 94.2574205404461 94.27136100707149 94.24338877836834 94.17664055378394 94.02307379044116 93.68465158069971 93.03281838134177 91.90729118618003 90.34537075181187 88.33030680747758 85.84702333344363 82.96199755456291 79.70978412576395 76.13752601417059 72.38128827444673 68.57166854466901 64.87211659574143 61.45500696021804 58.48632365168695 55.965055844975645 53.88139421513994 52.28663331228693 51.10951438365257 50.31963368066274 49.866246928165324 49.616574945513186 49.45854522382763 49.320600466420004 49.17269480337699 48.983122965875474 48.77282643814318 48.552076915188174 48.32130361717558 48.069435609531446 47.837766162768396 47.65739710246187 47.47644639465743 47.244252998072135 46.858836094964644 46.15604939344324 45.04410787152184 43.45144357124468 41.27594940162839 38.619350813309275 35.55343737816938 32.11904904085703 28.428803199466216 24.584685725718238 20.719778521613737 16.96707311825715 13.500466502608376 10.473413987776546 7.916666430264407 5.912096748029576 4.398392401032094 3.263078703418525 2.485729832365775 1.923156685476761 1.5140088790620219 1.2276013114735234 1.0127920796754046 0.8593539007044629 0.7366028973523832 0.644537951997807 0.5831634024000856 0.5217854948996661 0.4808686859563499 0.45018095912826483 0.4194928092050721 0.4092662237670569 0.37857566517589264 0.35811657382740686 0.34788836704508597 0.3478918520689784 0.32743116378435033 0.32743415447946306 0.3274370036379267 0.317207253219397 0.31720975701624005 0.3274451130774353 0.32744744359185834 0.3376824888289615 0.3479175603172473 0.368385563790967 0.38885400264773284 0.41955535187791837 0.4502569004423228 0.49119184058820275 0.5423602540154107 0.6139958780203753 0.6753983830195854 0.7777346715463089 0.910771803983646 1.0847439499043352 1.320117543880846 1.606660048805387 2.0467080038706635 2.6504947740888314 3.4998922124068605 4.635834651730116 6.160663250008005 8.053909783418314 10.274645721350916 12.812633746750544 15.586011303684272 18.53337373885936 21.542144022632236 24.458824418315114 27.15036868749493 29.432565980476085 31.213308807477375 32.328851633081996 32.830355490465585 32.82016804006502 32.35968539370624 31.59218506746203 30.599529229379097 29.514763248252954 28.491397148760562 27.64200524944119 27.120098009665085 27.017785645369035 27.41693594648519 28.27661701688821 29.535428092123485 31.12172704341055 32.9638782532777 34.98001253351756 37.09848640520252 39.19649366830508 41.21263236141061 43.034321958204465 44.60016041500856 45.818042490400636 46.66749470739846 47.148518902830254 47.25088274810646 47.0052834787078 46.45265975227917 45.654415803450654 44.68219031593093 43.63832462727099 42.59445902038077 41.64269779328032 40.88538397912621 40.465795799331296 40.45557152973853 40.85471381510976 41.65298770048624 42.778754312981846 44.12967242666206 45.57269804282589 46.9645519708585 48.305236293695565 49.59474887195539 50.833091708863 51.9486245248083 52.869707194250935 53.58610733460686 54.159228055658545 54.67094356132522 55.274767254100595 56.216317725924874 57.60817259171863 59.3377544792429 61.26178580006827 63.16534891504989 64.88469753398272 66.24584919232402 67.16693101850645 67.57630363044694 67.55584104222801 67.11577598400875 66.23564071242231 64.94613775409921 63.41101440514122 61.732611571821636 60.09514512265867 58.652127927934515 57.60824408162779 57.07606901581332 57.13747675726658 57.74129641713122 58.815889008991626 60.34078564192949 62.27504990540247 64.6391504765987 67.30004239557678 70.18608682738756 73.15400461885649 76.07075176587989 78.78281485280999 81.1366814703757 82.94813561047195 84.16600677047691 84.70842084658631 84.60608087139892 83.8180497693405 82.49784042110167 80.73756040567059 78.67025456793449 76.418733089663 74.15697724745904 71.99756322471498 70.10423815984002 68.48723625766861 67.20796272045665 66.23571497926031 65.58072732379361 65.21229701284123 65.14065833890632 65.35557712485897 65.86728764777592 66.69625815983568 67.83225455983317 69.31621368823419 71.07649606478464 73.082399164757 75.27251787159646 77.60591527431923 79.92907854923678 82.20107078022467 84.26837907762881 86.06959830234163
54.73027979329501 54.73042693262616 55.479114458557696 56.13232599064517 56.83918039425973 57.52092645998048 58.190917991305376 58.829630900392274 59.45645907950384 60.05899769853318 60.63783657056484 61.1991786839017 61.7431489044368 62.269905718830735 63.07740269866497 63.945404942626034 64.73220531476859 65.46676904965774 66.12960853134074 67.07729604949651 67.87338164674497 68.61763880090959 69.35546448886983 70.10594996430402 70.74529958035123 71.28766425302142 71.73742350823149 71.99783558902043 72.01862876169261 71.71323552536451 71.04392169185807 69.96938735476357 68.53910674764263 66.7232062614357 64.58590104825052 62.21511685642598 59.70006768199337 57.12275439096735 54.604183132867796 52.2653317697041 50.2401941164481 48.62454028552298 47.37027884236756 46.41890287670698 45.8171194418376 45.47398821753877 45.34028691135441 45.35471429182636 45.447680419837226 45.53893476994728 45.63494103172909 45.731003586191456 45.810695991123794 45.89128324076259 45.968676809191805 46.05085368073126 46.12366097934875 46.214958550630016 46.32078937386435 46.4497185041884 46.587146640358085 46.74361109261193 46.924467705340106 47.09826679735398 47.29181330778885 47.48389063316965 47.66375215106361 47.85724244667335 48.02412009884987 48.18973838247219 48.343373324780146 48.48562926838585 48.63726623669715 48.7802335711753 48.91912356925408 49.025235016082256 49.099021746461 49.097920270313345 49.003317658213874 48.77865766934775 48.37389828020797 47.79048021374639 46.982298093040704 45.972224579216764 44.75143386948271 43.30565553739218 41.7226762861391 40.02065301648878 38.24439729097928 36.455290832270784 34.69753289962649 33.04362834180996 31.527008835559663 30.189279254664708 29.051834783977352 28.135441991617938 27.47313929587154 27.022126585098007 26.7931618772535 26.80754308750369 27.04416160508226 27.49252061543995 28.120982556266007 28.929509744127447 29.90765916863917 31.055413402277033 32.34138956926312 33.754327717189774 35.22035119046158 36.64406618050738 38.11061397625563 39.5875153160562 41.04325160844216 42.47818659531366 43.82796878250155 45.09295486970314 46.23093304889203 47.16706769476407 47.965231906201126 48.636065295371466 49.25405631610692 49.70194851469431 49.980012051932164 50.15185531284613 50.19650344478815 50.15594984247165 50.07283132000696 49.94718455211746 49.85330432853202 49.769937005063184 49.686518971848436 49.66669754497869 49.69989491527131 49.796732101010285 49.94658771863706 50.18119121782745 50.47958461258315 50.799166236699115 51.16118234898504 51.53367130123331 51.91684949066282 52.29990467975246 52.65117386204559 52.98109330166191 53.2579825757309 53.4922854300214 53.662937980085985 53.79100308106809 53.887192933661446 53.98342845725409 54.047712350560936 54.13320192116427 54.22935459487896 54.35727466582277 54.52764879925237 54.729864656998224 54.94267653974369 55.198001581174154 55.47449260391244 55.74035334642347 55.974341482490864 56.218931034306635 56.42107252076384 56.61253936369602 56.761511913708816 56.878615872525216 56.953225801818505 57.01723511773389 57.05996042154232 57.06019521047088 57.04979904220865 57.028795829298915 56.99713579940276 56.954846236695445 56.90194952056731 56.84901916781795 56.78547879631729 56.73253158368955 56.668973313562276 56.6053893141923 56.563053940278536 56.59503694310937 56.711989778727265 56.92451873345042 57.21136964964495 57.561951535511064 57.88066714546407 58.1250363115244 58.27381815628647 58.33763188967919 58.369570046432266 58.422754598176255 58.44407405709687 58.50787868709355 58.720357513193456 59.177102936163706 59.93121886381788 60.96146536359885 62.24660172445138 63.68043091676371 65.02928931266935 66.09139372404468 66.8030256721953 67.20665560657493 67.34477004981036 67.1855125128925 66.68638995821331 65.85802774519864 64.80663519458106 63.64902960145762 62.55514486100922 61.7904983211105 61.66308096370823 62.215379447475385 63.46863895422909 65.29540712135548 67.48327606180308 69.83045443747203 72.1563920715329 74.29115939024682 76.001105113043 77.16939676884255 77.79603637401401 77.84916160528665 77.33939060631862 76.30920991286024 74.76923763731097 72.8894034253212 70.86087873636721 68.84297296863664 67.04809759068401 65.63556557084324 64.7434426213798 64.32924921832854 64.35050160724668 64.77533701216383 65.6249992569277 66.85700369044322 68.53507546746667 70.58487122662555 72.97452707205778 75.59783854569666 78.26363178977066 80.83383926108728 83.13853042513655 85.05025803569544 86.40971027878216 87.17440524542093 87.33372213028626 86.88766166031036 85.94242861362478 84.54050647789067 82.81996391664492 80.97197341163665 79.12398180161945 77.4140584615495 75.93778950803868 74.80138207543564 73.96235261877787 73.45256376851863 73.1658088241049 73.09146748618151 73.18705638426262 73.46319660079068 73.94112979924577 74.61023473666641 75.5129946803579 76.66002980818655 78.08320269763963 79.75065081385479 81.61989199315774 83.6696843947188 85.7725804289694 87.85423484257907 89.79782069796968 91.46526891903228 92.79285542688126 93.69561461024267 94.14168479084175 94.04610035916758 93.49382666580304 92.48486372686355 91.09355627372055 89.42611106613754 87.57811421894897 85.66639319554193 83.77591352908605 81.98101976207664 80.35605676485199 78.93288659452654 77.72213002389584 76.73440756294659 75.95909864509977 75.3855826485245 75.00323877801169 74.78020506802594 74.7164815831658 74.83330956082035 75.09882709326293 75.52365474370814 76.10779258185062 76.86186133378087
29.416376700567508 29.41645578486981 29.818859616478143 30.16994710526153 30.549866511625098 30.916290713348776 31.276397099540826 31.61969188276094 31.956598873058027 32.2804507346043 32.591564479553604 32.893274083929356 33.185646660528384 33.468767392604406 34.00139041381916 34.46688175320977 34.83571236000032 35.165276467087764 35.49668810022602 36.20046648104988 36.8277379552848 37.437614962936145 38.07034716890692 38.73517053527817 39.397215846596175 40.056278547515184 40.68267976577307 41.21356721419047 41.57752882970442 41.70000929848544 41.52329738316131 40.954850105779435 39.94730978193931 38.42240859066779 36.47549647224998 34.1035954582568 31.418639735465057 28.48389944921783 25.41357316186178 22.32266324923972 19.302575381503832 16.43301884911955 13.780433812316137 11.370657483393341 9.30340694915821 7.5389981080533115 6.091506728205585 4.939964533976497 4.058681236953537 3.3962377849745575 2.8896127908922624 2.512290001159418 2.2394614476512387 2.057722768580094 1.9281965140812547 1.8382026180828972 1.8005621736292918 1.789250463747255 1.8311420396058644 1.8860754958347756 1.9809107921637426 2.1423651333628744 2.39750417273733 2.7460310673931962 3.281796848798105 4.111968024342828 5.370679485913474 7.219840891478537 9.80652457285229 13.159180644957631 16.984148498605887 20.89346930125255 24.591914791920424 27.85249211691887 30.536856173710877 32.65885680000012 34.20448304168392 35.14575638955499 35.38959754685135 34.891330048922576 33.66563884347355 32.15707585138066 30.739883674674896 29.80615681625448 29.586633107801394 30.295231473793027 31.77326280530189 33.85733620928403 36.33407077303165 38.918521701105725 41.43710349971116 43.65843828668529 45.489756602981466 46.78120667749549 47.51904364580182 47.66149180611101 47.169619050906945 46.17725579743233 44.79238500376172 43.17704714763225 41.57442454384387 40.146792593519336 39.04307088254895 38.330871883625605 38.13218834669662 38.43359203878889 39.24922484327323 40.45665988310928 41.961698144824474 43.65621687434429 45.47299854021276 47.33008315207282 49.051920274315506 50.54419241871566 51.765412383756136 52.60770283959073 52.99005947199858 52.92530683517891 52.45428314577571 51.65821527212331 50.604993262935615 49.361733264350846 47.98288652520395 46.65796226683782 45.41429657591767 44.3462860744594 43.54892713127881 43.04937252013524 42.87474077511419 43.03858248616143 43.54097152654308 44.327725894778695 45.38535081750074 46.673233669477945 48.08302213439789 49.64168918355144 51.20050669766849 52.69160789386723 54.033722796114716 55.18607966823087 56.06761791560775 56.6374726180164 56.90937805258812 56.88312573001692 56.54534211160055 55.96356767430605 55.13797670337995 54.190312651395026 53.215506672946354 52.28136373490891 51.455488124746154 50.846335298860474 50.42688651495008 50.197023380701886 50.17036302410315 50.37401338444489 50.82152115603381 51.49939852783435 52.43464635441408 53.640875091062384 55.158733651226015 57.01532254604838 59.0887518176751 61.162146083855085 62.923904648024184 64.31983040477672 65.40410950925437 66.23097596602943 66.81390202296126 67.12582287493005 67.08543637906378 66.6114669261568 65.73095155288794 64.55231881765998 63.5498437831351 63.19773045932679 63.631535583265965 64.64797179688942 65.73217548970514 66.4775988327805 66.7487754966411 66.61341665876068 66.31546220243516 65.96329710768741 65.5569049002667 64.96081433558246 63.98530089052182 62.603263348057794 60.93665483721635 59.45974241477023 58.56548452098121 58.37585941728035 58.91796157393101 59.98854241249263 61.57403747565255 63.79641204187788 66.66921947419107 70.02985357036849 73.66150387374178 77.13055717509155 79.98982365987807 82.0767007686083 83.4182945673296 84.08234345712955 84.13660597794751 83.54043563710796 82.15831065906251 79.949584096985 77.09041994518661 73.83827204008848 70.57256830705403 67.78114110974015 65.59949245113285 64.01407637044427 62.93004109245306 62.225423704053554 61.87312656837923 61.84604822403471 62.23904503319001 63.11987195991354 64.52918415020923 66.64313888569512 69.36688286433684 72.57845873371393 76.00684734434715 79.3539337235057 82.34869810372707 84.73367317379417 86.5224095358929 87.63360123651276 88.09434773635758 87.89110182415381 86.92900301782738 85.27580910705402 83.09412865525807 80.64142731052304 78.18872608009315 75.99348955730748 74.2454319916241 72.90390197067019 71.92824478058972 71.25070805300858 70.76288260732355 70.45121863462677 70.26151260350584 70.23441796727357 70.35638240143149 70.65450855414383 71.21010201958572 72.02316357616101 73.16144646937425 74.65205335930725 76.50853529240948 78.73089281934793 81.23781929467033 83.92090791815436 86.67175131098203 89.2599840941034 91.55009581869658 93.36592495742676 94.59906393313324 95.22241123998165 95.22241494343906 94.57197360543165 93.32529127387713 91.63142743278829 89.57168835060325 87.32223555643141 85.04568090919157 82.89108414202742 80.99395521349487 79.46270115190579 78.27022061811755 77.40296222283995 76.8338245758754 76.53570558469461 76.45440151657954 76.54925942888542 76.79317776339037 77.19970733449108 77.70109341090698 78.35153978988544 79.11039365693276 79.99120594827436 80.98042574056703 82.13225680508812 83.43314830613278 84.91020192140508 86.54986681848094 88.39279583865225 90.3847853153025 92.49873316205242 94.66688478555963 96.82148553740605 98.84057677509273 99.9999847613185 99.99998555464221 99.99998622429153 99.99998694140307 99.99998754672123 99.99998812989053 99.99998874773169
50.0 50.0 50.0 50.0 50.0 50.0 50.0 50.0 50.0 50.0 50.0 50.0 50.0 50.0 50.0 50.0 50.0 50.0 50.0 50.0 50.0 50.0 50.0 50.0 50.0 50.0 50.0 50.0 50.0 50.0 50.0 50.0 50.0 50.0 50.0 50.0 50.0 50.0 50.0 50.0 50.0 50.0 50.0 50.0 50.0 50.0 50.0 50.0 50.0 50.0 50.0 50.0 50.0 50.0 50.0 50.0 50.0 50.0 50.0 50.0 50.0 50.0 50.0 50.0 50.0 50.0 50.0 50.0 50.0 50.0 50.0 50.0 50.0 50.0 50.0 50.0 50.0 50.0 50.0 50.0 50.0 50.0 50.0 50.0 50.0 50.0 50.0 50.0 50.0 50.0 50.0 50.0 50.0 50.0 50.0 50.0 50.0 50.0 50.0 50.0 50.0 50.0 50.0 50.0 50.0 50.0 50.0 50.0 50.0 50.0 50.0 50.0 50.0 50.0 50.0 50.0 50.0 50.0 50.0 50.0 50.0 50.0 50.0 50.0 50.0 50.0 50.0 50.0 50.0 50.0 50.0 50.0 50.0 50.0 50.0 50.0 50.0 50.0 50.0 50.0 50.0 50.0 50.0 50.0 50.0 50.0 50.0 50.0 50.0 50.0 50.0 50.0 50.0 50.0 50.0 50.0 50.0 50.0 50.0 50.0 50.0 50.0 50.0 50.0 50.0 50.0 50.0 50.0 50.0 50.0 50.0 50.0 50.0 50.0 50.0 50.0 50.0 50.0 50.0 50.0 50.0 50.0 50.0 50.0 50.0 50.0 50.0 50.0 50.0 50.0 50.0 50.0 50.0 50.0 50.0 50.0 50.0 50.0 50.0 50.0 50.0 50.0 50.0 50.0 50.0 50.0 50.0 50.0 50.0 50.0 50.0 50.0 50.0 50.0 50.0 50.0 50.0 50.0 50.0 50.0 50.0 50.0 50.0 50.0 50.0 50.0 50.0 50.0 50.0 50.0 50.0 50.0 50.0 50.0 50.0 50.0 50.0 50.0 50.0 50.0 50.0 50.0 50.0 50.0 50.0 50.0 50.0 50.0 50.0 50.0 50.0 50.0 50.0 50.0 50.0 50.0 50.0 50.0 50.0 50.0 50.0 50.0 50.0 50.0 50.0 50.0 50.0 50.0 50.0 50.0 50.0 50.0 50.0 50.0 50.0 50.0 50.0 50.0 50.0 50.0 50.0 50.0 50.0 50.0 50.0 50.0 50.0 50.0 50.0 50.0 50.0 50.0 50.0 50.0 50.0 50.0 50.0 50.0 50.0 50.0 50.0 50.0
50.0 50.0 50.0 50.0 50.0 50.0 50.0 50.0 50.0 50.0 50.0 50.0 50.0 50.0 50.0 50.0 50.0 50.0 50.0 50.0 50.0 50.0 50.0 50.0 50.0 50.0 50.0 50.0 50.0 50.0 50.0 50.0 50.0 50.0 50.0 50.0 50.0 50.0 50.0 50.0 50.0 50.0 50.0 50.0 50.0 50.0 50.0 50.0 50.0 50.0 50.0 50.0 50.0 50.0 50.0 50.0 50.0 50.0 50.0 50.0 50.0 50.0 50.0 50.0 50.0 50.0 50.0 50.0 50.0 50.0 50.0 50.0 50.0 50.0 50.0 50.0 50.0 50.0 50.0 50.0 50.0 50.0 50.0 50.0 50.0 50.0 50.0 50.0 50.0 50.0 50.0 50.0 50.0 50.0 50.0 50.0 50.0 50.0 50.0 50.0 50.0 50.0 50.0 50.0 50.0 50.0 50.0 50.0 50.0 50.0 50.0 50.0 50.0 50.0 50.0 50.0 50.0 50.0 50.0 50.0 50.0 50.0 50.0 50.0 50.0 50.0 50.0 50.0 50.0 50.0 50.0 50.0 50.0 50.0 50.0 50.0 50.0 50.0 50.0 50.0 50.0 50.0 50.0 50.0 50.0 50.0 50.0 50.0 50.0 50.0 50.0 50.0 50.0 50.0 50.0 50.0 50.0 50.0 50.0 50.0 50.0 50.0 50.0 50.0 50.0 50.0 50.0 50.0 50.0 50.0 50.0 50.0 50.0 50.0 50.0 50.0 50.0 50.0 50.0 50.0 50.0 50.0 50.0 50.0 50.0 50.0 50.0 50.0 50.0 50.0 50.0 50.0 50.0 50.0 50.0 50.0 50.0 50.0 50.0 50.0 50.0 50.0 50.0 50.0 50.0 50.0 50.0 50.0 50.0 50.0 50.0 50.0 50.0 50.0 50.0 50.0 50.0 50.0 50.0 50.0 50.0 50.0 50.0 50.0 50.0 50.0 50.0 50.0 50.0 50.0 50.0 50.0 50.0 50.0 50.0 50.0 50.0 50.0 50.0 50.0 50.0 50.0 50.0 50.0 50.0 50.0 50.0 50.0 50.0 50.0 50.0 50.0 50.0 50.0 50.0 50.0 50.0 50.0 50.0 50.0 50.0 50.0 50.0 50.0 50.0 50.0 50.0 50.0 50.0 50.0 50.0 50.0 50.0 50.0 50.0 50.0 50.0 50.0 50.0 50.0 50.0 50.0 50.0 50.0 50.0 50.0 50.0 50.0 50.0 50.0 50.0 50.0 50.0 50.0 50.0 50.0 50.0 50.0 50.0 50.0 50.0 50.0
50.0 50.0 50.0 50.0 50.0 50.0 50.0 50.0 50.0 50.0 50.0 50.0 50.0 50.0 50.0 50.0 50.0 50.0 50.0 50.0 50.0 50.0 50.0 50.0 50.0 50.0 50.0 50.0 50.0 50.0 50.0 50.0 50.0 50.0 50.0 50.0 50.0 50.0 50.0 50.0 50.0 50.0 50.0 50.0 50.0 50.0 50.0 50.0 50.0 50.0 50.0 50.0 50.0 50.0 50.0 50.0 50.0 50.0 50.0 50.0 50.0 50.0 50.0 50.0 50.0 50.0 50.0 50.0 50.0 50.0 50.0 50.0 50.0 50.0 50.0 50.0 50.0 50.0 50.0 50.0 50.0 50.0 50.0 50.0 50.0 50.0 50.0 50.0 50.0 50.0 50.0 50.0 50.0 50.0 50.0 50.0 50.0 50.0 50.0 50.0 50.0 50.0 50.0 50.0 50.0 50.0 50.0 50.0 50.0 50.0 50.0 50.0 50.0 50.0 50.0 50.0 50.0 50.0 50.0 50.0 50.0 50.0 50.0 50.0 50.0 50.0 50.0 50.0 50.0 50.0 50.0 50.0 50.0 50.0 50.0 50.0 50.0 50.0 50.0 50.0 50.0 50.0 50.0 50.0 50.0 50.0 50.0 50.0 50.0 50.0 50.0 50.0 50.0 50.0 50.0 50.0 50.0 50.0 50.0 50.0 50.0 50.0 50.0 50.0 50.0 50.0 50.0 50.0 50.0 50.0 50.0 50.0 50.0 50.0 50.0 50.0 50.0 50.0 50.0 50.0 50.0 50.0 50.0 50.0 50.0 50.0 50.0 50.0 50.0 50.0 50.0 50.0 50.0 50.0 50.0 50.0 50.0 50.0 50.0 50.0 50.0 50.0 50.0 50.0 50.0 50.0 50.0 50.0 50.0 50.0 50.0 50.0 50.0 50.0 50.0 50.0 50.0 50.0 50.0 50.0 50.0 50.0 50.0 50.0 50.0 50.0 50.0 50.0 50.0 50.0 50.0 50.0 50.0 50.0 50.0 50.0 50.0 50.0 50.0 50.0 50.0 50.0 50.0 50.0 50.0 50.0 50.0 50.0 50.0 50.0 50.0 50.0 50.0 50.0 50.0 50.0 50.0 50.0 50.0 50.0 50.0 50.0 50.0 50.0 50.0 50.0 50.0 50.0 50.0 50.0 50.0 50.0 50.0 50.0 50.0 50.0 50.0 50.0 50.0 50.0 50.0 50.0 50.0 50.0 50.0 50.0 50.0 50.0 50.0 50.0 50.0 50.0 50.0 50.0 50.0 50.0 50.0 50.0 50.0 50.0 50.0 50.0