4 302 9
300.00980000000004 300.01 301.04 301.96 302.98 303.99 305.01 306.01 307.02 308.02 309.01 310.0 310.99 311.98 312.96 314.05 315.02 316.0 316.97 318.05 319.02 319.98 320.95 322.03 323.0 323.97 325.04 326.02 326.99 327.96 329.05 330.03 331.01 332.0 332.99 333.98 334.97 335.97 336.98 337.99 339.0 340.02 341.04 341.95 342.98 344.02 344.95 345.99 347.04 347.98 349.03 349.98 351.04 352.0 352.95 354.03 354.99 355.95 357.04 358.01 358.98 359.95 361.05 362.02 363.0 363.98 364.95 366.06 367.04 368.02 368.99 369.97 370.95 372.05 373.03 374.0 374.98 375.95 377.04 378.0 378.97 380.05 381.01 381.96 383.04 383.98 385.05 385.99 387.04 387.98 389.02 389.95 390.99 392.02 393.05 393.96 394.98 395.99 397.0 398.01 399.01 400.0 401.0 401.98 402.97 403.95 405.04 406.02 406.99 407.96 409.04 410.01 410.97 412.05 413.01 413.98 415.05 416.02 416.98 417.95 419.03 420.0 420.98 421.95 423.04 424.03 425.01 426.0 427.0 427.99 429.0 430.0 431.01 432.03 433.05 433.96 434.99 436.02 437.06 437.99 439.03 439.97 441.02 441.97 443.03 443.98 445.05 446.0 446.96 448.04 449.01 449.97 451.06 452.03 453.0 453.98 454.95 456.05 457.02 458.0 458.98 459.95 461.05 462.03 463.0 463.98 464.95 466.04 467.01 467.98 468.95 470.03 470.99 471.95 473.03 473.98 475.04 475.99 477.05 477.99 479.04 479.97 481.01 482.05 482.96 483.99 485.01 486.03 487.05 488.06 488.95 489.95 490.95 492.05 493.04 494.02 495.0 495.98 496.95 498.03 499.0 499.97 501.04 502.01 502.97 504.04 505.0 505.96 507.03 507.99 508.96 510.03 511.0 511.97 513.05 514.02 515.0 515.98 516.96 517.95 519.05 520.05 521.05 522.05 522.95 523.96 524.98 526.0 527.03 528.06 528.98 530.02 530.95 532.0 533.05 533.99 535.05 536.0 536.95 538.02 538.98 540.06 541.02 541.98 542.95 544.03 545.0 545.97 546.94 548.04 549.01 549.98 550.96 552.05 553.02 553.99 554.97 556.06 557.02 557.99 558.96 560.04 561.0 561.96 563.03 563.99 565.05 566.0 567.06 568.0 569.05 569.98 571.03 571.95 572.99 574.02 575.04 575.95 576.96 577.98 578.98 579.98 580.98 581.97 582.96 583.95 585.04 586.02 586.99 587.96 589.04 590.0 590.97 592.03 592.99 593.95 595.02 595.97 597.04 597.99 598.95 600.02
0.0 13.54 26.89 39.77 51.58 60.9 70.0 80.0 90.0
71.04621016395508 71.04640116776291 72.01828385346005 72.86622769671244 73.78380616888882 74.6687911250516 75.53851734100292 76.36764030081241 77.18133551154482 77.96350007421718 78.7148996341819 79.44358638507431 80.14972241721287 80.83351346454663 81.48863126151679 82.19218038521053 82.79637466926383 83.38620033031759 83.9499753586079 84.55469490631351 85.07760724218844 85.57671080199597 86.0628242770298 86.58308345197726 87.03199759835246 87.46401013135127 87.92150344746943 88.32348667487035 88.70581620544317 89.0731366507707 89.46856084454765 89.8089302791267 90.1354393507316 90.45167684330286 90.75470945707075 91.04499891710968 91.32299884563508 91.59178361798111 91.85144626538978 92.09969055317852 92.33695734246406 92.56586954226188 92.7844541505615 92.9710893349243 93.17318282103754 93.3677742527981 93.53405936521106 93.71173239951312 93.88261661152673 94.02866297110008 94.18438485663707 94.31881549645519 94.46188429454403 94.58542075370688 94.70226648863779 94.82885690351769 94.93604806687371 95.03844139025932 95.14914329683194 95.24291166257191 95.33241284382228 95.4178333955487 95.50999053245954 95.58729270871683 95.66179417291137 95.73284107811558 95.79991360693788 95.87288634464566 95.93411680484175 95.99249202854743 96.04758736720244 96.10066204148657 96.1512532899957 96.20522202659778 96.25091305638466 96.2940256910437 96.33554686656555 96.37472162744773 96.41656929355862 96.45161159983884 96.48537523218569 96.52111622725911 96.55132623093068 96.57984487628777 96.61068154379724 96.63621327549419 96.66386764368347 96.68698301124962 96.7115629182347 96.7325092115749 96.75457488337798 96.77336594647879 96.79337823151243 96.81220601341629 96.8300954929486 96.84515725741967 96.86124996929159 96.87640124366878 96.89081077356828 96.90451466643113 96.9174214383261 96.92958212526521 96.94127239490082 96.95217806774735 96.96266791859347 96.9725548510528 96.982999373928 96.99191783358893 97.00032675625928 97.0083389344195 97.01681567800802 97.02404969561658 97.030872868898 97.03816852193908 97.04433180044235 97.0502666894374 97.05648882194265 97.0618495131912 97.06690556272832 97.07177414362293 97.076924672725 97.08131983319345 97.08554940776455 97.08953695981151 97.09379336556326 97.09746360545462 97.10092242038135 97.10424885260556 97.10744603498586 97.11045781552842 97.11338077725686 97.11613312262224 97.11877690707782 97.12131488878698 97.12372680159413 97.12577729541789 97.12798845762354 97.13008872078395 97.13210251190323 97.13381679243585 97.13564181781528 97.13721171809753 97.13888031619501 97.14031638801238 97.14184029463689 97.14313913392537 97.1445300685196 97.14570419576765 97.1468353879712 97.14804476424625 97.1490766976002 97.15004990304622 97.15109974349787 97.15198710350307 97.15283246860176 97.15364592653069 97.15441278475821 97.15523859561013 97.15593007542088 97.2073723933811 97.23847265626912 97.25938146149971 97.29049207109004 97.35197063104351 97.40326293267685 97.43422486139804 97.46515874001368 97.43518926758914 97.3746747729441 97.2328924007021 97.00984217378367 96.73603205939347 96.4215333462008 96.10701665394669 95.7925199564438 95.54905820471228 95.37670565960454 95.28555716842705 95.27567379834606 95.25559141941926 95.20505453088403 95.10369745232443 94.89063352893517 94.61661943094111 94.32225699689845 94.08884528133483 93.92651662924818 93.57120655160502 92.4338405240016 90.07768596277602 86.00505716751698 80.5409859015494 73.92920878350895 66.72833964020666 59.16180288353774 51.310861154379005 43.22629854737015 34.908115709769504 26.671166852284355 19.12485092892716 12.75668280710309 8.13543903031503 5.007209658848414 3.1485520474455257 2.011012086142662 1.3406757295756278 0.9445675954077146 0.6804953491524497 0.5179893316533628 0.40626636622774503 0.3250132653312635 0.2640734248745456 0.2336035261759267 0.20313359369036849 0.19297700712898883 0.182820397819348 0.1726637774612329 0.16250714597613045 0.15235050407933387 0.15235055670779432 0.15235061220830487 0.14219394940962773 0.14219399191236948 0.13203731574637653 0.12188062889186263 0.12188066071271936 0.11172396698696692 0.11172399359507491 0.11172401912176969 0.10156731215193486 0.10156733090210211 0.0914106159763959 0.10156736826523395 0.10156738672608301 0.10156740424274563 0.09141067724663127 0.09141069165088594 0.08125395904658514 0.08125396945282813 0.08125398059662904 0.08125399009983983 0.08125400025963721 0.07109725773615629 0.07109726489321433 0.0710972717841991 0.0609405249201447 0.06094053025127732 0.06094053533002077 0.060940540168323815 0.06094054537848935 0.06094054974107259 0.05078379491426676 0.05078379824686288 0.05078380176666887 0.05078380474166681 0.040627046060656605 0.04062704824236569 0.040627050546633056 0.04062705247463738 0.040627054330965355 0.05078382012426248 0.050783822462594344 0.05078382443771471 0.050783826320268816 0.05078382831474889 0.05078383001560134 0.0507838318011783 0.05078383332299742 0.050783834937846835 0.0507838363000079 0.05078383774775826 0.04062707117447453 0.04062707222350611 0.040627073098462724 0.04062707404027049 0.050783843657472925 0.05078384469908247 0.05078384558456884 0.05078384652132039 0.06094061690464289 0.060940617910441655 0.060940618867187074 0.0609406197772715 0.06094062063452611 0.06094062145037978 0.06094062222683195 0.07109739354481566 0.08125416497503372 0.08125416584591375 0.09141093751000952 0.09141093849731652 0.09141093933126576 0.1015677112602352 0.11172448340564413 0.12188125558186677 0.14219479924360529 0.1523515718267898 0.1726651158932794 0.19297866032341995 0.23360574812135607 0.274232836350399 0.3453302405007618
70.84189413879645 70.84208459331195 71.81117232053342 72.65667763096033 73.57161731373789 74.4540572135472 75.32128225451663 76.14802080695063 76.95937597771801 77.73929117685506 78.4885298478569 79.21512102770922 79.91922634058808 80.60105092878901 81.25428472569808 81.95581056961204 82.55826730039885 83.14639672974194 83.7085504432204 84.31153092709646 84.83293946185763 85.33060769027668 85.8153231910517 86.33408619489542 86.78170934553962 87.21247948878454 87.66865713703427 88.06948433352217 88.4507143536523 88.81697845194634 89.21126547740229 89.5506560711706 89.8762261618568 90.19155421270924 90.49371535959668 90.78316999975594 91.06037045086714 91.32838224691812 91.58729815160993 91.8348285338148 92.07141298681277 92.29966687660834 92.51762287518726 92.70372133058258 92.90523363245394 93.09926545452137 93.26507236108588 93.4422344399399 93.61262721992806 93.75825357663837 93.91352763425307 94.04757167591312 94.19022903406616 94.31341022476022 94.4299199325327 94.55614629632063 94.66302919731643 94.7651280560601 94.87551160401125 94.96901030892444 95.05825410099727 95.14342899869717 95.23532110838335 95.31240097759073 95.38668818907568 95.45753077625594 95.52441041664048 95.59717329797903 95.65822767046801 95.7164350176093 95.77137191205493 95.82429395319423 95.87473971044099 95.92855324273702 95.97411287340255 96.01710152393734 96.05850329208303 96.09756539345231 96.13929271325927 96.17423424421713 96.20790077847613 96.24353898892484 96.27366211410063 96.30209874500193 96.33284673184399 96.35830503890753 96.38587987814553 96.40892877010363 96.43343798973068 96.4543240453272 96.47632626025701 96.49506328366573 96.51501801699432 96.53379165360946 96.55162968624064 96.56664813580664 96.58269456795561 96.59780227001346 96.6121703607163 96.62583484366677 96.6387044980248 96.65083021303207 96.66248686357076 96.67336117367856 96.68382085761465 96.69367935704797 96.70409384336818 96.71298665515536 96.72137139528802 96.72936053187584 96.73781289788599 96.7450261117709 96.75182966284247 96.75910433490755 96.76524988893878 96.77116771026861 96.77737194904839 96.7827172239204 96.78775873317532 96.79261331291359 96.79774903002735 96.80213155081081 96.80634896189193 96.81032504646186 96.81456921156203 96.81822889650859 96.82167776451041 96.82499463051838 96.82818261838155 96.83118573758908 96.8341002934093 96.8368447235282 96.8394809049388 96.84201158787252 96.84441656445553 96.84646116143065 96.84866596473452 96.85076018791868 96.85276818773966 96.85447753831212 96.85629731524932 96.85786270078286 96.85952650029459 96.86095844222966 96.86247796637488 96.86377307043695 96.86516000495537 96.86633075562624 96.867458694726 96.9600597058895 97.022020364854 97.05345796390532 97.09512808806073 97.15694748464229 97.20857045791502 97.22969557860479 97.24061871530621 97.20082220083546 97.11011147388419 96.9584379435769 96.72548285160491 96.44170848986677 96.15797607237107 95.88429815206497 95.61058649300234 95.37747800098948 95.2052773294802 95.06357473995105 94.9928904818025 94.9018733018871 94.77021094211203 94.618255929087 94.41545597120937 94.18216932201963 93.79655321261895 93.19758966402927 92.21268480919203 90.65895427782881 88.3434732777536 84.98179195772693 80.6450532445899 75.31289217893567 69.06660103392942 62.048351251378875 54.56283359611401 46.87415709809604 39.165131955363826 31.699842222193105 24.701744636327405 18.41461077541813 13.143153783846552 8.907698749745835 5.748876031981517 3.575277750626861 2.2650224299966335 1.462617035107194 0.9750790735373358 0.6906817186978768 0.507854695874787 0.38596996355494656 0.30471339499573846 0.25392804023535614 0.21329973965661495 0.17267134742873091 0.16251432438738417 0.14220014048627938 0.12188591265693031 0.11172882137816716 0.10157172139723569 0.10157177733872162 0.10157183120055517 0.09141469889601887 0.09141474267105636 0.09141478437370608 0.10157203165213198 0.0914148661268882 0.10157211371733159 0.10157215203599722 0.11172940737456787 0.10157222360976613 0.11172948667319521 0.11172952178217639 0.11172955517889284 0.11172958694685076 0.10157237655559746 0.10157240307433199 0.10157242853045667 0.10157245272088081 0.10157247592815181 0.0914152481734611 0.09141526504947323 0.09141528321490468 0.08125804326934115 0.09141531529362126 0.08125807205282005 0.0812580839895719 0.08125809679400757 0.07110084424365042 0.07110085334957794 0.07110086310090159 0.06094360407140193 0.06094361169163902 0.06094361812823083 0.06094362426316523 0.06094363017002517 0.06094363641831824 0.06094364174972305 0.060943646828725814 0.050786376389396586 0.05078638073142288 0.05078638436709453 0.05078638783064429 0.05078639116341057 0.050786394683396276 0.05078639765854611 0.05078640049284477 0.060943683864144435 0.050786406100601644 0.050786408510730095 0.05078641083125854 0.050786413041927186 0.05078641538037844 0.050786417355599654 0.05078641923824988 0.05078642123283178 0.05078642293377108 0.0507864247194392 0.05078642624133603 0.060943713427521466 0.0609437150621982 0.06094371679958734 0.060943718264064 0.07110100647730701 0.07110100800855926 0.07110100965680699 0.0812582985221427 0.08125830018880306 0.08125830160565359 0.09141559099259916 0.1015728806791883 0.12188745882672618 0.13204474913534095 0.1523593282007206 0.18283119641275988 0.22346035416276716 0.2640895128298863 0.3351905399787817 0.43676343584720645 0.5992800695622583 0.8532123111393947 1.3204476386442259 2.1736599788294284 3.6159951367311756 5.728711448663672 8.481337051798334 11.660568872302248 14.951530937454569 18.171392001512217 21.350623958126633 24.58064238412244 27.729402520657423 30.390612767182223
70.61283323924613 70.61302307794405 71.57897734707213 72.42174879204647 73.33373009956713 74.21331670924768 75.07773765596734 75.90180302357454 76.71053475029755 77.4879281637136 78.23474423879189 78.9589860513484 79.66081470296197 80.34043467261893 80.99155629673879 81.69081381986857 82.29132256094715 82.8775503266239 83.43788636657938 84.03891716723865 84.55863977435126 85.05469883726921 85.5378470540242 86.05493268430587 86.50110848571143 86.93048577240287 87.38518841121459 87.78471956897697 88.16471691609055 88.5297967323316 88.92280886611745 89.26110207089505 89.58561945994553 89.89992792587776 90.20111206184595 90.48963077643376 90.76593492479276 91.03308012878209 91.29115885215968 91.5378888671143 91.77370834554064 92.00122419689217 92.21847545433303 92.4039721770938 92.60483290704295 92.79823734464749 92.96350812947738 93.14009737066743 93.30993920091132 93.45509468788173 93.60986668078253 93.74347730307773 93.88567339148095 94.00845628686274 94.12458927096354 94.2504074931456 94.35694479788447 94.45871352914199 94.56874016180879 94.6619365470605 94.75089177735023 94.83579126967139 94.9273862544774 95.00421689285332 95.07826390331466 95.14887742735446 95.21554081843097 95.28806842753045 95.34892538619174 95.40694452510598 95.46170378603951 95.51445470851382 95.56473735393708 95.61837688501159 95.66378920270488 95.7066388533007 95.74790675254904 95.78684255012328 95.82843494839084 95.86326349904786 95.89682117559326 95.93234415309058 95.96236987784768 95.99071456145799 96.0213631274473 96.04673911736239 96.07422479583532 96.09719916127221 96.12162913253975 96.14244765495212 96.16437872769686 96.1830551666239 96.2029453781152 96.22165831186317 96.23943866681859 96.25440855557733 96.27040310302971 96.28546195569037 96.29978358846292 96.3134038885355 96.3262319300225 96.3383184376198 96.34993739742633 96.36077654642945 96.37120240991733 96.38102903277853 96.39140984479296 96.40027390247225 96.40863153130105 96.41659483573353 96.42501987177764 96.43220976238355 96.43899131478405 96.44624246485064 96.45236814778508 96.45826683437137 96.46445101230249 96.46977900370847 96.47480421169621 96.51011355771831 96.54570636554675 96.61102439406582 96.6558665286299 96.65983643250105 96.68439225010091 96.69820652321705 96.70165111577067 96.64400255632955 96.60654237111122 96.55873427317938 96.47019005849839 96.39163247550533 96.25199219037457 96.1020774516867 95.9825169692324 95.76096899650476 95.53956962452207 95.2570737069154 94.90333899853827 94.38668499628115 93.63635913625008 92.51986901092386 90.91557117821552 88.82313273776198 86.18184659232004 83.03206957621275 79.5163644209467 75.78693325228282 71.91507461620903 68.0228509484728 64.21173249211807 60.64445681200212 57.473594392824374 54.74984202282279 52.391968283028824 50.257675593283516 48.082662202813765 45.69416569054511 42.807452995367804 39.5750548136841 36.00713029712292 32.15450402893572 28.098525921594955 23.910312222854547 19.671215284395295 15.543897119529879 11.731682902438925 8.468407103221343 5.835398166277732 3.944501402301283 2.612734108830426 1.7384411875985877 1.209796642719945 0.8641433439112447 0.6303185710649553 0.48799002730928825 0.3863266615605489 0.30499555590299854 0.2541636910968822 0.21349801624440576 0.18299876946411203 0.16266592488072606 0.14233301217948185 0.13216665751176973 0.12200021390665665 0.11183374920427755 0.10166723271521759 0.10166741135310077 0.10166758110945262 0.10166774088388375 0.1016678751411707 0.09150121713026806 0.09150134031787639 0.0813346390194192 0.08133473664390853 0.09150168221795003 0.08133491623357851 0.07116812468538626 0.07116819348462386 0.06100137108066944 0.061001424306609285 0.06100147501277788 0.06100152816651312 0.061001573955834054 0.050834680948692215 0.05083471907373515 0.05083475158604715 0.061001739089602706 0.06100177848688404 0.07116878076481864 0.07116881850444597 0.07116885806572572 0.08133587673805338 0.0813359138428078 0.09150294722889413 0.10166998322794041 0.10167002350974375 0.11183706805188105 0.11183710822553984 0.12200416020973008 0.1118371876006066 0.12200424299283366 0.12200427946073439 0.12200431415009486 0.12200434392164508 0.1220043757748016 0.12200440635159712 0.13217147169209528 0.13217150189062923 0.14233857138665207 0.14233859766353155 0.15250567065868695 0.15250569645536974 0.16267277245306816 0.1728398505399379 0.19317397898057326 0.20334106254781262 0.23384225333516492 0.26434345066828374 0.30501171567969126 0.3761811600019163 0.46768474388592096 0.6100236434095991 0.8336990632513767 1.2200475278872374 1.8809067983342367 2.9281146232906523 4.402339366488201 6.303581117607923 8.530169370702476 10.980433349064063 13.593370730470639 16.24697670364488 18.72774290509276 20.852661752714923 22.489561370658436 23.51643681906223 23.882452754458225 23.679112432844384 22.967418389827024 21.899876655658936 20.628993398480336 19.225937917056946 17.863550593596585 16.775674238490428 16.175817337783805 16.216486210507302 17.050186952955514 18.768423444246984 21.411863940296527 24.80766833035489 28.76266204631962 33.0226683417013 37.27250761942258 41.27833727301424 44.90798515019425 48.05978042992291 50.68288758632085 52.56379812530721 53.560172809906575 53.478837059583114 52.50279827212401 50.784562603739545 48.62914241253417 46.3923854900795 44.35897007936621 42.74240492715687 41.66469490555298 41.227510896247594 41.502022489969036 42.488229754735514 44.13529721176847 46.21954915620729 48.547811094272724 50.88624009125799 53.092497052214064 55.07507828675972 56.77298120965497 58.11503633981339 59.08090941477512 59.72143588474056 60.00611453344916
69.47016977573794 69.47035654244833 70.42067964936241 71.24981328808987 72.14703682890296 73.0123898859024 73.86282269211563 74.67355295696726 75.46919771134382 76.2340112719267 76.96874229951707 77.68126436341049 78.37173595822497 79.04035825404881 79.68094336722511 80.36888543979711 80.9596766923333 81.53641806554563 82.08768669536087 82.67899155946085 83.19030396679725 83.67833575562159 84.15366562280157 84.66238372511242 85.10133946802182 85.52376853135137 85.9711131295875 86.36417903683427 86.73802723138085 87.09719929193294 87.48385166665813 87.81667057919564 88.13593659754294 88.44515889451952 88.74146924066548 89.02531911846296 89.29715208728331 89.55997432262731 89.81387679199577 90.05661419880104 90.2886176243993 90.51245179299173 90.72618747029098 90.90868246775656 91.10629285061103 91.2965675995401 91.45916395709173 91.63289561468544 91.79998904856717 91.94279561588829 92.09506307394251 92.22651159666701 92.36640665468498 92.4872026657844 92.60145637508836 92.72523859504624 92.83005190316804 92.93017380331001 93.03841997472928 93.13010824736926 93.21762399581303 93.30114963661887 93.39126242282475 93.46684978063364 93.53969855545486 93.60916940485257 93.67475404270756 93.74610800326171 93.80598016893322 93.8630604367219 93.91693357817987 93.96883088029918 94.01829984725724 94.07107137842937 94.13602365716412 94.18833094664312 94.19850518155079 94.22666046284459 94.2574205404461 94.29167811073681 94.30436142584195 94.33929450983537 94.38915973641302 94.41703973637944 94.4268352377613 94.3907218671798 94.31592457119507 94.15517831933799 93.81242108460081 93.15013430447851 92.01986073327133 90.44771162647254 88.42750626655646 85.93636022222609 83.04569178417269 79.7844090361536 76.20666975023575 72.44337219677796 68.62734395773033 64.92197433134046 61.50086362322882 58.527583666309496 56.002531613633664 53.915520829864086 52.31801098114163 51.138589052674455 50.34736449643647 49.89229876232238 49.64121568138619 49.481841014363695 49.34311168689805 49.19350829597882 49.00279614408769 48.791853692291006 48.57009112323188 48.3379646101002 48.08550719692707 47.853038141906495 47.67151044142223 47.489871856101544 47.25723015465109 46.87082449780506 46.16731946000423 45.05461002038079 43.461299855299075 41.28468231061752 38.62714880362048 35.56028525146481 32.12497370052493 28.43368250587773 24.588715889348364 20.723024241363188 16.969611612354058 13.502394634835273 10.474845054907629 7.917676992335176 5.912818460120599 4.398904699446793 3.263441145620748 2.4859880698950536 1.923352009753445 1.514152649137705 1.2277124261054433 1.0128777253934693 0.8594248855390083 0.7366597513007969 0.6445865117053549 0.5832043688680559 0.5218205114586628 0.4808993991396606 0.45020847499952293 0.4195166451420032 0.4092889547304379 0.37859574111687916 0.3581342227289823 0.3479047293374033 0.3479074754371666 0.3274451130774353 0.32744744359185834 0.32744968613717484 0.3172189520539607 0.3172209021533327 0.32745600222966975 0.3274578356120339 0.3376926753317421 0.347927553749977 0.36839564423688265 0.38886405607957103 0.4195656621788333 0.45026744142154734 0.49120277068780904 0.5423719749521676 0.6140081599445795 0.675411230707997 0.7777490414708521 0.9107877795131506 1.084761913786922 1.3201383445324173 1.6066846017462741 2.0467369208178687 2.6505311173604453 3.4999366943999086 4.6358917403604565 6.160734947980858 8.053998739102882 10.274753019241997 12.812763511776724 15.586160635697174 18.53354172142345 21.542333867564928 24.45902419645036 27.150578674865145 29.432781528241353 31.213529140187617 32.32906783799618 32.83056882815377 32.820370206923535 32.359874342366915 31.59235568144759 30.599689045323267 29.514909768444678 28.49153158704914 27.64213141955147 27.120215937204197 27.01789462547442 27.41704317650484 28.276722189675745 29.535530215856 31.121831390874018 32.96398359747363 34.98011663572723 37.09859370732685 39.196601914328085 41.21273835938733 43.034429706689984 44.600266797345654 45.818144461545245 46.66759382733355 47.14861447216991 47.250972045992064 47.00537008183779 46.452741529540276 45.654492598468586 44.68226212945888 43.63839033716294 42.594518762145995 41.642753551174074 40.88543623932117 40.46584526322398 40.45561988845514 40.854759526621734 41.65303214308071 42.77879700469944 44.129714404795095 45.57273936346954 46.96459278250437 48.30527628329725 49.594788200627605 50.833129290359864 51.94866109642929 52.86974283126304 53.586141710825856 54.15926124597335 54.67097556698374 55.2747973898549 56.21634756374875 57.60820100472607 59.33778242348018 61.2618133472445 63.165376596368915 64.88472396136254 66.24587489671039 67.16695589034875 67.57632797242536 67.5558635586198 67.11579729468589 66.23566078338722 64.94615685592645 63.411031669711186 61.73262758370626 60.09515997188842 58.65214197155578 57.6082568484432 57.076081071886534 57.13748845960269 57.74130766360161 58.815899824583894 60.34079619932538 62.27506047294218 64.63916064047126 67.30005264243071 70.18609673246348 73.15401463951471 76.07076140542178 78.7828245491749 81.13669091225047 82.94814497122306 84.16601556296551 84.7084294339526 84.60608898516728 83.81805736360607 82.49784749885251 80.73756713036174 78.67026077595617 76.41873878995735 74.15698249995677 71.99756815276031 70.1042427084059 68.4872404719499 67.2079666424912 66.23571871603569 65.58073074853874 65.21230024973701 65.14066146842028 65.35558011083005 65.86729043892679 66.69626090675652 67.83225721194619 69.31621626299369 71.07649857677545 73.08240162659064 75.27252027511565
54.73027979329501 54.73042693262616 55.479114458557696 56.13232599064517 56.83918039425973 57.52092645998048 58.190917991305376 58.829630900392274 59.45645907950384 60.05899769853318 60.63783657056484 61.1991786839017 61.7431489044368 62.269905718830735 62.77457416269285 63.31655156443218 63.7819912006835 64.23636200222577 64.6706647604953 65.45073169227531 66.19026312666541 66.9059392506688 67.5681949577583 68.2037771858449 69.04254193279404 69.77721085997095 70.49775470279788 71.1772649232834 71.82471753724 72.40447089358346 72.9214761261095 73.27742376589647 73.47486820812401 73.4360610623714 73.06707834762913 72.29571720440416 71.14898552704376 69.64651284576935 67.75576980395748 65.54306147005843 63.097969790283955 60.51256251512962 57.86658340281509 55.269792632751596 52.87452414803753 50.80105775289676 49.133127146780005 47.843692515158295 46.874013131139414 46.23779452267949 45.8717115356158 45.720694523164816 45.71777368688217 45.78790121048378 45.86516706632041 45.94720557431503 46.03027223945805 46.09030593147795 46.164792103858076 46.2311070993054 46.29539085732743 46.35773121522981 46.44426180668701 46.53409057573528 46.654006407108966 46.782828343080986 46.930785839425994 47.10275997324211 47.26915576541817 47.455298650973596 47.64000611245436 47.81338484178779 47.99619596002505 48.15983396335047 48.319469796469676 48.46741246222816 48.6041356169127 48.75030573074665 48.887395831495525 49.02112776366264 49.12265493551531 49.19360027300209 49.187891152664584 49.086301789519624 48.85910441578493 48.44952242683363 47.86116069288683 47.048309276315834 46.034922665067654 44.80786616797088 43.35869700959116 41.76993864334429 40.06469210075988 38.28419640496912 36.49206788165898 34.73001699567286 33.07363667063688 31.554050636203787 30.213790844191397 29.074162692689697 28.156436171683755 27.49252061543995 27.0402213577961 26.81013174089466 26.82363053005873 27.059546217069375 27.50767156087768 28.135673920044493 28.943876806128873 29.92174616938421 31.0695879105256 32.35507881845365 33.76788452746249 35.23409135321648 36.65766217626461 38.123754364082124 39.600751048993565 41.05635447115091 42.49076615446483 43.84036252191861 45.10534110292342 46.242760808505075 47.178584624817496 47.9764151225936 48.647097630213295 49.264477183401056 49.7119842948098 49.98963859763562 50.16110629266389 50.2051187958944 50.164171899371006 50.08067514793961 49.954657298433744 49.86042436121197 49.776737473472735 49.69286145349065 49.67276054727163 49.70568366148908 49.80226320794537 49.9517765703137 50.18628784097405 50.484378147020486 50.803764252850996 51.165508741625 51.53792811455299 51.92085664009619 52.30384497228009 52.65487253829781 52.98464881556071 53.261384174190894 53.495554974877415 53.66598715370032 53.79399067508455 53.89005058195948 53.98608889881189 54.0502543857433 54.13563297248034 54.23166488554375 54.359480788558145 54.529760798987326 54.731883134273936 54.94460694588261 55.199837184816566 55.476253167501035 55.742034805436404 55.97594926513824 56.22046940048987 56.42253123123863 56.6139305801679 56.762840759346155 56.879881546922846 56.95445661685848 57.018375648778346 57.061045838106395 57.06124949122958 57.05079973277004 57.029740253642025 56.998033884249686 56.955716619309314 56.90275346068337 56.84979867486125 56.78620051319305 56.73323022433728 56.66963282867378 56.60601452248146 56.563644626961604 56.595610131775786 56.71253314517455 56.92503468520056 57.211873837557214 57.56242169790082 57.8811148082277 58.12546198700548 58.27422950736654 58.33802203291222 58.36994934263384 58.42311447277374 58.44441531287186 58.50819465961486 58.720664199263936 59.17739670916114 59.93150165270516 60.961743618187775 62.246872394142805 63.68068778089622 65.0295436478724 66.09163954609991 66.80325665494266 67.20688094252851 67.34498526661818 67.18571246022823 66.68658283916344 65.8582096203849 64.80680187580997 63.649188964641056 62.55529407039425 61.79063584003311 61.663211933682526 62.215505557115065 63.46875890151751 65.29552742244107 67.48339486226611 69.83057189885899 72.15650804178956 74.29127125668757 76.00121171001085 77.16950009555417 77.7961358138537 77.84925676522357 77.33948305424438 76.30929529368993 74.76931741403504 72.88947616642545 70.86094614242826 68.84303538837644 67.0481558546959 65.63561990739815 64.74349396297727 64.32929677769187 64.35054690973884 64.7753806742076 65.62504135626013 66.85704466231597 68.53511558951467 70.58490970943502 72.97456580460332 75.59787583141242 78.26366864686975 80.83387560909748 83.13856685941933 85.05029267645911 86.40974380705006 87.17443752600941 87.33375358917739 86.88769062000655 85.94245590216197 84.54053209566263 82.8199882754859 80.97199545743285 79.12400232438749 77.41407759020187 75.9378076905257 74.80139865249771 73.96236824170975 73.45257881235042 73.16582307486048 73.09148092689496 73.18706918927867 73.46320906686255 73.94114142576336 74.61024609654302 75.51300533719859 76.66004030910119 78.08321259219551 79.7506606293382 81.6199014912637 83.66969383689717 85.77258938929039 87.85424374885412 89.79782930962867 91.46527720616787 92.79286338787401 93.69562241421974 94.14169221974385 94.04610737433823 93.49383328791912 92.48487005721113 91.09356218413414 89.4261165688678 87.57811932971823 85.66639802852471 83.77591790401698 81.98102383130944 80.35606062535028 78.93289020081886 77.72213331740005 76.73441072329395 75.95910161495704 75.38558544873149 75.00324142878173 74.78020758705138 74.71648396893026
29.416376700567508 29.41645578486981 29.818859616478143 30.16994710526153 30.549866511625098 30.916290713348776 31.276397099540826 31.61969188276094 31.956598873058027 32.2804507346043 32.591564479553604 32.893274083929356 33.185646660528384 33.468767392604406 33.74001608911401 34.03131756743592 34.281481603195544 34.52569637261362 34.759124989964064 35.28071521540757 35.67687114418215 36.00550983206195 36.29405102105124 36.610048959776634 37.261075985536124 37.860745618601435 38.463401574813176 39.07036318093609 39.684829659533406 40.3211886156937 40.97431148025894 41.556022217423894 42.059061840896454 42.395835611698764 42.48724554383872 42.25493882542019 41.64529871705339 40.5927499774055 39.017007989430944 37.016061843676 34.587536674262374 31.84623527162446 28.854805071798104 25.723357408269543 22.582850946420347 19.51806245936427 16.604899496800233 13.918154044140131 11.482140144542749 9.38882723568256 7.604935481484635 6.142614819588734 4.979508395365695 4.089064476024545 3.4205677886783903 2.909385438692356 2.528730699729373 2.2531302136076543 2.0699866534674993 1.9392043830413892 1.8479637591326186 1.8096997399835462 1.7981281295529976 1.8395742101954418 1.8943705387371177 1.989231284503511 2.1509437742091277 2.406613630492845 2.7559946275683105 3.293141850111472 4.125487174740231 5.387539871137603 7.240803701001653 9.834237341860081 13.194606425827603 17.02772632500006 20.944536159460032 24.649069682005297 27.913679524036244 30.600530401425928 32.723754463360386 34.270370497118115 35.210160231833044 35.44952767301482 34.94887353444299 33.718269193696685 32.20463506231065 30.783073901153102 29.846807208878626 29.62394234163888 30.33233756670488 31.809254726960503 33.89459312465473 36.371881901637195 38.95778372211943 41.475897233371185 43.69808637734363 45.528774732986236 46.81918975506316 47.555564604856926 47.69705598674414 47.202895534198504 46.208177381077675 44.82075495386909 43.20295807365097 41.59807498638798 40.16891722416316 39.06346831909716 38.34990787897401 38.15014923633433 38.451134142006744 39.26583799523022 40.472908562890396 41.97806824172851 43.67241457840028 45.48867744889747 47.345907543563484 49.0675798663743 50.55916065792833 51.78005068550096 52.62215324051116 53.00361649202785 52.93822977244567 52.46651299593631 51.66993313467556 50.61569995307763 49.37170034845851 47.99212840873208 46.666568765332755 45.42209114492933 44.3535557540991 43.55574900018585 43.05581326434942 42.880864131621344 43.04446319524409 43.546529529363674 44.333137148536764 45.39063703145221 46.678417837907084 48.08801738395179 49.646731012491514 51.20536869076823 52.69637720175382 54.03829210217611 55.19063817984203 56.07194543789705 56.64173970438122 56.91337586212762 56.88694310583038 56.548953674400046 55.966988268385045 55.141109689944614 54.19332242337462 53.21832870159164 52.283940294359724 51.45790823940874 50.8486187412943 50.429034812049316 50.199060657132854 50.17230625466128 50.37587121475271 50.823306765738465 51.501111134827575 52.43631044406717 53.64249321738324 55.16031800670867 57.01688270456647 59.090279498333544 61.163649103964126 62.92537776164214 64.3212616625764 65.40552295617555 66.23230080200294 66.81517298276268 67.12706313468045 67.0866131012279 66.6125700441515 65.73198725355493 64.55330530467025 63.550741648133005 63.19859701915024 63.63234431032145 64.64876791332614 65.73294048261948 66.47833307993147 66.74947255258222 66.61409131253816 66.3160975812543 65.96389498500538 65.55748263506344 64.96134493141692 63.98579576796607 62.60372181958632 60.93708498508681 59.4601400623159 58.56586509027107 58.3762190030112 58.91830559674191 59.98886638135667 61.574359065990166 63.796728746519726 66.66953405671997 70.03017321701742 73.66182417936443 77.1308682922334 79.99013650703137 82.07700604683187 83.41858300017623 84.08262537526505 84.13687485720489 83.54068425748618 82.15854829035474 79.94980488776778 77.09061822003756 73.83845691489594 70.57273663996318 67.78129196124243 65.59963178189132 64.0142061260156 62.93016002186313 62.225538348962786 61.87323549249367 61.846152254900055 62.23914506421733 63.11996700480817 64.52927465699013 66.64322811817175 69.36697152993001 72.57854745093853 76.0069381994124 79.35402251101522 82.3487859675274 84.73375773507009 86.52249183990783 87.63368069366504 88.09442428931446 87.89117458500591 86.92907195259052 85.27587215245308 83.09418715318768 80.64148166716078 78.18877623922776 75.99353612827854 74.24547545664936 72.90394171781318 71.92828295780208 71.25074319467002 70.76291593205582 70.45125031395361 70.26154339461804 70.23444657358155 70.3564097007666 70.65453471743234 71.21012767051175 72.02318758151338 73.16146969967953 74.65207598064416 76.50855779494577 78.73091425497738 81.23784036571458 83.92092865461883 86.67177206360077 89.26000387539963 91.55011515665514 93.36594407971737 94.59908235851745 95.22242875033118 95.22243160382426 94.57198965348121 93.32530594836403 91.63144138424833 89.57170099148998 87.3222475178583 85.04569168601952 82.89109434402643 80.99396463876059 79.46271011932336 78.27022879469679 77.40297006961104 76.83383194428022 76.53571251914937 76.45440807584461 76.54926580472988 76.7931838232883 77.19971309304056 77.70109891443249 78.35154515284388 79.11039878984407 79.99121087043886 80.980430466317 82.13226143868792 83.43315266316388 84.91020613603158 86.54987097654478 88.3927998771497 90.38478914539145 92.4987369716619 94.66688848685598 96.82148913385237 98.84058026832373 99.99998812989053 99.99998874773169
50.0 50.0 50.0 50.0 50.0 50.0 50.0 50.0 50.0 50.0 50.0 50.0 50.0 50.0 50.0 50.0 50.0 50.0 50.0 50.0 50.0 50.0 50.0 50.0 50.0 50.0 50.0 50.0 50.0 50.0 50.0 50.0 50.0 50.0 50.0 50.0 50.0 50.0 50.0 50.0 50.0 50.0 50.0 50.0 50.0 50.0 50.0 50.0 50.0 50.0 50.0 50.0 50.0 50.0 50.0 50.0 50.0 50.0 50.0 50.0 50.0 50.0 50.0 50.0 50.0 50.0 50.0 50.0 50.0 50.0 50.0 50.0 50.0 50.0 50.0 50.0 50.0 50.0 50.0 50.0 50.0 50.0 50.0 50.0 50.0 50.0 50.0 50.0 50.0 50.0 50.0 50.0 50.0 50.0 50.0 50.0 50.0 50.0 50.0 50.0 50.0 50.0 50.0 50.0 50.0 50.0 50.0 50.0 50.0 50.0 50.0 50.0 50.0 50.0 50.0 50.0 50.0 50.0 50.0 50.0 50.0 50.0 50.0 50.0 50.0 50.0 50.0 50.0 50.0 50.0 50.0 50.0 50.0 50.0 50.0 50.0 50.0 50.0 50.0 50.0 50.0 50.0 50.0 50.0 50.0 50.0 50.0 50.0 50.0 50.0 50.0 50.0 50.0 50.0 50.0 50.0 50.0 50.0 50.0 50.0 50.0 50.0 50.0 50.0 50.0 50.0 50.0 50.0 50.0 50.0 50.0 50.0 50.0 50.0 50.0 50.0 50.0 50.0 50.0 50.0 50.0 50.0 50.0 50.0 50.0 50.0 50.0 50.0 50.0 50.0 50.0 50.0 50.0 50.0 50.0 50.0 50.0 50.0 50.0 50.0 50.0 50.0 50.0 50.0 50.0 50.0 50.0 50.0 50.0 50.0 50.0 50.0 50.0 50.0 50.0 50.0 50.0 50.0 50.0 50.0 50.0 50.0 50.0 50.0 50.0 50.0 50.0 50.0 50.0 50.0 50.0 50.0 50.0 50.0 50.0 50.0 50.0 50.0 50.0 50.0 50.0 50.0 50.0 50.0 50.0 50.0 50.0 50.0 50.0 50.0 50.0 50.0 50.0 50.0 50.0 50.0 50.0 50.0 50.0 50.0 50.0 50.0 50.0 50.0 50.0 50.0 50.0 50.0 50.0 50.0 50.0 50.0 50.0 50.0 50.0 50.0 50.0 50.0 50.0 50.0 50.0 50.0 50.0 50.0 50.0 50.0 50.0 50.0 50.0 50.0 50.0 50.0 50.0 50.0 50.0 50.0 50.0 50.0 50.0 50.0 50.0 50.0
50.0 50.0 50.0 50.0 50.0 50.0 50.0 50.0 50.0 50.0 50.0 50.0 50.0 50.0 50.0 50.0 50.0 50.0 50.0 50.0 50.0 50.0 50.0 50.0 50.0 50.0 50.0 50.0 50.0 50.0 50.0 50.0 50.0 50.0 50.0 50.0 50.0 50.0 50.0 50.0 50.0 50.0 50.0 50.0 50.0 50.0 50.0 50.0 50.0 50.0 50.0 50.0 50.0 50.0 50.0 50.0 50.0 50.0 50.0 50.0 50.0 50.0 50.0 50.0 50.0 50.0 50.0 50.0 50.0 50.0 50.0 50.0 50.0 50.0 50.0 50.0 50.0 50.0 50.0 50.0 50.0 50.0 50.0 50.0 50.0 50.0 50.0 50.0 50.0 50.0 50.0 50.0 50.0 50.0 50.0 50.0 50.0 50.0 50.0 50.0 50.0 50.0 50.0 50.0 50.0 50.0 50.0 50.0 50.0 50.0 50.0 50.0 50.0 50.0 50.0 50.0 50.0 50.0 50.0 50.0 50.0 50.0 50.0 50.0 50.0 50.0 50.0 50.0 50.0 50.0 50.0 50.0 50.0 50.0 50.0 50.0 50.0 50.0 50.0 50.0 50.0 50.0 50.0 50.0 50.0 50.0 50.0 50.0 50.0 50.0 50.0 50.0 50.0 50.0 50.0 50.0 50.0 50.0 50.0 50.0 50.0 50.0 50.0 50.0 50.0 50.0 50.0 50.0 50.0 50.0 50.0 50.0 50.0 50.0 50.0 50.0 50.0 50.0 50.0 50.0 50.0 50.0 50.0 50.0 50.0 50.0 50.0 50.0 50.0 50.0 50.0 50.0 50.0 50.0 50.0 50.0 50.0 50.0 50.0 50.0 50.0 50.0 50.0 50.0 50.0 50.0 50.0 50.0 50.0 50.0 50.0 50.0 50.0 50.0 50.0 50.0 50.0 50.0 50.0 50.0 50.0 50.0 50.0 50.0 50.0 50.0 50.0 50.0 50.0 50.0 50.0 50.0 50.0 50.0 50.0 50.0 50.0 50.0 50.0 50.0 50.0 50.0 50.0 50.0 50.0 50.0 50.0 50.0 50.0 50.0 50.0 50.0 50.0 50.0 50.0 50.0 50.0 50.0 50.0 50.0 50.0 50.0 50.0 50.0 50.0 50.0 50.0 50.0 50.0 50.0 50.0 50.0 50.0 50.0 50.0 50.0 50.0 50.0 50.0 50.0 50.0 50.0 50.0 50.0 50.0 50.0 50.0 50.0 50.0 50.0 50.0 50.0 50.0 50.0 50.0 50.0 50.0 50.0 50.0 50.0 50.0 50.0
50.0 50.0 50.0 50.0 50.0 50.0 50.0 50.0 50.0 50.0 50.0 50.0 50.0 50.0 50.0 50.0 50.0 50.0 50.0 50.0 50.0 50.0 50.0 50.0 50.0 50.0 50.0 50.0 50.0 50.0 50.0 50.0 50.0 50.0 50.0 50.0 50.0 50.0 50.0 50.0 50.0 50.0 50.0 50.0 50.0 50.0 50.0 50.0 50.0 50.0 50.0 50.0 50.0 50.0 50.0 50.0 50.0 50.0 50.0 50.0 50.0 50.0 50.0 50.0 50.0 50.0 50.0 50.0 50.0 50.0 50.0 50.0 50.0 50.0 50.0 50.0 50.0 50.0 50.0 50.0 50.0 50.0 50.0 50.0 50.0 50.0 50.0 50.0 50.0 50.0 50.0 50.0 50.0 50.0 50.0 50.0 50.0 50.0 50.0 50.0 50.0 50.0 50.0 50.0 50.0 50.0 50.0 50.0 50.0 50.0 50.0 50.0 50.0 50.0 50.0 50.0 50.0 50.0 50.0 50.0 50.0 50.0 50.0 50.0 50.0 50.0 50.0 50.0 50.0 50.0 50.0 50.0 50.0 50.0 50.0 50.0 50.0 50.0 50.0 50.0 50.0 50.0 50.0 50.0 50.0 50.0 50.0 50.0 50.0 50.0 50.0 50.0 50.0 50.0 50.0 50.0 50.0 50.0 50.0 50.0 50.0 50.0 50.0 50.0 50.0 50.0 50.0 50.0 50.0 50.0 50.0 50.0 50.0 50.0 50.0 50.0 50.0 50.0 50.0 50.0 50.0 50.0 50.0 50.0 50.0 50.0 50.0 50.0 50.0 50.0 50.0 50.0 50.0 50.0 50.0 50.0 50.0 50.0 50.0 50.0 50.0 50.0 50.0 50.0 50.0 50.0 50.0 50.0 50.0 50.0 50.0 50.0 50.0 50.0 50.0 50.0 50.0 50.0 50.0 50.0 50.0 50.0 50.0 50.0 50.0 50.0 50.0 50.0 50.0 50.0 50.0 50.0 50.0 50.0 50.0 50.0 50.0 50.0 50.0 50.0 50.0 50.0 50.0 50.0 50.0 50.0 50.0 50.0 50.0 50.0 50.0 50.0 50.0 50.0 50.0 50.0 50.0 50.0 50.0 50.0 50.0 50.0 50.0 50.0 50.0 50.0 50.0 50.0 50.0 50.0 50.0 50.0 50.0 50.0 50.0 50.0 50.0 50.0 50.0 50.0 50.0 50.0 50.0 50.0 50.0 50.0 50.0 50.0 50.0 50.0 50.0 50.0 50.0 50.0 50.0 50.0 50.0 50.0 50.0 50.0 50.0 50.0