4 302 9
300.00980000000004 300.01 301.04 301.96 302.98 303.99 305.01 306.01 307.02 308.02 309.01 310.0 310.99 311.98 312.96 314.05 315.02 316.0 316.97 318.05 319.02 319.98 320.95 322.03 323.0 323.97 325.04 326.02 326.99 327.96 329.05 330.03 331.01 332.0 332.99 333.98 334.97 335.97 336.98 337.99 339.0 340.02 341.04 341.95 342.98 344.02 344.95 345.99 347.04 347.98 349.03 349.98 351.04 352.0 352.95 354.03 354.99 355.95 357.04 358.01 358.98 359.95 361.05 362.02 363.0 363.98 364.95 366.06 367.04 368.02 368.99 369.97 370.95 372.05 373.03 374.0 374.98 375.95 377.04 378.0 378.97 380.05 381.01 381.96 383.04 383.98 385.05 385.99 387.04 387.98 389.02 389.95 390.99 392.02 393.05 393.96 394.98 395.99 397.0 398.01 399.01 400.0 401.0 401.98 402.97 403.95 405.04 406.02 406.99 407.96 409.04 410.01 410.97 412.05 413.01 413.98 415.05 416.02 416.98 417.95 419.03 420.0 420.98 421.95 423.04 424.03 425.01 426.0 427.0 427.99 429.0 430.0 431.01 432.03 433.05 433.96 434.99 436.02 437.06 437.99 439.03 439.97 441.02 441.97 443.03 443.98 445.05 446.0 446.96 448.04 449.01 449.97 451.06 452.03 453.0 453.98 454.95 456.05 457.02 458.0 458.98 459.95 461.05 462.03 463.0 463.98 464.95 466.04 467.01 467.98 468.95 470.03 470.99 471.95 473.03 473.98 475.04 475.99 477.05 477.99 479.04 479.97 481.01 482.05 482.96 483.99 485.01 486.03 487.05 488.06 488.95 489.95 490.95 492.05 493.04 494.02 495.0 495.98 496.95 498.03 499.0 499.97 501.04 502.01 502.97 504.04 505.0 505.96 507.03 507.99 508.96 510.03 511.0 511.97 513.05 514.02 515.0 515.98 516.96 517.95 519.05 520.05 521.05 522.05 522.95 523.96 524.98 526.0 527.03 528.06 528.98 530.02 530.95 532.0 533.05 533.99 535.05 536.0 536.95 538.02 538.98 540.06 541.02 541.98 542.95 544.03 545.0 545.97 546.94 548.04 549.01 549.98 550.96 552.05 553.02 553.99 554.97 556.06 557.02 557.99 558.96 560.04 561.0 561.96 563.03 563.99 565.05 566.0 567.06 568.0 569.05 569.98 571.03 571.95 572.99 574.02 575.04 575.95 576.96 577.98 578.98 579.98 580.98 581.97 582.96 583.95 585.04 586.02 586.99 587.96 589.04 590.0 590.97 592.03 592.99 593.95 595.02 595.97 597.04 597.99 598.95 600.02
0.0 13.54 26.89 39.77 51.58 60.9 70.0 80.0 90.0
71.04621016395508 71.04640116776291 72.01828385346005 72.86622769671244 73.78380616888882 74.6687911250516 75.53851734100292 76.36764030081241 77.18133551154482 77.96350007421718 78.7148996341819 79.44358638507431 80.14972241721287 80.83351346454663 81.48863126151679 82.19218038521053 82.79637466926383 83.38620033031759 83.9499753586079 84.55469490631351 85.07760724218844 85.57671080199597 86.0628242770298 86.58308345197726 87.03199759835246 87.46401013135127 87.92150344746943 88.32348667487035 88.70581620544317 89.0731366507707 89.46856084454765 89.8089302791267 90.1354393507316 90.45167684330286 90.75470945707075 91.04499891710968 91.32299884563508 91.59178361798111 91.85144626538978 92.09969055317852 92.33695734246406 92.56586954226188 92.7844541505615 92.9710893349243 93.17318282103754 93.3677742527981 93.53405936521106 93.71173239951312 93.88261661152673 94.02866297110008 94.18438485663707 94.31881549645519 94.46188429454403 94.58542075370688 94.70226648863779 94.82885690351769 94.93604806687371 95.03844139025932 95.14914329683194 95.24291166257191 95.33241284382228 95.4178333955487 95.50999053245954 95.58729270871683 95.66179417291137 95.73284107811558 95.79991360693788 95.87288634464566 95.93411680484175 95.99249202854743 96.04758736720244 96.10066204148657 96.1512532899957 96.20522202659778 96.25091305638466 96.2940256910437 96.33554686656555 96.37472162744773 96.41656929355862 96.45161159983884 96.48537523218569 96.52111622725911 96.55132623093068 96.57984487628777 96.61068154379724 96.63621327549419 96.66386764368347 96.68698301124962 96.7115629182347 96.7325092115749 96.75457488337798 96.77336594647879 96.79337823151243 96.81220601341629 96.8300954929486 96.84515725741967 96.86124996929159 96.87640124366878 96.89081077356828 96.90451466643113 96.9174214383261 96.92958212526521 96.94127239490082 96.95217806774735 96.96266791859347 96.9725548510528 96.982999373928 96.99191783358893 97.00032675625928 97.0083389344195 97.01681567800802 97.02404969561658 97.030872868898 97.03816852193908 97.04433180044235 97.0502666894374 97.05648882194265 97.0618495131912 97.06690556272832 97.07177414362293 97.076924672725 97.08131983319345 97.08554940776455 97.08953695981151 97.09379336556326 97.09746360545462 97.10092242038135 97.10424885260556 97.10744603498586 97.11045781552842 97.11338077725686 97.11613312262224 97.11877690707782 97.12131488878698 97.12372680159413 97.12577729541789 97.12798845762354 97.13008872078395 97.13210251190323 97.13381679243585 97.13564181781528 97.13721171809753 97.13888031619501 97.14031638801238 97.14184029463689 97.14313913392537 97.1445300685196 97.14570419576765 97.1468353879712 97.14804476424625 97.1490766976002 97.15004990304622 97.15109974349787 97.15198710350307 97.15283246860176 97.15364592653069 97.15441278475821 97.15523859561013 97.15593007542088 97.15659545418691 97.1572290237626 97.15782629656132 97.15846948268461 97.15901345996174 97.159526272226 97.1600197257656 97.16048490837875 97.16098141786799 97.16140107976182 97.2125805368206 97.24342952407649 97.26414478034762 97.2949535977042 97.35621490486453 97.40734297097671 97.43810208503503 97.46887916251994 97.43867357427938 97.37801517733101 97.23606271985497 97.01287400032048 96.7388635447875 96.42424004320993 96.10960387236966 95.79493140893142 95.55136619244365 95.37888383058711 95.28764353274266 95.27764618785396 95.25748299074039 95.20682639210015 95.1053962146417 94.89223762389396 94.61814491448482 94.3237190350927 94.09022520470448 93.92782165556369 93.57243818274846 92.43499220207156 90.078758836248 86.00604300202943 80.5418620604222 73.92997790417365 66.72899016682936 59.162350514045485 51.31131655921267 43.22666329091649 34.90839574682044 26.67137225336727 19.124989190171092 12.756770664252095 8.135492820173502 5.007240800205732 3.1485707022007112 2.0110235479757783 1.3406829173418853 0.9445724296408623 0.6804986737750462 0.5179917138697352 0.40626815122078497 0.3250146393777171 0.26407447747502294 0.233604415284607 0.20313433191750235 0.19297766241211584 0.18282099106907904 0.17266431261622162 0.1625076270473817 0.15235093516604956 0.15235096822790226 0.15235099635315313 0.14219429151883808 0.14219431557132753 0.1320376027439079 0.12188088509129473 0.12188090299550837 0.11172417868441616 0.11172419368905458 0.11172420799763869 0.10156747574578631 0.10156748762479981 0.09141075029209186 0.10156751105165183 0.10156752127602046 0.10156753112028442 0.09141078738021705 0.09141079537691597 0.08125404710669436 0.08125405355776508 0.08125406050465246 0.08125406632143012 0.0812540718628268 0.07109731754560802 0.07109732247333642 0.07109732663833354 0.06094056909098491 0.06094057236354854 0.06094057581994959 0.06094057871195607 0.060940581496448036 0.06094058414911497 0.050783822462594344 0.05078382443771471 0.050783826320268816 0.05078382831474889 0.04062706401248107 0.040627065440942634 0.04062706665839793 0.040627067950277464 0.04062706904000631 0.05078383774775826 0.05078383896809317 0.050783840279382646 0.05078384137307842 0.05078384255033812 0.050783843657472925 0.05078384469908247 0.05078384558456884 0.05078384652132039 0.050783847420535745 0.050783848258701386 0.040627079244791385 0.04062707985151433 0.0406270804230174 0.04062708096691985 0.0507838518556933 0.05078385253201118 0.050783853109396086 0.0507838536536961 0.060940625006673015 0.06094062566487768 0.06094062622084384 0.06094062675614111 0.06094062731216953 0.060940627790933385 0.0609406282472594 0.07109740018583526 0.08125417218507265 0.08125417276775576 0.09141094491705237 0.091410945450133 0.09141094601490751
70.84189413879645 70.84208459331195 71.81117232053342 72.65667763096033 73.57161731373789 74.4540572135472 75.32128225451663 76.14802080695063 76.95937597771801 77.73929117685506 78.4885298478569 79.21512102770922 79.91922634058808 80.60105092878901 81.25428472569808 81.95581056961204 82.55826730039885 83.14639672974194 83.7085504432204 84.31153092709646 84.83293946185763 85.33060769027668 85.8153231910517 86.33408619489542 86.78170934553962 87.21247948878454 87.66865713703427 88.06948433352217 88.4507143536523 88.81697845194634 89.21126547740229 89.5506560711706 89.8762261618568 90.19155421270924 90.49371535959668 90.78316999975594 91.06037045086714 91.32838224691812 91.58729815160993 91.8348285338148 92.07141298681277 92.29966687660834 92.51762287518726 92.70372133058258 92.90523363245394 93.09926545452137 93.26507236108588 93.4422344399399 93.61262721992806 93.75825357663837 93.91352763425307 94.04757167591312 94.19022903406616 94.31341022476022 94.4299199325327 94.55614629632063 94.66302919731643 94.7651280560601 94.87551160401125 94.96901030892444 95.05825410099727 95.14342899869717 95.23532110838335 95.31240097759073 95.38668818907568 95.45753077625594 95.52441041664048 95.59717329797903 95.65822767046801 95.7164350176093 95.77137191205493 95.82429395319423 95.87473971044099 95.92855324273702 95.97411287340255 96.01710152393734 96.05850329208303 96.09756539345231 96.13929271325927 96.17423424421713 96.20790077847613 96.24353898892484 96.27366211410063 96.30209874500193 96.33284673184399 96.35830503890753 96.38587987814553 96.40892877010363 96.43343798973068 96.4543240453272 96.47632626025701 96.49506328366573 96.51501801699432 96.53379165360946 96.55162968624064 96.56664813580664 96.58269456795561 96.59780227001346 96.6121703607163 96.62583484366677 96.6387044980248 96.65083021303207 96.66248686357076 96.67336117367856 96.68382085761465 96.69367935704797 96.70409384336818 96.71298665515536 96.72137139528802 96.72936053187584 96.73781289788599 96.7450261117709 96.75182966284247 96.75910433490755 96.76524988893878 96.77116771026861 96.77737194904839 96.7827172239204 96.78775873317532 96.79261331291359 96.79774903002735 96.80213155081081 96.80634896189193 96.81032504646186 96.81456921156203 96.81822889650859 96.82167776451041 96.82499463051838 96.82818261838155 96.83118573758908 96.8341002934093 96.8368447235282 96.8394809049388 96.84201158787252 96.84441656445553 96.84646116143065 96.84866596473452 96.85076018791868 96.85276818773966 96.85447753831212 96.85629731524932 96.85786270078286 96.85952650029459 96.86095844222966 96.86247796637488 96.86377307043695 96.86516000495537 96.86633075562624 96.867458694726 96.86866459305405 96.86969355875468 96.87066396543821 96.87171078673897 96.87259559485761 96.87343852883949 96.87424964741082 96.87501430029306 96.87583773626262 96.87652722750275 96.96859384992901 97.03016202900395 97.061226625701 97.10249358132022 97.1639741998523 97.2152681018715 97.23607436710397 97.2466962267733 97.20656771752901 97.11557989810709 96.96363274969136 96.730413569036 96.44643176283921 96.16238566430835 95.88847843946805 95.61459143947968 95.38127338000204 95.20891148819979 95.06697423711377 94.99614917990681 94.90496761718661 94.77317277396327 94.62102542669787 94.4181063546188 94.18470472320124 93.79891441923172 93.19984085203235 92.21479072166706 90.66093933844783 88.34530215739136 84.98347951347132 80.64655412963032 75.31423743371194 69.06776858211009 62.049351643691736 54.563679345031005 46.87484456263681 39.16567612041632 31.70025947141284 24.70205240734964 18.41483010329258 13.143304437482852 8.907795651456293 5.748935840268765 3.575312605583134 2.265043396149167 1.462630016430302 0.9750873012554425 0.6906872594286697 0.5078586069861785 0.38597275388714214 0.30471549360166544 0.25392971915560797 0.2133010662324648 0.17267237048366704 0.16251525064341119 0.14220090286404835 0.12188653646079789 0.11172936723959692 0.10157218852233442 0.10157222360976613 0.10157226061199565 0.09141506327632613 0.09141509060091232 0.09141511659287789 0.10157237655559746 0.09141516276689879 0.10157242853045667 0.10157245272088081 0.111729723520967 0.10157249797051233 0.11172976839380061 0.11172979059599461 0.11172980949534408 0.11172982980331488 0.10157259006602506 0.10157260498696488 0.10157262099250947 0.10157263463378631 0.1015726476422542 0.09141539541544488 0.0914154061071029 0.09141541753745853 0.08125815750430777 0.09141543639474783 0.08125817356003358 0.08125818189109099 0.08125818899963073 0.07110092130018013 0.07110092694515521 0.07110093302399204 0.06094366124051344 0.06094366539677314 0.06094366939609268 0.06094367362007552 0.06094367719025533 0.06094368059141372 0.060943683864144435 0.060943687320721966 0.050786408510730095 0.05078641083125854 0.050786413041927186 0.05078641538037844 0.050786417355599654 0.05078641923824988 0.05078642123283178 0.05078642293377108 0.06094370966332704 0.05078642624133603 0.05078642785626789 0.050786429218498505 0.05078643066632279 0.05078643188672 0.05078643319807643 0.05078643429182804 0.05078643546914785 0.05078643657633919 0.05078643761800191 0.050786438503533496 0.06094372732839944 0.06094372840751297 0.06094372941336309 0.06094373037015736 0.07110101982700295 0.0711010208271844 0.07110102177906229 0.08125831163996503 0.0812583127221289 0.08125831364599191 0.09141560383153094 0.10157289418326128 0.12188747433639008 0.13204476506907742 0.15235934564878548 0.182831216446713 0.22346037741265073 0.2640895389197373 0.335190571288044 0.4367634746031444 0.5992801206134497 0.8532123802753243 1.3204477390789249 2.173660137759691
70.61283323924613 70.61302307794405 71.57897734707213 72.42174879204647 73.33373009956713 74.21331670924768 75.07773765596734 75.90180302357454 76.71053475029755 77.4879281637136 78.23474423879189 78.9589860513484 79.66081470296197 80.34043467261893 80.99155629673879 81.69081381986857 82.29132256094715 82.8775503266239 83.43788636657938 84.03891716723865 84.55863977435126 85.05469883726921 85.5378470540242 86.05493268430587 86.50110848571143 86.93048577240287 87.38518841121459 87.78471956897697 88.16471691609055 88.5297967323316 88.92280886611745 89.26110207089505 89.58561945994553 89.89992792587776 90.20111206184595 90.48963077643376 90.76593492479276 91.03308012878209 91.29115885215968 91.5378888671143 91.77370834554064 92.00122419689217 92.21847545433303 92.4039721770938 92.60483290704295 92.79823734464749 92.96350812947738 93.14009737066743 93.30993920091132 93.45509468788173 93.60986668078253 93.74347730307773 93.88567339148095 94.00845628686274 94.12458927096354 94.2504074931456 94.35694479788447 94.45871352914199 94.56874016180879 94.6619365470605 94.75089177735023 94.83579126967139 94.9273862544774 95.00421689285332 95.07826390331466 95.14887742735446 95.21554081843097 95.28806842753045 95.34892538619174 95.40694452510598 95.46170378603951 95.51445470851382 95.56473735393708 95.61837688501159 95.66378920270488 95.7066388533007 95.74790675254904 95.78684255012328 95.82843494839084 95.86326349904786 95.89682117559326 95.93234415309058 95.96236987784768 95.99071456145799 96.0213631274473 96.04673911736239 96.07422479583532 96.09719916127221 96.12162913253975 96.14244765495212 96.16437872769686 96.1830551666239 96.2029453781152 96.22165831186317 96.23943866681859 96.25440855557733 96.27040310302971 96.28546195569037 96.29978358846292 96.3134038885355 96.3262319300225 96.3383184376198 96.34993739742633 96.36077654642945 96.37120240991733 96.38102903277853 96.39140984479296 96.40027390247225 96.40863153130105 96.41659483573353 96.42501987177764 96.43220976238355 96.43899131478405 96.44624246485064 96.45236814778508 96.45826683437137 96.46445101230249 96.46977900370847 96.47480421169621 96.47964309458706 96.48476220582099 96.48913055611726 96.49333433057859 96.49729755883631 96.50152800080997 96.50517585249408 96.5086135688911 96.51191971011085 96.5150973899017 96.54857340458281 96.58196297725165 96.64566903589828 96.68894696911045 96.69147371817691 96.71419947021543 96.72640378952906 96.72860585961081 96.669719950942 96.63107166396466 96.58196053835036 96.4923036621685 96.41255382155592 96.2719161766414 96.12087954010927 96.000417627605 95.7780868670159 95.55584071600664 95.27238805977024 94.91773381853848 94.40051057359038 93.64931002847614 92.5320969426174 90.92700775447719 88.83380420301678 86.19159857815316 83.04105014594114 79.52445378702159 75.79437138792088 71.92180715797369 68.02883812308605 64.21712086022741 60.649311108640674 57.47795425495582 54.75380171441096 52.39557807533505 50.26097276583108 48.08566735575054 45.69686666144051 42.809863550863284 39.57717515247138 36.008965811196 32.156078809206626 28.099814457797713 23.91135464563821 19.672039274365943 15.544515661581286 11.732130722128247 8.46870993557326 5.8355983475844155 3.944630014420449 2.6128157640153775 1.73849207216276 1.2098306035255955 0.864166606807725 0.630334438517726 0.48800181470957477 0.3863354843178269 0.30500223405930227 0.25416895277363155 0.21350225585615587 0.18300217525410725 0.16266883045380992 0.1423354182722522 0.13216878840655621 0.12200210496586278 0.11183538937749449 0.10166864529197313 0.1016687495505518 0.10166884783517695 0.10166895180111574 0.10166904051101548 0.0915022125191668 0.09150229224976966 0.08133543194111208 0.08133548951790755 0.09150249433272326 0.08133560253767544 0.0711686956045365 0.0711687415680314 0.06100181208413026 0.06100184443238225 0.061001878342050606 0.061001907553540034 0.061001935382105854 0.050834970682718965 0.050834991613970204 0.05083501175487187 0.06100203711920785 0.061002059032112636 0.07116909345567589 0.0711691193822042 0.07116914174581963 0.08133618630715626 0.08133620943339658 0.0915032579412338 0.101670313145668 0.10167033862633094 0.11183739912408061 0.11183742467668627 0.12200448975998748 0.11183746959277478 0.12200453652694956 0.12200455716429581 0.12200457933980112 0.12200460038113262 0.12200461830351994 0.12200463752868757 0.13217170840683234 0.13217172533414187 0.1423388006505226 0.14233881729802242 0.152505894745409 0.15250591085239978 0.16267298795148813 0.172840066450692 0.1931742117208135 0.2033412932840731 0.23384250676496218 0.2643437242867839 0.3050120156389442 0.37618151288460205 0.4676851560221761 0.6100241565824109 0.8336997384460402 1.2200484691983375 1.880908161650909 2.928116646731483 4.4023422914773995 6.30358510449271 8.53017442632354 10.980439548798355 13.59337810437073 16.246985082737705 18.72775195982067 20.852671432208407 22.48957130809414 23.516446774234105 23.882462225696184 23.679121452682132 22.967426705189865 21.89988425556739 20.6290001032105 19.225943914457254 17.86355588852305 16.775678941003324 16.17582168303352 16.21649032911509 17.050191069660997 18.768427725206404 21.411868629017317 24.807673464901676 28.76266775984485 33.02267454193113 37.27251433919094 41.27834431069971 44.907992399853434 48.059787842690426 50.68289509618878 52.563805507669564 53.560179930709666 53.47884386453907 52.50280460759557 50.784568419545856 48.62914774113223 46.39239031696508 44.35897446166411 42.74240891961193 41.66469860264435 41.22751440831759 41.502025852884536 42.48823298643698 44.135300438783936
69.47016977573794 69.47035654244833 70.42067964936241 71.24981328808987 72.14703682890296 73.0123898859024 73.86282269211563 74.67355295696726 75.46919771134382 76.2340112719267 76.96874229951707 77.68126436341049 78.37173595822497 79.04035825404881 79.68094336722511 80.36888543979711 80.9596766923333 81.53641806554563 82.08768669536087 82.67899155946085 83.19030396679725 83.67833575562159 84.15366562280157 84.66238372511242 85.10133946802182 85.52376853135137 85.9711131295875 86.36417903683427 86.73802723138085 87.09719929193294 87.48385166665813 87.81667057919564 88.13593659754294 88.44515889451952 88.74146924066548 89.02531911846296 89.29715208728331 89.55997432262731 89.81387679199577 90.05661419880104 90.2886176243993 90.51245179299173 90.72618747029098 90.90868246775656 91.10629285061103 91.2965675995401 91.45916395709173 91.63289561468544 91.79998904856717 91.94279561588829 92.09506307394251 92.22651159666701 92.36640665468498 92.4872026657844 92.60145637508836 92.72523859504624 92.83005190316804 92.93017380331001 93.03841997472928 93.13010824736926 93.21762399581303 93.30114963661887 93.39126242282475 93.46684978063364 93.53969855545486 93.60916940485257 93.67475404270756 93.74610800326171 93.80598016893322 93.8630604367219 93.91693357817987 93.96883088029918 94.01829984725724 94.07107137842937 94.11574882975572 94.15790508330296 94.19850518155079 94.23681091641164 94.27773026260523 94.31199521440215 94.34500985749102 94.37995799884824 94.40949784452258 94.437383851815 94.48788707088917 94.52303579690522 94.51954271577884 94.53196196608421 94.54580808982246 94.56628531271677 94.56747592522237 94.58584222376211 94.62579123428372 94.64419738760114 94.64128942123571 94.59481071353727 94.50851252559356 94.33963652555055 93.9862955911816 93.31576973926204 92.17473834319604 90.59371663262348 88.5626179064099 86.06060787009368 83.15939164931416 79.88936360495697 76.30245745351601 72.52975454801165 68.70491365657999 64.99153225115992 61.563936200778784 58.58462464911645 56.054293399441285 53.96334048916977 52.362074247541436 51.179570480603026 50.38551551310661 49.92827137044891 49.67528827683264 49.51419793306776 49.3736833441822 49.22254562225863 49.03040903891923 48.817682305333165 48.59484633232499 48.36147204530847 48.107521305859336 47.87394169171894 47.69142068307793 47.50879684884966 47.27497705514482 46.88763234077435 46.18312021083699 45.06935663718502 43.47469871421623 41.296720953562144 38.63791578525174 35.56974799994535 32.13313052788329 28.440521951885795 24.59435229493235 20.72752207535805 16.973124290907755 13.50503633857959 10.476798604666007 7.919092326483567 5.913825456598334 4.399611905495862 3.263936140300263 2.486352212573139 1.923618029543416 1.5143527678296704 1.2278668641913137 1.0129994154208388 0.8595221345495576 0.736739426832148 0.6446520868394557 0.5832616076691816 0.5218693632245243 0.4809417265139755 0.4502462545282023 0.4195502254286013 0.40932000278708724 0.37862312242641416 0.3581588980791204 0.347927553749977 0.3479292195570559 0.3274644682775335 0.3274658826761626 0.3274672301247617 0.3172351227358767 0.3172364381795697 0.3274710186371091 0.32747211185842284 0.3377068206386595 0.3479413989151362 0.3684097065691432 0.3888779619552857 0.4195800552331033 0.45028212257993117 0.4912181221362988 0.5423878503017403 0.6140253960742326 0.6754294129015559 0.7777686202945605 0.9108097795941612 1.0847866870993075 1.3201672501673904 1.606717863204573 2.0467775646142448 2.6505804463935747 3.4999992110078697 4.635970108585999 6.160834276194408 8.054123579773027 10.274903710556854 12.812941533853529 15.586365788559398 18.53377263981263 21.54259044829615 24.459304558454498 27.150874030330954 29.43308773144392 31.213833437159547 32.32936709161883 32.83086021285089 32.8206471452371 32.360133937122896 31.592598981791546 30.59991026278986 29.51511304196528 28.491719967227016 27.64230333436036 27.12037662090301 27.018048614901677 27.417190167528457 28.276866908029817 29.535674514404523 31.121974519181396 32.96412842974669 34.980264519860995 37.09874158285603 39.19675109888694 41.21288813452381 43.03457583671908 44.60041152461131 45.81828647053487 46.66773197779838 47.148747882567754 47.2510996774595 47.005488603650704 46.45285329175511 45.65459651625939 44.68235925123733 43.63848206733306 42.594603434470066 41.64283245693569 40.88550946378607 40.465913673058765 40.45568505007585 40.85482256724779 41.65309334665035 42.77885714440071 44.129772865000724 45.57279629272799 46.96464936647424 48.305331096519296 49.59484194966971 50.83318190707708 51.94871218457042 52.86979242656134 53.58618893236143 54.1593068066015 54.67101984381285 55.274840036374115 56.216388310416235 57.608240814228466 59.33782184851269 61.2618520940754 63.16541403293021 64.88476059635093 66.24591083264362 67.16699053052633 67.57636064508998 67.55589491704055 67.11582695106333 66.23568882281312 64.94618261209615 63.41105582421523 61.732649934028295 60.09518082669604 58.65216103437566 57.60827481894632 57.076097989780344 57.13750447623323 57.74132317443456 58.81591476244527 60.34081076839065 62.27507467749205 64.63917479500621 67.30006657180385 70.18611067449827 73.15402837467687 76.07077512003148 78.78283798112919 81.13670401044124 82.94815776519151 84.16602803415039 84.708441330892 84.60610023351224 83.81806802909956 82.49785745380318 80.73757637636149 78.6702693963467 76.41874674092827 74.15698982605088 71.99757487786283 70.10424892906326 68.48724630620903 67.20797208836346 66.23572375399728 65.5807355435678
54.73027979329501 54.73042693262616 55.479114458557696 56.13232599064517 56.83918039425973 57.52092645998048 58.190917991305376 58.829630900392274 59.45645907950384 60.05899769853318 60.63783657056484 61.1991786839017 61.7431489044368 62.269905718830735 62.77457416269285 63.31655156443218 63.7819912006835 64.23636200222577 64.6706647604953 65.13650903235758 65.53933331226999 65.9238165579077 66.29829292249484 66.69907334616829 67.0448932959951 67.37769312797305 67.7301220208996 68.03978884840654 68.33431549709336 68.94829405248865 69.60641907813431 70.214790649358 70.76561790546458 71.25117017723619 71.99577174139183 72.6340591706739 73.22516243355682 73.81108799940455 74.37172065605527 74.86465184346868 75.25936671883355 75.52688165447962 75.63424097760164 75.48152595625646 75.014203558252 74.14015359075833 72.87160430758382 71.25852469020685 69.25409689624777 66.91582132410895 64.3603995782473 61.65850596235599 58.912740889193685 56.22948626864333 53.74225849883448 51.59602737399959 49.86958710163107 48.521032004943315 47.506368625912074 46.83489097945846 46.43084889944881 46.253439356477884 46.225037374693215 46.272897880541436 46.329875031353616 46.38521092482174 46.44912226320698 46.49498242520027 46.5456482792128 46.5949549655038 46.64269439348495 46.68947619106914 46.756092801872434 46.834912766978825 46.94131814322832 47.05706864682348 47.19318367309418 47.34931379855364 47.50687225875873 47.68227115592389 47.85715072936206 48.02257526114207 48.195901929675856 48.347368214193516 48.50007922664796 48.639644816997794 48.76978316961713 48.908260406736225 49.03697043472994 49.16389279874105 49.25970991967698 49.32216355885399 49.311204088101874 49.20439836459548 48.970069051170576 48.55427856115556 47.95889056273529 47.14048101757693 46.120245049580625 44.88754152700144 43.431673553011066 41.83736566873695 40.12590841770134 38.33954807848098 36.54203005438265 34.77570354022899 33.11520846095641 31.591676066967818 30.247941585306105 29.105312981913414 28.185312172756664 27.519314825921732 27.065213980554105 26.833910633244336 26.846221923647484 27.08123118850909 27.528515663578432 28.155959887967576 28.963743221395507 29.941312448415854 31.088837786771496 32.37417696804703 33.78691260580722 35.25274298545807 36.67634585733359 38.142294484520335 39.61888073708902 41.074289038821625 42.508512632695485 43.857833163770756 45.1222798866327 46.259343428300305 47.194731480840716 47.992118061962806 48.66209523958179 49.27884274024857 49.72584107788423 50.0029410605753 50.173842660573406 50.21719514932706 50.17567089833793 50.09154492063989 49.96499782109024 49.87017940639399 49.786020792982896 49.70174436243155 49.681220183779644 49.713674778042005 49.80981715306518 49.95909340900481 50.19322913184707 50.49105043843391 50.81015502966435 51.1716559122094 51.54375993604109 51.926472288071665 52.30916595183173 52.66004036957342 52.98960912969431 53.266072087189954 53.50004408817853 53.67028285745858 53.79807140790318 53.89394809055661 53.9898085255932 54.05380037176127 54.13901643439693 54.234870505916746 54.36254185703986 54.53268237591066 54.734673168939565 54.94729788096696 55.20236852716518 55.478671777083164 55.74436973375472 55.97817672960366 56.222615438134234 56.4245489150398 56.615872701386905 56.76469153552681 56.88165920092599 56.95612368660078 57.01997624007241 57.062581931871094 57.06268593420129 57.052177794975165 57.031042673604055 56.99928190826813 56.9568957120766 56.903883427071015 56.850856706432296 56.787214840292386 56.73418928093976 56.670546501058475 56.606891941638835 56.56447419921175 56.59639647798786 56.71327962397524 56.92574394182894 57.212555261608756 57.563081508193356 57.88174446344907 58.12606669378774 58.2747976158781 58.33856203810256 58.37046739975612 58.42360744706664 58.444884160914064 58.508645245320736 58.72108871457687 59.17780427258801 59.93189790753292 60.9621227577825 62.24724119864344 63.68105073118434 65.02989229083599 66.09197779864662 66.80358302839528 67.20719002482488 67.34528115704862 67.18599649875767 66.68684865284371 65.85846028058168 64.80703739637914 63.64940509525783 62.555497061481816 61.79082735424363 61.66339447579994 62.21568160036557 63.468930339489766 65.29569206201889 67.48355722283786 69.83073084573034 72.15666488184317 74.29142742081045 76.00136279046474 77.16964631830986 77.7962751441615 77.84938837386188 77.33960762447897 76.30941304216783 74.76942727756455 72.8895786366123 70.86104001444939 68.84312138678271 67.04823663578239 65.6356943858006 64.74356412964012 64.32936336411818 64.35061019433083 64.77544143777773 65.62509918679478 66.85710090475504 68.535171094608 70.58496416826347 72.974618697943 75.59792807247823 78.26372064658315 80.83392673485329 83.13861613359802 85.05034069726115 86.40979068113525 87.17448248469418 87.33379581441403 86.88773095197207 85.94249387745262 84.54056788405752 82.8200211200109 80.97202630125199 79.12403097126358 77.41410445518892 75.93783237144446 74.80142198628424 73.96239016485984 73.4525994023842 73.16584272912371 73.09149949041968 73.18708686002972 73.46322582335878 73.9411576172247 74.61026153893745 75.51302033739088 76.66005470254343 78.08322666962508 79.7506742263022 81.61991466746092 83.66970674215771 85.77260209852716 87.85425608760978 89.79784124821339 91.46528884473776 92.79287458511618 93.6956331441653 94.1417025354355 94.04611715934487 93.49384252433352 92.48487869597837 91.093570267266 89.42612418685815 87.57812642618721 85.66640454440513 83.77592402941322
29.416376700567508 29.41645578486981 29.818859616478143 30.16994710526153 30.549866511625098 30.916290713348776 31.276397099540826 31.61969188276094 31.956598873058027 32.2804507346043 32.591564479553604 32.893274083929356 33.185646660528384 33.468767392604406 33.74001608911401 34.03131756743592 34.281481603195544 34.52569637261362 34.759124989964064 35.00950650887202 35.22601610478112 35.43266777971228 35.63394096610487 35.84935203218233 36.03522299708689 36.21409592191613 36.403519055027196 36.56995847547266 36.728260367566925 37.16604939561169 37.51819568244172 37.78617210065338 38.011537061228594 38.24581183417753 38.85488347321562 39.410856404478444 39.95146852458608 40.516111682923295 41.092108217365215 41.6912341237239 42.287963677690854 42.83170191781513 43.295146982168816 43.57671585140823 43.619465263022505 43.3329632186553 42.653591009062666 41.532294415283886 39.87981628309831 37.79134091234237 35.27954525607552 32.44931640240987 29.376464872130953 26.170012646557087 22.95346261283028 19.823494420908368 16.853791522280062 14.115198102895011 11.637040353147414 9.510070809983798 7.69763321250206 6.2141895483258525 5.0347587627483925 4.132376848989761 3.4552251375557286 2.937120017387735 2.551740750769835 2.272912873243243 2.087063892721633 1.9544663012856704 1.8618270041847145 1.8226503046634683 1.8102009252504132 1.851466238985936 1.9060367369964593 2.0008921312500076 2.1629700588024794 2.419210764864206 2.769854519244444 3.30889251813221 4.144291272497944 5.411111131123912 7.270931749594588 9.872531832948276 13.243925475850986 17.088235546605674 21.015917146145796 24.728934531193513 27.99908349102216 30.689648828428254 32.81505558817894 34.359933192550464 35.29843131062211 35.534815577249105 35.02824643853649 33.79117384496734 32.27039516397957 30.84338062771738 29.902126097533845 29.67661832118949 30.38338958860891 31.86060274172562 33.94638192038796 36.424468731741584 39.01112176603538 41.53045782938799 43.75301253204304 45.58306379340632 46.87210962985712 47.60651601512784 47.745971987030885 47.24889947599723 46.250886482099425 44.86050813066731 43.239344461725715 41.631410839871656 40.19935546151616 39.091633283886615 38.376230378909455 38.17509619166345 38.474957424628954 39.28901534096164 40.49571489754092 42.000289887327604 43.694673539202846 45.51079923549864 47.36758305510363 49.08901396209193 50.5802769409512 51.80068533970027 52.64191487517043 53.02262354966654 52.9563478652426 52.483685568551074 51.68586266615841 50.63045952745301 49.38546228034374 48.00489932541528 46.678417837907084 45.43301698754205 44.36372280106677 43.5652025686536 43.064725738913985 42.88925364639999 43.05249095128571 43.554313743135786 44.340687407902344 45.39793442370618 46.68549796206037 48.09506122283665 49.653597676986486 51.212136272233565 52.703006056731816 54.04478441717134 55.196883327085125 56.07801005869215 56.64750198703743 56.91896164573326 56.892268744750574 56.553930949758616 55.971684773572754 55.145523470156114 54.1974334489109 53.22217762901701 52.28754264356704 51.461284153642715 50.851796765740964 50.432015659893935 50.201887445765855 50.17499436937142 50.3784391955886 50.825795858424364 51.503472861786655 52.43859652064318 53.64474019987887 55.16251301456247 57.01905914275621 59.09239258147867 61.165747301696356 62.92742946992104 64.32327188034009 65.40743739052847 66.23416004199082 66.81697165940975 67.12875297145953 67.08823357852914 66.61409131253816 65.73342651546068 64.55464168212113 63.55200362927811 63.199773208203695 63.633480924686296 64.64986077949055 65.73400028077744 66.47936352454919 66.75045151195634 66.61501685673237 66.31697046698596 65.9647168611801 65.55826345978443 64.96208955199991 63.98649183248611 62.604373115832146 60.93767905345876 59.46069045437811 58.56638488622557 58.376711581600084 58.91877824638827 59.98932837007227 61.574804211811724 63.797168123965115 66.66997486203948 70.03060875592948 73.6622606159473 77.13130790229174 79.99056535823783 82.07742611140452 83.41899054933342 84.08301206857044 84.13724452535492 83.5410374393196 82.1588757755123 79.95010918140015 77.09089838239329 73.83870764474017 70.57296564754401 67.78150204292295 65.59982597702503 64.01438725881881 62.93033000500467 62.22569524770865 61.873384355394116 61.84629302780423 62.239280347799 63.120099686267466 64.5294029327358 66.64335439547627 69.3670957638832 72.57867014914012 76.00706062332512 79.3541449576363 82.34890696807402 84.73387685629916 86.52260645933677 87.63379016525984 88.09453042740606 87.89127431735068 86.92916616318234 85.2759604204097 83.09426887093497 80.64155731417785 78.18884514126027 75.9936000566476 74.24553558643844 72.90399796585928 71.92833509277625 71.25079243169849 70.76296294814148 70.45129487291348 70.26158503690243 70.23448622911181 70.3564478665127 70.65457115626744 71.21016210009218 72.02322101359908 73.16150202745104 74.6521075829763 76.5085881365009 78.73094424512477 81.23786977790655 83.9209577776767 86.67180023321785 89.26003171944951 91.55014229298087 93.36597025181334 94.59910777031749 95.22245293459844 95.22245459493324 94.57201122475763 93.32532638452521 91.63146034959068 89.57171878435535 87.32226391320222 85.04570701869726 82.89110847641375 80.99397771391052 79.46272237569637 78.27024039228148 77.40298094052969 76.8338421593068 76.53572225799526 76.45441730153819 76.5492745710888 76.79319223799581 77.19972112526779 77.70110659065587 78.3515524714546 79.11040580965721 79.99121768469286 80.98043702817421 82.13226768575801 83.43315876349834
50.0 50.0 50.0 50.0 50.0 50.0 50.0 50.0 50.0 50.0 50.0 50.0 50.0 50.0 50.0 50.0 50.0 50.0 50.0 50.0 50.0 50.0 50.0 50.0 50.0 50.0 50.0 50.0 50.0 50.0 50.0 50.0 50.0 50.0 50.0 50.0 50.0 50.0 50.0 50.0 50.0 50.0 50.0 50.0 50.0 50.0 50.0 50.0 50.0 50.0 50.0 50.0 50.0 50.0 50.0 50.0 50.0 50.0 50.0 50.0 50.0 50.0 50.0 50.0 50.0 50.0 50.0 50.0 50.0 50.0 50.0 50.0 50.0 50.0 50.0 50.0 50.0 50.0 50.0 50.0 50.0 50.0 50.0 50.0 50.0 50.0 50.0 50.0 50.0 50.0 50.0 50.0 50.0 50.0 50.0 50.0 50.0 50.0 50.0 50.0 50.0 50.0 50.0 50.0 50.0 50.0 50.0 50.0 50.0 50.0 50.0 50.0 50.0 50.0 50.0 50.0 50.0 50.0 50.0 50.0 50.0 50.0 50.0 50.0 50.0 50.0 50.0 50.0 50.0 50.0 50.0 50.0 50.0 50.0 50.0 50.0 50.0 50.0 50.0 50.0 50.0 50.0 50.0 50.0 50.0 50.0 50.0 50.0 50.0 50.0 50.0 50.0 50.0 50.0 50.0 50.0 50.0 50.0 50.0 50.0 50.0 50.0 50.0 50.0 50.0 50.0 50.0 50.0 50.0 50.0 50.0 50.0 50.0 50.0 50.0 50.0 50.0 50.0 50.0 50.0 50.0 50.0 50.0 50.0 50.0 50.0 50.0 50.0 50.0 50.0 50.0 50.0 50.0 50.0 50.0 50.0 50.0 50.0 50.0 50.0 50.0 50.0 50.0 50.0 50.0 50.0 50.0 50.0 50.0 50.0 50.0 50.0 50.0 50.0 50.0 50.0 50.0 50.0 50.0 50.0 50.0 50.0 50.0 50.0 50.0 50.0 50.0 50.0 50.0 50.0 50.0 50.0 50.0 50.0 50.0 50.0 50.0 50.0 50.0 50.0 50.0 50.0 50.0 50.0 50.0 50.0 50.0 50.0 50.0 50.0 50.0 50.0 50.0 50.0 50.0 50.0 50.0 50.0 50.0 50.0 50.0 50.0 50.0 50.0 50.0 50.0 50.0 50.0 50.0 50.0 50.0 50.0 50.0 50.0 50.0 50.0 50.0 50.0 50.0 50.0 50.0 50.0 50.0 50.0 50.0 50.0 50.0 50.0 50.0 50.0 50.0 50.0 50.0 50.0 50.0 50.0 50.0 50.0 50.0 50.0 50.0 50.0
50.0 50.0 50.0 50.0 50.0 50.0 50.0 50.0 50.0 50.0 50.0 50.0 50.0 50.0 50.0 50.0 50.0 50.0 50.0 50.0 50.0 50.0 50.0 50.0 50.0 50.0 50.0 50.0 50.0 50.0 50.0 50.0 50.0 50.0 50.0 50.0 50.0 50.0 50.0 50.0 50.0 50.0 50.0 50.0 50.0 50.0 50.0 50.0 50.0 50.0 50.0 50.0 50.0 50.0 50.0 50.0 50.0 50.0 50.0 50.0 50.0 50.0 50.0 50.0 50.0 50.0 50.0 50.0 50.0 50.0 50.0 50.0 50.0 50.0 50.0 50.0 50.0 50.0 50.0 50.0 50.0 50.0 50.0 50.0 50.0 50.0 50.0 50.0 50.0 50.0 50.0 50.0 50.0 50.0 50.0 50.0 50.0 50.0 50.0 50.0 50.0 50.0 50.0 50.0 50.0 50.0 50.0 50.0 50.0 50.0 50.0 50.0 50.0 50.0 50.0 50.0 50.0 50.0 50.0 50.0 50.0 50.0 50.0 50.0 50.0 50.0 50.0 50.0 50.0 50.0 50.0 50.0 50.0 50.0 50.0 50.0 50.0 50.0 50.0 50.0 50.0 50.0 50.0 50.0 50.0 50.0 50.0 50.0 50.0 50.0 50.0 50.0 50.0 50.0 50.0 50.0 50.0 50.0 50.0 50.0 50.0 50.0 50.0 50.0 50.0 50.0 50.0 50.0 50.0 50.0 50.0 50.0 50.0 50.0 50.0 50.0 50.0 50.0 50.0 50.0 50.0 50.0 50.0 50.0 50.0 50.0 50.0 50.0 50.0 50.0 50.0 50.0 50.0 50.0 50.0 50.0 50.0 50.0 50.0 50.0 50.0 50.0 50.0 50.0 50.0 50.0 50.0 50.0 50.0 50.0 50.0 50.0 50.0 50.0 50.0 50.0 50.0 50.0 50.0 50.0 50.0 50.0 50.0 50.0 50.0 50.0 50.0 50.0 50.0 50.0 50.0 50.0 50.0 50.0 50.0 50.0 50.0 50.0 50.0 50.0 50.0 50.0 50.0 50.0 50.0 50.0 50.0 50.0 50.0 50.0 50.0 50.0 50.0 50.0 50.0 50.0 50.0 50.0 50.0 50.0 50.0 50.0 50.0 50.0 50.0 50.0 50.0 50.0 50.0 50.0 50.0 50.0 50.0 50.0 50.0 50.0 50.0 50.0 50.0 50.0 50.0 50.0 50.0 50.0 50.0 50.0 50.0 50.0 50.0 50.0 50.0 50.0 50.0 50.0 50.0 50.0 50.0 50.0 50.0 50.0 50.0 50.0
50.0 50.0 50.0 50.0 50.0 50.0 50.0 50.0 50.0 50.0 50.0 50.0 50.0 50.0 50.0 50.0 50.0 50.0 50.0 50.0 50.0 50.0 50.0 50.0 50.0 50.0 50.0 50.0 50.0 50.0 50.0 50.0 50.0 50.0 50.0 50.0 50.0 50.0 50.0 50.0 50.0 50.0 50.0 50.0 50.0 50.0 50.0 50.0 50.0 50.0 50.0 50.0 50.0 50.0 50.0 50.0 50.0 50.0 50.0 50.0 50.0 50.0 50.0 50.0 50.0 50.0 50.0 50.0 50.0 50.0 50.0 50.0 50.0 50.0 50.0 50.0 50.0 50.0 50.0 50.0 50.0 50.0 50.0 50.0 50.0 50.0 50.0 50.0 50.0 50.0 50.0 50.0 50.0 50.0 50.0 50.0 50.0 50.0 50.0 50.0 50.0 50.0 50.0 50.0 50.0 50.0 50.0 50.0 50.0 50.0 50.0 50.0 50.0 50.0 50.0 50.0 50.0 50.0 50.0 50.0 50.0 50.0 50.0 50.0 50.0 50.0 50.0 50.0 50.0 50.0 50.0 50.0 50.0 50.0 50.0 50.0 50.0 50.0 50.0 50.0 50.0 50.0 50.0 50.0 50.0 50.0 50.0 50.0 50.0 50.0 50.0 50.0 50.0 50.0 50.0 50.0 50.0 50.0 50.0 50.0 50.0 50.0 50.0 50.0 50.0 50.0 50.0 50.0 50.0 50.0 50.0 50.0 50.0 50.0 50.0 50.0 50.0 50.0 50.0 50.0 50.0 50.0 50.0 50.0 50.0 50.0 50.0 50.0 50.0 50.0 50.0 50.0 50.0 50.0 50.0 50.0 50.0 50.0 50.0 50.0 50.0 50.0 50.0 50.0 50.0 50.0 50.0 50.0 50.0 50.0 50.0 50.0 50.0 50.0 50.0 50.0 50.0 50.0 50.0 50.0 50.0 50.0 50.0 50.0 50.0 50.0 50.0 50.0 50.0 50.0 50.0 50.0 50.0 50.0 50.0 50.0 50.0 50.0 50.0 50.0 50.0 50.0 50.0 50.0 50.0 50.0 50.0 50.0 50.0 50.0 50.0 50.0 50.0 50.0 50.0 50.0 50.0 50.0 50.0 50.0 50.0 50.0 50.0 50.0 50.0 50.0 50.0 50.0 50.0 50.0 50.0 50.0 50.0 50.0 50.0 50.0 50.0 50.0 50.0 50.0 50.0 50.0 50.0 50.0 50.0 50.0 50.0 50.0 50.0 50.0 50.0 50.0 50.0 50.0 50.0 50.0 50.0 50.0 50.0 50.0 50.0 50.0