4 302 9
300.00980000000004 300.01 301.04 301.96 302.98 303.99 305.01 306.01 307.02 308.02 309.01 310.0 310.99 311.98 312.96 314.05 315.02 316.0 316.97 318.05 319.02 319.98 320.95 322.03 323.0 323.97 325.04 326.02 326.99 327.96 329.05 330.03 331.01 332.0 332.99 333.98 334.97 335.97 336.98 337.99 339.0 340.02 341.04 341.95 342.98 344.02 344.95 345.99 347.04 347.98 349.03 349.98 351.04 352.0 352.95 354.03 354.99 355.95 357.04 358.01 358.98 359.95 361.05 362.02 363.0 363.98 364.95 366.06 367.04 368.02 368.99 369.97 370.95 372.05 373.03 374.0 374.98 375.95 377.04 378.0 378.97 380.05 381.01 381.96 383.04 383.98 385.05 385.99 387.04 387.98 389.02 389.95 390.99 392.02 393.05 393.96 394.98 395.99 397.0 398.01 399.01 400.0 401.0 401.98 402.97 403.95 405.04 406.02 406.99 407.96 409.04 410.01 410.97 412.05 413.01 413.98 415.05 416.02 416.98 417.95 419.03 420.0 420.98 421.95 423.04 424.03 425.01 426.0 427.0 427.99 429.0 430.0 431.01 432.03 433.05 433.96 434.99 436.02 437.06 437.99 439.03 439.97 441.02 441.97 443.03 443.98 445.05 446.0 446.96 448.04 449.01 449.97 451.06 452.03 453.0 453.98 454.95 456.05 457.02 458.0 458.98 459.95 461.05 462.03 463.0 463.98 464.95 466.04 467.01 467.98 468.95 470.03 470.99 471.95 473.03 473.98 475.04 475.99 477.05 477.99 479.04 479.97 481.01 482.05 482.96 483.99 485.01 486.03 487.05 488.06 488.95 489.95 490.95 492.05 493.04 494.02 495.0 495.98 496.95 498.03 499.0 499.97 501.04 502.01 502.97 504.04 505.0 505.96 507.03 507.99 508.96 510.03 511.0 511.97 513.05 514.02 515.0 515.98 516.96 517.95 519.05 520.05 521.05 522.05 522.95 523.96 524.98 526.0 527.03 528.06 528.98 530.02 530.95 532.0 533.05 533.99 535.05 536.0 536.95 538.02 538.98 540.06 541.02 541.98 542.95 544.03 545.0 545.97 546.94 548.04 549.01 549.98 550.96 552.05 553.02 553.99 554.97 556.06 557.02 557.99 558.96 560.04 561.0 561.96 563.03 563.99 565.05 566.0 567.06 568.0 569.05 569.98 571.03 571.95 572.99 574.02 575.04 575.95 576.96 577.98 578.98 579.98 580.98 581.97 582.96 583.95 585.04 586.02 586.99 587.96 589.04 590.0 590.97 592.03 592.99 593.95 595.02 595.97 597.04 597.99 598.95 600.02
0.0 13.54 26.89 39.77 51.58 60.9 70.0 80.0 90.0
71.04621016395508 71.04640116776291 72.01828385346005 72.86622769671244 73.78380616888882 74.6687911250516 75.53851734100292 76.36764030081241 77.18133551154482 77.96350007421718 78.7148996341819 79.44358638507431 80.14972241721287 80.83351346454663 81.48863126151679 82.19218038521053 82.79637466926383 83.38620033031759 83.9499753586079 84.55469490631351 85.07760724218844 85.57671080199597 86.0628242770298 86.58308345197726 87.03199759835246 87.46401013135127 87.92150344746943 88.32348667487035 88.70581620544317 89.0731366507707 89.46856084454765 89.8089302791267 90.1354393507316 90.45167684330286 90.75470945707075 91.04499891710968 91.32299884563508 91.59178361798111 91.85144626538978 92.09969055317852 92.33695734246406 92.56586954226188 92.7844541505615 92.9710893349243 93.17318282103754 93.3677742527981 93.53405936521106 93.71173239951312 93.88261661152673 94.02866297110008 94.18438485663707 94.31881549645519 94.46188429454403 94.58542075370688 94.70226648863779 94.82885690351769 94.93604806687371 95.03844139025932 95.14914329683194 95.24291166257191 95.33241284382228 95.4178333955487 95.50999053245954 95.58729270871683 95.66179417291137 95.73284107811558 95.79991360693788 95.87288634464566 95.93411680484175 95.99249202854743 96.04758736720244 96.10066204148657 96.1512532899957 96.20522202659778 96.25091305638466 96.2940256910437 96.33554686656555 96.37472162744773 96.41656929355862 96.45161159983884 96.48537523218569 96.52111622725911 96.55132623093068 96.57984487628777 96.61068154379724 96.63621327549419 96.66386764368347 96.68698301124962 96.7115629182347 96.7325092115749 96.75457488337798 96.77336594647879 96.79337823151243 96.81220601341629 96.8300954929486 96.84515725741967 96.86124996929159 96.87640124366878 96.89081077356828 96.90451466643113 96.9174214383261 96.92958212526521 96.94127239490082 96.95217806774735 96.96266791859347 96.9725548510528 96.982999373928 96.99191783358893 97.00032675625928 97.0083389344195 97.01681567800802 97.02404969561658 97.030872868898 97.03816852193908 97.04433180044235 97.0502666894374 97.05648882194265 97.0618495131912 97.06690556272832 97.07177414362293 97.076924672725 97.08131983319345 97.08554940776455 97.08953695981151 97.09379336556326 97.09746360545462 97.10092242038135 97.10424885260556 97.10744603498586 97.11045781552842 97.11338077725686 97.11613312262224 97.11877690707782 97.12131488878698 97.12372680159413 97.12577729541789 97.12798845762354 97.13008872078395 97.13210251190323 97.13381679243585 97.13564181781528 97.13721171809753 97.13888031619501 97.14031638801238 97.14184029463689 97.14313913392537 97.1445300685196 97.14570419576765 97.1468353879712 97.14804476424625 97.1490766976002 97.15004990304622 97.15109974349787 97.15198710350307 97.15283246860176 97.15364592653069 97.15441278475821 97.15523859561013 97.15593007542088 97.15659545418691 97.1572290237626 97.15782629656132 97.15846948268461 97.15901345996174 97.159526272226 97.1600197257656 97.16048490837875 97.16098141786799 97.16140107976182 97.16180087711689 97.1621817500616 97.16258464170261 97.16292495503508 97.16324932138942 97.21437669879982 97.24513523704508 97.26575552146019 97.29648664181744 97.35770270023937 97.40871919220065 97.43943814479425 97.4701179463859 97.43987349637203 97.37914846542115 97.2371366951982 97.01388710355248 96.73984330596765 96.42516389894043 96.11047498941072 95.79577562305823 95.55214664997635 95.37962151342377 95.28834136651751 95.27831874654166 95.25812004200867 95.20744506356863 95.10598204830217 94.8927917010115 94.61865590094479 94.32421167124086 94.09069229697693 93.92826485936754 93.57286528797249 92.4353941412959 90.0791221818145 86.00637937913952 80.54216162992662 73.93023352956241 66.72921390122733 59.16253958191536 51.31146926417323 43.22678831792562 34.90849215072434 26.67144085154538 19.125037074941368 12.756801092283395 8.13551092626162 5.007251435389519 3.1485770843062335 2.011027348542885 1.340685387433083 0.9445740925068129 0.6804998184377682 0.5179925463896309 0.40626876297287545 0.3250150952339183 0.26407483106010365 0.2336047138806112 0.20313458022139944 0.19297789308867622 0.18282119562378377 0.17266449684430338 0.16250778922437428 0.15235108008912449 0.15235110636411842 0.15235112874438544 0.1421944092347115 0.14219442833152401 0.13203770036084572 0.12188097089494357 0.12188098514975974 0.11172425035700118 0.11172426215681701 0.1117242734036225 0.10156753112028442 0.10156754153357452 0.09141079537691597 0.10156755888336796 0.10156756694720637 0.10156757563081559 0.09141082461160889 0.09141083084568015 0.0812540771949806 0.08125408282667018 0.08125408758666688 0.08125409212131321 0.08125409648473138 0.07109733845660786 0.07109734183061542 0.07109734507918938 0.06094058414911497 0.0609405869551132 0.060940589325257644 0.06094059158432257 0.06094059397769866 0.06094059601872161 0.0507838318011783 0.05078383332299742 0.050783834937846835 0.0507838363000079 0.040627070198206605 0.04062707117447453 0.04062707222350611 0.040627073098462724 0.04062707404027049 0.050783843657472925 0.05078384469908247 0.05078384558456884 0.05078384652132039 0.050783847420535745 0.050783848258701386 0.05078384905598924 0.05078384981439292 0.05078385052877176 0.050783851208649824 0.0507838518556933 0.04062708202560894 0.04062708248751686 0.04062708292295687 0.040627083337782005 0.05078385472073141 0.05078385518403654 0.0507838556301176 0.05078385609347461 0.060940627790933385 0.0609406282472594 0.06094062873071592 0.06094062913880449 0.06094062957581683 0.060940629944701584 0.060940630300088665 0.07109740245603918
70.84189413879645 70.84208459331195 71.81117232053342 72.65667763096033 73.57161731373789 74.4540572135472 75.32128225451663 76.14802080695063 76.95937597771801 77.73929117685506 78.4885298478569 79.21512102770922 79.91922634058808 80.60105092878901 81.25428472569808 81.95581056961204 82.55826730039885 83.14639672974194 83.7085504432204 84.31153092709646 84.83293946185763 85.33060769027668 85.8153231910517 86.33408619489542 86.78170934553962 87.21247948878454 87.66865713703427 88.06948433352217 88.4507143536523 88.81697845194634 89.21126547740229 89.5506560711706 89.8762261618568 90.19155421270924 90.49371535959668 90.78316999975594 91.06037045086714 91.32838224691812 91.58729815160993 91.8348285338148 92.07141298681277 92.29966687660834 92.51762287518726 92.70372133058258 92.90523363245394 93.09926545452137 93.26507236108588 93.4422344399399 93.61262721992806 93.75825357663837 93.91352763425307 94.04757167591312 94.19022903406616 94.31341022476022 94.4299199325327 94.55614629632063 94.66302919731643 94.7651280560601 94.87551160401125 94.96901030892444 95.05825410099727 95.14342899869717 95.23532110838335 95.31240097759073 95.38668818907568 95.45753077625594 95.52441041664048 95.59717329797903 95.65822767046801 95.7164350176093 95.77137191205493 95.82429395319423 95.87473971044099 95.92855324273702 95.97411287340255 96.01710152393734 96.05850329208303 96.09756539345231 96.13929271325927 96.17423424421713 96.20790077847613 96.24353898892484 96.27366211410063 96.30209874500193 96.33284673184399 96.35830503890753 96.38587987814553 96.40892877010363 96.43343798973068 96.4543240453272 96.47632626025701 96.49506328366573 96.51501801699432 96.53379165360946 96.55162968624064 96.56664813580664 96.58269456795561 96.59780227001346 96.6121703607163 96.62583484366677 96.6387044980248 96.65083021303207 96.66248686357076 96.67336117367856 96.68382085761465 96.69367935704797 96.70409384336818 96.71298665515536 96.72137139528802 96.72936053187584 96.73781289788599 96.7450261117709 96.75182966284247 96.75910433490755 96.76524988893878 96.77116771026861 96.77737194904839 96.7827172239204 96.78775873317532 96.79261331291359 96.79774903002735 96.80213155081081 96.80634896189193 96.81032504646186 96.81456921156203 96.81822889650859 96.82167776451041 96.82499463051838 96.82818261838155 96.83118573758908 96.8341002934093 96.8368447235282 96.8394809049388 96.84201158787252 96.84441656445553 96.84646116143065 96.84866596473452 96.85076018791868 96.85276818773966 96.85447753831212 96.85629731524932 96.85786270078286 96.85952650029459 96.86095844222966 96.86247796637488 96.86377307043695 96.86516000495537 96.86633075562624 96.867458694726 96.86866459305405 96.86969355875468 96.87066396543821 96.87171078673897 96.87259559485761 96.87343852883949 96.87424964741082 96.87501430029306 96.87583773626262 96.87652722750275 96.87719069276004 96.87782244030444 96.87841799545484 96.8790593318914 96.87960174478846 96.97151899672683 97.03294908118983 97.06388259417987 97.10500406930257 97.16636194155934 97.21754401173621 97.23823808378314 97.24879782320825 97.2085121665711 97.11742726810651 96.96542431195162 96.73211028337124 96.44802896223013 96.16390086292662 95.88994380492892 95.61594233178455 95.38258123676873 95.21012154893364 95.0681449525852 94.99725474777323 94.90601584551179 94.7741624880464 94.62198373863313 94.41901098926854 94.18555839336516 93.79974104301512 93.20060210245438 92.21550393265957 90.66160328881101 88.34592578111487 84.98404785552391 80.64707818577168 75.31470135707652 69.06817186978766 62.04968674198148 54.56396432150455 46.8750772635111 39.16586092590133 31.700404165156918 24.70215982039256 18.414904382145465 13.143355842088964 8.90782878334399 5.748955718185691 3.5753245931826965 2.265050634653492 1.4626343692879942 0.9750901215575347 0.6906891668479813 0.507859913187256 0.3859737202781015 0.30471622042296065 0.2539302842933289 0.21330151927559413 0.1726727204879685 0.1625155577756258 0.1422011648567939 0.12188675103510152 0.11172955517889284 0.10157235176986433 0.10157237655559746 0.10157240307433199 0.09141518567741098 0.09141520744879272 0.09141522833533662 0.10157249797051233 0.09141526504947323 0.10157253690544965 0.10157255408667645 0.11172982980331488 0.10157259006602506 0.11172986548566137 0.1117298830917604 0.11172989809716492 0.1117299124064796 0.10157266157271655 0.10157267345233656 0.10157268615273171 0.10157269688038473 0.10157270710527538 0.09141544525503777 0.09141545462747735 0.09141546262458458 0.08125819577163443 0.09141547750091385 0.0812582091702766 0.08125821498735125 0.08125822052903087 0.0711009476287748 0.07110095255675479 0.07110095672196456 0.06094368059141372 0.060943683864144435 0.060943687320721966 0.06094369021287611 0.06094369299751024 0.060943695650312615 0.06094369845645412 0.06094370082671958 0.05078641923824988 0.05078642123283178 0.05078642293377108 0.0507864247194392 0.05078642624133603 0.05078642785626789 0.050786429218498505 0.05078643066632279 0.060943718264064 0.05078643319807643 0.05078643429182804 0.05078643546914785 0.05078643657633919 0.05078643761800191 0.050786438503533496 0.05078643944033287 0.05078644033959415 0.05078644117780257 0.05078644197513114 0.05078644273357354 0.06094373213758663 0.060943732953481954 0.06094373372997377 0.06094373454159667 0.07110102444024292 0.07110102520230185 0.0711010259282829 0.08125831622426005 0.08125831696558612 0.08125831767935227 0.0914156082233565 0.10157289882393217 0.12188747950141722 0.13204477050741126 0.15235935160574804 0.1828312232380016 0.223460385310204 0.264089547815785 0.33519058199098045
70.61283323924613 70.61302307794405 71.57897734707213 72.42174879204647 73.33373009956713 74.21331670924768 75.07773765596734 75.90180302357454 76.71053475029755 77.4879281637136 78.23474423879189 78.9589860513484 79.66081470296197 80.34043467261893 80.99155629673879 81.69081381986857 82.29132256094715 82.8775503266239 83.43788636657938 84.03891716723865 84.55863977435126 85.05469883726921 85.5378470540242 86.05493268430587 86.50110848571143 86.93048577240287 87.38518841121459 87.78471956897697 88.16471691609055 88.5297967323316 88.92280886611745 89.26110207089505 89.58561945994553 89.89992792587776 90.20111206184595 90.48963077643376 90.76593492479276 91.03308012878209 91.29115885215968 91.5378888671143 91.77370834554064 92.00122419689217 92.21847545433303 92.4039721770938 92.60483290704295 92.79823734464749 92.96350812947738 93.14009737066743 93.30993920091132 93.45509468788173 93.60986668078253 93.74347730307773 93.88567339148095 94.00845628686274 94.12458927096354 94.2504074931456 94.35694479788447 94.45871352914199 94.56874016180879 94.6619365470605 94.75089177735023 94.83579126967139 94.9273862544774 95.00421689285332 95.07826390331466 95.14887742735446 95.21554081843097 95.28806842753045 95.34892538619174 95.40694452510598 95.46170378603951 95.51445470851382 95.56473735393708 95.61837688501159 95.66378920270488 95.7066388533007 95.74790675254904 95.78684255012328 95.82843494839084 95.86326349904786 95.89682117559326 95.93234415309058 95.96236987784768 95.99071456145799 96.0213631274473 96.04673911736239 96.07422479583532 96.09719916127221 96.12162913253975 96.14244765495212 96.16437872769686 96.1830551666239 96.2029453781152 96.22165831186317 96.23943866681859 96.25440855557733 96.27040310302971 96.28546195569037 96.29978358846292 96.3134038885355 96.3262319300225 96.3383184376198 96.34993739742633 96.36077654642945 96.37120240991733 96.38102903277853 96.39140984479296 96.40027390247225 96.40863153130105 96.41659483573353 96.42501987177764 96.43220976238355 96.43899131478405 96.44624246485064 96.45236814778508 96.45826683437137 96.46445101230249 96.46977900370847 96.47480421169621 96.47964309458706 96.48476220582099 96.48913055611726 96.49333433057859 96.49729755883631 96.50152800080997 96.50517585249408 96.5086135688911 96.51191971011085 96.5150973899017 96.51809079879311 96.52099593065896 96.52373148690965 96.52635914446452 96.52888164466235 96.56176561584397 96.5942916599573 96.65746693956274 96.70020871879869 96.70221359724692 96.72424691607706 96.73622774979142 96.73779119476801 96.67846987671167 96.63924317091669 96.58993845581051 96.49975132287476 96.4198175760067 96.27867915311465 96.12733012657083 96.00654919431045 95.78394099623692 95.56127027985785 95.27767956206984 94.92276732438158 94.40516287242698 93.65371465228986 92.53625243810016 90.93088144647965 88.83740957647098 86.19493700622334 83.04411276036056 79.52724787175596 75.79689192163964 71.92408970097615 68.03089027554175 64.21896540488571 60.65097070706294 57.47944029005219 54.755147253609515 52.39680470995055 50.26209118310361 48.08670653415976 45.69778074811893 42.810677896591194 39.57790640573985 36.00959743186456 32.15661132936885 28.10025721719627 23.911720058394675 19.672317211091674 15.544728806145963 11.732279832022366 8.46881422467917 5.835666262442755 3.9446735829818977 2.6128430495908477 1.7385096794302208 1.2098421951018992 0.8641744394303472 0.6303399934800792 0.48800580067761934 0.38633847232779855 0.30500446772625467 0.254170746935685 0.21350368369025988 0.18300336443590007 0.16266983246715702 0.14233624937077252 0.13216950218573004 0.12200274216133888 0.11183594456211703 0.10166912502129648 0.1016692136108552 0.10166928992639009 0.10166936189738443 0.1016694381474703 0.09150255285488486 0.09150260863440404 0.08133570464917872 0.08133574944550702 0.09150276664857336 0.08133583778940082 0.07116889214579672 0.07116892461245683 0.061001964819262754 0.06100198993676424 0.06100201410584625 0.06100203711920785 0.061002059032112636 0.050835066754054206 0.050835085273003 0.05083510124701403 0.061002139730367194 0.06100215707504743 0.07116920062095963 0.0711692192019676 0.07116923703843166 0.08133629027205863 0.08133630885577184 0.0915033673199906 0.10167042690252252 0.1016704471057913 0.11183751073393783 0.11183753106148436 0.12200460038113262 0.11183756677822661 0.12200463752868757 0.12200465391399909 0.12200466953920787 0.12200468627187651 0.12200470054116207 0.1220047157963272 0.13217178940541316 0.13217180271058412 0.14233887825351108 0.14233889284691523 0.1525059699630548 0.1525059826728014 0.1626730610995593 0.17284014219540175 0.19317429040020107 0.20334137218355483 0.23384259335659088 0.2643438195072811 0.3050121172995844 0.3761816323301817 0.4676852977418342 0.6100243360014872 0.8336999654329067 1.2200487856481819 1.8809086264145327 2.928117347837524 4.4023432670997655 6.303586435987412 8.530176173389982 10.980441687496235 13.5933806040428 16.24698792535654 18.72775513775891 20.852674711086507 22.48957473227255 23.51645009301424 23.88246549712326 23.67912445325565 22.967429531955457 21.89988680405669 20.629002431206594 19.22594592291529 17.863557699451597 16.775680549799898 16.17582314863056 16.21649172037912 17.050192489784028 18.768429206259274 21.411870226190533 24.80767522201548 28.7626697285744 33.02267668453784 37.27251663271114 41.27834671956744 44.90799493339717 48.059790352460155 50.68289761189912 52.56380803296125 53.560182377771646 53.47884613072501 52.50280676995148 50.78457040512654 48.62914954746807 46.39239195656839 44.358975955928344 42.74241028441549
69.47016977573794 69.47035654244833 70.42067964936241 71.24981328808987 72.14703682890296 73.0123898859024 73.86282269211563 74.67355295696726 75.46919771134382 76.2340112719267 76.96874229951707 77.68126436341049 78.37173595822497 79.04035825404881 79.68094336722511 80.36888543979711 80.9596766923333 81.53641806554563 82.08768669536087 82.67899155946085 83.19030396679725 83.67833575562159 84.15366562280157 84.66238372511242 85.10133946802182 85.52376853135137 85.9711131295875 86.36417903683427 86.73802723138085 87.09719929193294 87.48385166665813 87.81667057919564 88.13593659754294 88.44515889451952 88.74146924066548 89.02531911846296 89.29715208728331 89.55997432262731 89.81387679199577 90.05661419880104 90.2886176243993 90.51245179299173 90.72618747029098 90.90868246775656 91.10629285061103 91.2965675995401 91.45916395709173 91.63289561468544 91.79998904856717 91.94279561588829 92.09506307394251 92.22651159666701 92.36640665468498 92.4872026657844 92.60145637508836 92.72523859504624 92.83005190316804 92.93017380331001 93.03841997472928 93.13010824736926 93.21762399581303 93.30114963661887 93.39126242282475 93.46684978063364 93.53969855545486 93.60916940485257 93.67475404270756 93.74610800326171 93.80598016893322 93.8630604367219 93.91693357817987 93.96883088029918 94.01829984725724 94.07107137842937 94.11574882975572 94.15790508330296 94.19850518155079 94.23681091641164 94.27773026260523 94.31199521440215 94.34500985749102 94.37995799884824 94.40949784452258 94.437383851815 94.46753645984654 94.49250181312243 94.51954271577884 94.54214530788816 94.56617995107862 94.60703785971646 94.63880915059701 94.62661198334133 94.63598578192803 94.64419738760114 94.66168625085237 94.6560107204686 94.67173966294345 94.70695503246378 94.72104187593351 94.7140263786888 94.66539572478406 94.57518490924318 94.40280898808693 94.04582326572884 93.37176935400703 92.2271737858299 90.6436422279118 88.60888604921874 86.10334755355483 83.1985610943555 79.92582721369155 76.33475425238093 72.55888480146457 68.73171681622476 65.01564596693561 61.585163200645745 58.60421189625487 56.07218846578875 53.97932128044378 52.37688127423211 51.193628598948074 50.39840618448541 49.94046251221721 49.68687019723792 49.52542945863845 49.38412952141987 49.23248460170214 49.03985268357025 48.82668718443363 48.603186787025535 48.36939993374727 48.11505727116111 47.88110425402613 47.69823195624007 47.515288359419856 47.28101170358293 46.89335609202911 46.18849934419132 45.07436265706902 43.4792152142139 41.30091523071626 38.641584836439954 35.57296754640523 32.13584783293825 28.442871211886228 24.596250585098833 20.729083693889667 16.974316630738684 13.50594264951833 10.477467759978989 7.919576355673426 5.914161485172631 4.399856263352207 3.2641092274671473 2.486474746375506 1.9237085033950532 1.5144207754323722 1.2279191740403823 1.0130405286123119 0.8595554261100838 0.7367665983188765 0.6446747366341924 0.5832810039715992 0.521885925506679 0.4809562345633902 0.45025918720585256 0.41956170593644965 0.4093305853469169 0.37863242684431303 0.35816728294895805 0.3479352959038648 0.3479367386485604 0.3274710186371091 0.32747211185842284 0.32747328061930614 0.3172406872461535 0.3172416917678733 0.3274761784886617 0.32747711627949533 0.3377115919349484 0.34794616984654503 0.36841438888420086 0.38888275084701396 0.41958493831763316 0.4502870959600087 0.49122325191595206 0.5423933435496537 0.6140312791476233 0.67543553485033 0.777775474553413 0.9108172190309968 1.0847950770960066 1.3201769183390593 1.6067292049211332 2.0467912528012775 2.6505976703528136 3.500020770429638 4.635997178081029 6.160867547855991 8.054165645039937 10.27495471827963 12.813001992451698 15.586436931498293 18.53385323104785 21.542677343418053 24.459400220920706 27.150975016000636 29.433189501317347 31.213938093444835 32.32947040807798 32.83095791907927 32.82074207431647 32.36022330368288 31.592680237255696 30.599986878240916 29.515183442759266 28.491783377471954 27.642362045532437 27.120431593499077 27.018099675421062 27.417240681307085 28.27691668784309 29.535724196184788 31.12202453863593 32.96417806660456 34.98031358217565 37.09879125657558 39.196801200650825 41.21293851163455 43.034627278258 44.60046142710859 45.818335357388776 46.66777855058121 47.148792732581406 47.25114251990542 47.00552945087003 46.452891747857244 45.654632720387895 44.68239228542603 43.63851278864746 42.59463214551234 41.6428591713809 40.885534519588724 40.46593736275809 40.45570710647962 40.85484425168123 41.65311389043083 42.778877290470355 44.12979270853963 45.57281626436014 46.96466849506194 48.305349839714665 49.59486031458633 50.83320021793681 51.948729499099244 52.869809213837655 53.58620517024343 54.15932273582773 54.671034728792314 55.274854373275446 56.21640220122329 57.60825460790219 59.33783499862741 61.26186503430388 63.16542696984915 64.88477323417834 66.24592301453481 67.16700228225449 67.57637211221646 67.55590553954258 67.11583716986931 66.23569817038549 64.94619150844437 63.41106385954438 61.73265753190737 60.09518781997159 58.65216765331022 57.608280837054096 57.076103775903555 57.13750995575044 57.741328406039734 58.81591980844875 60.34081579422143 62.275079591738425 64.63917961662924 67.30007133863037 70.18611547855438 73.15403312112197 76.0707798009569 78.7828425786352 81.13670858787562 82.94816209689552 84.16603221183887 84.70844540048934 84.60610409900282 83.81807158092143 82.49786085152128 80.73757953304819 78.67027231856379 76.4187494417253 74.15699232408286 71.99757717681015
54.73027979329501 54.73042693262616 55.479114458557696 56.13232599064517 56.83918039425973 57.52092645998048 58.190917991305376 58.829630900392274 59.45645907950384 60.05899769853318 60.63783657056484 61.1991786839017 61.7431489044368 62.269905718830735 62.77457416269285 63.31655156443218 63.7819912006835 64.23636200222577 64.6706647604953 65.13650903235758 65.53933331226999 65.9238165579077 66.29829292249484 66.69907334616829 67.0448932959951 67.37769312797305 67.7301220208996 68.03978884840654 68.33431549709336 68.61727993249647 68.92189402398013 69.1840968120614 69.43562230234085 69.67923510603036 70.24993875344957 70.83288576200258 71.39852602061504 71.90899838596539 72.35380544926974 73.06274614493688 73.66476031658391 74.22172857565471 74.77222562722672 75.27829082982602 75.73725656566931 76.09953548882103 76.3168527155041 76.3901217679406 76.22157827016278 75.70295497978599 74.7885961189966 73.48300125391631 71.82894117878031 69.77253223516708 67.39519358357305 64.80079613142738 62.06200592069401 59.27232040680937 56.56461010427666 54.04906734059754 51.8700102830916 50.12266731617424 48.7617772306215 47.72512926581921 47.040872887849225 46.625874099031286 46.43865131589787 46.40067211602137 46.44079212179172 46.49003500386116 46.5377142125408 46.59494181857878 46.629980616297594 46.67718405312506 46.72039306904459 46.76236993912698 46.80359246472638 46.864760197945515 46.93780147305045 47.039198297088745 47.15057754759316 47.28409101942856 47.43608039717385 47.587322251000955 47.760909719601294 47.931967031386755 48.09359900088761 48.26361825357916 48.413305581173326 48.561238628950036 48.699219446138365 48.825028305312024 48.962079493614134 49.088000863087835 49.21349061766655 49.30582723738012 49.36695512009596 49.35350000514961 49.24434890483351 49.00770520184891 48.59050892381994 47.992723848918295 47.17204760380417 46.14945602039377 44.914478935752236 43.45638052878356 41.860421962969546 40.14687156563997 38.35858838262793 36.55924195323768 34.79157608683771 33.12922524708266 31.604364287637633 30.259741911717825 29.116111884793497 28.19503035607409 27.528515663578432 27.07385442128608 26.84185727111012 26.85381353895837 27.088669921374617 27.5355585814756 28.162834816523983 28.970496192143454 29.94810416938524 31.095415369962325 32.380713937545835 33.79342023245686 35.259245684348166 36.68264071006576 38.14854714480309 39.62508697059317 41.08043428494232 42.51458368461867 43.863825813689346 45.128039743385756 46.26499048194267 47.2002284406195 47.99744872375209 48.66715064788906 49.28384771690323 49.730563036938804 50.0074670075085 50.17808555985054 50.22134321834273 50.17954365666556 50.0953188345955 49.96850779698114 49.87352614963701 49.78920063651936 49.70478222258856 49.684043112814365 49.71643591408328 49.81245857733436 49.9615555210287 50.19558987846927 50.49331792548921 50.81231965485155 51.17373274468875 51.54575636188598 51.92838737419471 52.31100382980629 52.66179157358703 52.99129083189704 53.26767890723357 53.50158080018336 53.671751482825044 53.79946230330414 53.895272499409515 53.99107248279062 54.05500318779635 54.14018643161374 54.23595538057572 54.36357596226813 54.533689956721375 54.73563325068815 54.948207834700895 55.20323833246317 55.47951960083383 55.74515731898601 55.9789442957582 56.22333000127998 56.42524376299213 56.616531598511976 56.765318503313964 56.882253214796535 56.956700532316304 57.020522557386165 57.06309913499675 57.063188811805254 57.05264379356515 57.03148376517116 56.99969933934925 56.95729776708707 56.904263981857575 56.85122613375526 56.787564640232894 56.73452055267335 56.67085255104463 56.6071875894514 56.564755002331694 56.596663531324786 56.713538488000474 56.925991474595705 57.21278603663908 57.5633066424087 57.88195975032052 58.12626767448349 58.274993004370096 58.33874847335336 58.37064111309112 58.42377642908712 58.4450455637765 58.50879572825912 58.72123573927922 59.17794542618621 59.932031290014926 60.96225223894896 62.24736737286641 63.681171079902775 65.03001210273368 66.0920941498083 66.80369539830008 67.20729804068948 67.3453825644969 67.18609073190729 66.68693794384596 65.85854446166644 64.80711661410562 63.64948117880893 62.555567053560715 61.7908932833602 61.66345601373543 62.21574078272554 63.46898788659946 65.2957488032109 67.48361308925693 69.8307862215511 72.15671822810609 74.29147972167407 76.00141401945066 77.1696958236909 77.79632281993081 77.84943394872813 77.33964978996478 76.3094535447642 74.76946415469844 72.88961296288059 70.86107187805786 68.84315155630506 67.04826394436643 65.63571985343772 64.74358810411226 64.32938653650096 64.35063164241777 64.7754620053492 65.62511907275118 66.85712056863089 68.53518975430407 70.58498247622539 72.97463672963053 75.5979461735891 78.26373799094925 80.83394380925515 83.13863316123181 85.05035726280776 86.40980657094121 87.17449773699018 87.33381063420714 86.88774461421575 85.94250696273683 84.54057981492276 82.82003246472307 80.97203656187412 79.1240407096244 77.41411346386744 75.93784094107829 74.80142980049186 73.96239766284091 73.45260644652771 73.16584935825482 73.09150576117075 73.18709295583633 73.46323162048377 73.94116313270953 74.61026682354104 75.51302550606007 76.66005967646966 78.08323147438432 79.75067888028792 81.61991927215625 83.66971111154233 85.77260635596 87.85426030833962 89.79784535090467 91.46529272061345 92.79287840684005 93.69563680748755 94.14170603234093 94.04612048312974 93.49384567374142 92.48488164910373
29.416376700567508 29.41645578486981 29.818859616478143 30.16994710526153 30.549866511625098 30.916290713348776 31.276397099540826 31.61969188276094 31.956598873058027 32.2804507346043 32.591564479553604 32.893274083929356 33.185646660528384 33.468767392604406 33.74001608911401 34.03131756743592 34.281481603195544 34.52569637261362 34.759124989964064 35.00950650887202 35.22601610478112 35.43266777971228 35.63394096610487 35.84935203218233 36.03522299708689 36.21409592191613 36.403519055027196 36.56995847547266 36.728260367566925 36.88034781269088 37.044071493571494 37.18499998900891 37.32018966097477 37.45112642997133 37.86769099409158 38.179267141838494 38.42320068175844 38.625700419029016 38.83767834010329 39.4307112630414 39.97010939572241 40.49519256063474 41.04369582410026 41.59300935772615 42.17717731420049 42.76005144533174 43.27969876699385 43.72783420816233 44.00396012064787 44.01996233266251 43.71196076404294 43.011457087912554 41.86475576844492 40.17835610958311 38.06207091494641 35.52095131058031 32.661668252525466 29.555766919676877 26.32598410563794 23.08450149127352 19.928760251365436 16.939321830875397 14.185233022029204 11.690627408271034 9.55189651926603 7.729965863943174 6.239072935128339 5.053888624034975 4.1473705560494 3.4671696714588265 2.94677655338588 2.559751530814135 2.279512276241261 2.0929618353754065 1.9597279126865004 1.8666040687500067 1.8271051428393614 1.8144080736481545 1.8555336099792876 1.9100111283527392 2.0048681805266027 2.1671365475396764 2.423643916531529 2.7745450990277556 3.314349610436768 4.150770148544597 5.419113978672616 7.28114757188904 9.885996242253968 13.260626284986802 17.1091654958104 21.039723427802898 24.75614647177092 28.02822079725271 30.720609347598504 32.84577729454859 34.3911369139774 35.3287079901362 35.563667369502525 35.055167543335855 33.81638823429692 32.29316077640327 30.86403421913409 29.921065071768417 29.69442752104461 30.40067378719121 31.878160908199522 33.96411667217901 36.442557963300175 39.02949664781013 41.54941342368146 43.771532017425834 45.601371399846414 46.89039537639886 47.62417939305565 47.76243460790216 47.264696724449315 46.26565185745307 44.87379319438619 43.251571749065505 41.64284624847244 40.20964009740044 39.101178409929176 38.38517789509147 38.18375561839232 38.48309771713393 39.29694854943132 40.50351469258399 42.008037234492804 43.70217296502295 45.518259813596046 47.37500311027677 49.096358314962764 50.58750079962278 51.80776328565407 52.64863461295073 53.02909622258522 52.96251590360434 52.4895151253308 51.69123220765071 50.635601780271024 49.390151917074334 48.00924442236903 46.68236515018774 45.436769871180694 44.36714697006834 43.56848478576656 43.0677509796962 42.89213190594403 43.05524072286616 43.556975861258266 44.343206883338745 45.400455860182085 46.68797370307658 48.09743147058228 49.65593304303134 51.2144361423108 52.70525132156686 54.04697785730174 55.199021248039436 56.08007825655231 56.64949229206947 56.92085447971866 56.89407430352404 56.55563695108806 55.97329247990998 55.14703246377984 54.198834669418524 53.2234855295461 52.288766748961464 51.46242928048561 50.852895722918326 50.43302446502761 50.20284240542196 50.17592143474399 50.379322866161445 50.82663755809851 51.504284384820096 52.43939788603565 53.64549812046025 55.16326939643238 57.01978382832893 59.09312028296275 61.1664591503905 62.92812450534075 64.32394360680223 65.40809983027295 66.23479464184123 66.81757727425259 67.1293445585168 67.08878155098981 66.61460652166903 65.73390791056563 64.55509736912465 63.55242864454456 63.20018389195379 63.63387289650432 64.65023827094197 65.73435527805765 66.47971073453957 66.75078288134158 66.61533118350312 66.31727316642478 65.9650036985184 65.55852789842326 64.96234362437885 63.986729825514296 62.60458958102894 60.93788337027671 59.460880475666784 58.56655918262049 58.37688042798091 58.91894095796853 59.98948266129483 61.57495838159059 63.797320295880695 66.67012324056633 70.03075749820582 73.66240992824318 77.13145367020779 79.99071273386919 82.07757060403728 83.41913086791516 84.08314720737394 84.13737121787332 83.54115461158003 82.15898578293519 79.95021137460189 77.09099261545728 73.83879590811165 70.57304461020615 67.78157436392497 65.59989144338304 64.01444815218866 62.93038706376687 62.22574932110937 61.87343557741859 61.84634207195994 62.239326362023995 63.12014412256167 64.52944642900684 66.64339714809742 69.36713827401172 72.57871263840373 76.00710206230747 79.354187076279 82.3489475834937 84.7339167604644 86.52264536537676 87.63382856952649 88.09456630809449 87.89130842048772 86.92919835295906 85.2759911380648 83.09429656629166 80.64158291957638 78.1888688343287 75.99362240773218 74.2455558008642 72.90401687532015 71.92835286593198 71.25080949193446 70.76297863023179 70.45130975421108 70.26159942718934 70.23449990892362 70.35646080428624 70.65458351819265 71.21017418384348 72.02323233854433 73.16151316674899 74.6521181183235 76.50859861667102 78.73095422176122 81.23787977643264 83.92096754355768 86.67181001418695 89.2600410440907 91.55015157393072 93.36597920565976 94.59911634139196 95.22246110403405 95.22246252608194 94.57201868761761 93.32533334593126 91.63146683979639 89.57172491530577 87.32226957892345 85.04571225188451 82.89111331366485 80.99398228329281 79.4627265253846 78.27024427732499 77.40298465915511 76.8338456696978 76.53572550122502 76.454420450354 76.54927756402081 76.79319509048864 77.19972385366606 77.701109208074 78.35155497329013
50.0 50.0 50.0 50.0 50.0 50.0 50.0 50.0 50.0 50.0 50.0 50.0 50.0 50.0 50.0 50.0 50.0 50.0 50.0 50.0 50.0 50.0 50.0 50.0 50.0 50.0 50.0 50.0 50.0 50.0 50.0 50.0 50.0 50.0 50.0 50.0 50.0 50.0 50.0 50.0 50.0 50.0 50.0 50.0 50.0 50.0 50.0 50.0 50.0 50.0 50.0 50.0 50.0 50.0 50.0 50.0 50.0 50.0 50.0 50.0 50.0 50.0 50.0 50.0 50.0 50.0 50.0 50.0 50.0 50.0 50.0 50.0 50.0 50.0 50.0 50.0 50.0 50.0 50.0 50.0 50.0 50.0 50.0 50.0 50.0 50.0 50.0 50.0 50.0 50.0 50.0 50.0 50.0 50.0 50.0 50.0 50.0 50.0 50.0 50.0 50.0 50.0 50.0 50.0 50.0 50.0 50.0 50.0 50.0 50.0 50.0 50.0 50.0 50.0 50.0 50.0 50.0 50.0 50.0 50.0 50.0 50.0 50.0 50.0 50.0 50.0 50.0 50.0 50.0 50.0 50.0 50.0 50.0 50.0 50.0 50.0 50.0 50.0 50.0 50.0 50.0 50.0 50.0 50.0 50.0 50.0 50.0 50.0 50.0 50.0 50.0 50.0 50.0 50.0 50.0 50.0 50.0 50.0 50.0 50.0 50.0 50.0 50.0 50.0 50.0 50.0 50.0 50.0 50.0 50.0 50.0 50.0 50.0 50.0 50.0 50.0 50.0 50.0 50.0 50.0 50.0 50.0 50.0 50.0 50.0 50.0 50.0 50.0 50.0 50.0 50.0 50.0 50.0 50.0 50.0 50.0 50.0 50.0 50.0 50.0 50.0 50.0 50.0 50.0 50.0 50.0 50.0 50.0 50.0 50.0 50.0 50.0 50.0 50.0 50.0 50.0 50.0 50.0 50.0 50.0 50.0 50.0 50.0 50.0 50.0 50.0 50.0 50.0 50.0 50.0 50.0 50.0 50.0 50.0 50.0 50.0 50.0 50.0 50.0 50.0 50.0 50.0 50.0 50.0 50.0 50.0 50.0 50.0 50.0 50.0 50.0 50.0 50.0 50.0 50.0 50.0 50.0 50.0 50.0 50.0 50.0 50.0 50.0 50.0 50.0 50.0 50.0 50.0 50.0 50.0 50.0 50.0 50.0 50.0 50.0 50.0 50.0 50.0 50.0 50.0 50.0 50.0 50.0 50.0 50.0 50.0 50.0 50.0 50.0 50.0 50.0 50.0 50.0 50.0 50.0 50.0 50.0 50.0 50.0 50.0 50.0 50.0
50.0 50.0 50.0 50.0 50.0 50.0 50.0 50.0 50.0 50.0 50.0 50.0 50.0 50.0 50.0 50.0 50.0 50.0 50.0 50.0 50.0 50.0 50.0 50.0 50.0 50.0 50.0 50.0 50.0 50.0 50.0 50.0 50.0 50.0 50.0 50.0 50.0 50.0 50.0 50.0 50.0 50.0 50.0 50.0 50.0 50.0 50.0 50.0 50.0 50.0 50.0 50.0 50.0 50.0 50.0 50.0 50.0 50.0 50.0 50.0 50.0 50.0 50.0 50.0 50.0 50.0 50.0 50.0 50.0 50.0 50.0 50.0 50.0 50.0 50.0 50.0 50.0 50.0 50.0 50.0 50.0 50.0 50.0 50.0 50.0 50.0 50.0 50.0 50.0 50.0 50.0 50.0 50.0 50.0 50.0 50.0 50.0 50.0 50.0 50.0 50.0 50.0 50.0 50.0 50.0 50.0 50.0 50.0 50.0 50.0 50.0 50.0 50.0 50.0 50.0 50.0 50.0 50.0 50.0 50.0 50.0 50.0 50.0 50.0 50.0 50.0 50.0 50.0 50.0 50.0 50.0 50.0 50.0 50.0 50.0 50.0 50.0 50.0 50.0 50.0 50.0 50.0 50.0 50.0 50.0 50.0 50.0 50.0 50.0 50.0 50.0 50.0 50.0 50.0 50.0 50.0 50.0 50.0 50.0 50.0 50.0 50.0 50.0 50.0 50.0 50.0 50.0 50.0 50.0 50.0 50.0 50.0 50.0 50.0 50.0 50.0 50.0 50.0 50.0 50.0 50.0 50.0 50.0 50.0 50.0 50.0 50.0 50.0 50.0 50.0 50.0 50.0 50.0 50.0 50.0 50.0 50.0 50.0 50.0 50.0 50.0 50.0 50.0 50.0 50.0 50.0 50.0 50.0 50.0 50.0 50.0 50.0 50.0 50.0 50.0 50.0 50.0 50.0 50.0 50.0 50.0 50.0 50.0 50.0 50.0 50.0 50.0 50.0 50.0 50.0 50.0 50.0 50.0 50.0 50.0 50.0 50.0 50.0 50.0 50.0 50.0 50.0 50.0 50.0 50.0 50.0 50.0 50.0 50.0 50.0 50.0 50.0 50.0 50.0 50.0 50.0 50.0 50.0 50.0 50.0 50.0 50.0 50.0 50.0 50.0 50.0 50.0 50.0 50.0 50.0 50.0 50.0 50.0 50.0 50.0 50.0 50.0 50.0 50.0 50.0 50.0 50.0 50.0 50.0 50.0 50.0 50.0 50.0 50.0 50.0 50.0 50.0 50.0 50.0 50.0 50.0 50.0 50.0 50.0 50.0 50.0 50.0
50.0 50.0 50.0 50.0 50.0 50.0 50.0 50.0 50.0 50.0 50.0 50.0 50.0 50.0 50.0 50.0 50.0 50.0 50.0 50.0 50.0 50.0 50.0 50.0 50.0 50.0 50.0 50.0 50.0 50.0 50.0 50.0 50.0 50.0 50.0 50.0 50.0 50.0 50.0 50.0 50.0 50.0 50.0 50.0 50.0 50.0 50.0 50.0 50.0 50.0 50.0 50.0 50.0 50.0 50.0 50.0 50.0 50.0 50.0 50.0 50.0 50.0 50.0 50.0 50.0 50.0 50.0 50.0 50.0 50.0 50.0 50.0 50.0 50.0 50.0 50.0 50.0 50.0 50.0 50.0 50.0 50.0 50.0 50.0 50.0 50.0 50.0 50.0 50.0 50.0 50.0 50.0 50.0 50.0 50.0 50.0 50.0 50.0 50.0 50.0 50.0 50.0 50.0 50.0 50.0 50.0 50.0 50.0 50.0 50.0 50.0 50.0 50.0 50.0 50.0 50.0 50.0 50.0 50.0 50.0 50.0 50.0 50.0 50.0 50.0 50.0 50.0 50.0 50.0 50.0 50.0 50.0 50.0 50.0 50.0 50.0 50.0 50.0 50.0 50.0 50.0 50.0 50.0 50.0 50.0 50.0 50.0 50.0 50.0 50.0 50.0 50.0 50.0 50.0 50.0 50.0 50.0 50.0 50.0 50.0 50.0 50.0 50.0 50.0 50.0 50.0 50.0 50.0 50.0 50.0 50.0 50.0 50.0 50.0 50.0 50.0 50.0 50.0 50.0 50.0 50.0 50.0 50.0 50.0 50.0 50.0 50.0 50.0 50.0 50.0 50.0 50.0 50.0 50.0 50.0 50.0 50.0 50.0 50.0 50.0 50.0 50.0 50.0 50.0 50.0 50.0 50.0 50.0 50.0 50.0 50.0 50.0 50.0 50.0 50.0 50.0 50.0 50.0 50.0 50.0 50.0 50.0 50.0 50.0 50.0 50.0 50.0 50.0 50.0 50.0 50.0 50.0 50.0 50.0 50.0 50.0 50.0 50.0 50.0 50.0 50.0 50.0 50.0 50.0 50.0 50.0 50.0 50.0 50.0 50.0 50.0 50.0 50.0 50.0 50.0 50.0 50.0 50.0 50.0 50.0 50.0 50.0 50.0 50.0 50.0 50.0 50.0 50.0 50.0 50.0 50.0 50.0 50.0 50.0 50.0 50.0 50.0 50.0 50.0 50.0 50.0 50.0 50.0 50.0 50.0 50.0 50.0 50.0 50.0 50.0 50.0 50.0 50.0 50.0 50.0 50.0 50.0 50.0 50.0 50.0 50.0 50.0