4 302 9
300.00980000000004 300.01 301.04 301.96 302.98 303.99 305.01 306.01 307.02 308.02 309.01 310.0 310.99 311.98 312.96 314.05 315.02 316.0 316.97 318.05 319.02 319.98 320.95 322.03 323.0 323.97 325.04 326.02 326.99 327.96 329.05 330.03 331.01 332.0 332.99 333.98 334.97 335.97 336.98 337.99 339.0 340.02 341.04 341.95 342.98 344.02 344.95 345.99 347.04 347.98 349.03 349.98 351.04 352.0 352.95 354.03 354.99 355.95 357.04 358.01 358.98 359.95 361.05 362.02 363.0 363.98 364.95 366.06 367.04 368.02 368.99 369.97 370.95 372.05 373.03 374.0 374.98 375.95 377.04 378.0 378.97 380.05 381.01 381.96 383.04 383.98 385.05 385.99 387.04 387.98 389.02 389.95 390.99 392.02 393.05 393.96 394.98 395.99 397.0 398.01 399.01 400.0 401.0 401.98 402.97 403.95 405.04 406.02 406.99 407.96 409.04 410.01 410.97 412.05 413.01 413.98 415.05 416.02 416.98 417.95 419.03 420.0 420.98 421.95 423.04 424.03 425.01 426.0 427.0 427.99 429.0 430.0 431.01 432.03 433.05 433.96 434.99 436.02 437.06 437.99 439.03 439.97 441.02 441.97 443.03 443.98 445.05 446.0 446.96 448.04 449.01 449.97 451.06 452.03 453.0 453.98 454.95 456.05 457.02 458.0 458.98 459.95 461.05 462.03 463.0 463.98 464.95 466.04 467.01 467.98 468.95 470.03 470.99 471.95 473.03 473.98 475.04 475.99 477.05 477.99 479.04 479.97 481.01 482.05 482.96 483.99 485.01 486.03 487.05 488.06 488.95 489.95 490.95 492.05 493.04 494.02 495.0 495.98 496.95 498.03 499.0 499.97 501.04 502.01 502.97 504.04 505.0 505.96 507.03 507.99 508.96 510.03 511.0 511.97 513.05 514.02 515.0 515.98 516.96 517.95 519.05 520.05 521.05 522.05 522.95 523.96 524.98 526.0 527.03 528.06 528.98 530.02 530.95 532.0 533.05 533.99 535.05 536.0 536.95 538.02 538.98 540.06 541.02 541.98 542.95 544.03 545.0 545.97 546.94 548.04 549.01 549.98 550.96 552.05 553.02 553.99 554.97 556.06 557.02 557.99 558.96 560.04 561.0 561.96 563.03 563.99 565.05 566.0 567.06 568.0 569.05 569.98 571.03 571.95 572.99 574.02 575.04 575.95 576.96 577.98 578.98 579.98 580.98 581.97 582.96 583.95 585.04 586.02 586.99 587.96 589.04 590.0 590.97 592.03 592.99 593.95 595.02 595.97 597.04 597.99 598.95 600.02
0.0 13.54 26.89 39.77 51.58 60.9 70.0 80.0 90.0
71.04621016395508 71.04640116776291 72.01828385346005 72.86622769671244 73.78380616888882 74.6687911250516 75.53851734100292 76.36764030081241 77.18133551154482 77.96350007421718 78.7148996341819 79.44358638507431 80.14972241721287 80.83351346454663 81.48863126151679 82.19218038521053 82.79637466926383 83.38620033031759 83.9499753586079 84.55469490631351 85.07760724218844 85.57671080199597 86.0628242770298 86.58308345197726 87.03199759835246 87.46401013135127 87.92150344746943 88.32348667487035 88.70581620544317 89.0731366507707 89.46856084454765 89.8089302791267 90.1354393507316 90.45167684330286 90.75470945707075 91.04499891710968 91.32299884563508 91.59178361798111 91.85144626538978 92.09969055317852 92.33695734246406 92.56586954226188 92.7844541505615 92.9710893349243 93.17318282103754 93.3677742527981 93.53405936521106 93.71173239951312 93.88261661152673 94.02866297110008 94.18438485663707 94.31881549645519 94.46188429454403 94.58542075370688 94.70226648863779 94.82885690351769 94.93604806687371 95.03844139025932 95.14914329683194 95.24291166257191 95.33241284382228 95.4178333955487 95.50999053245954 95.58729270871683 95.66179417291137 95.73284107811558 95.79991360693788 95.87288634464566 95.93411680484175 95.99249202854743 96.04758736720244 96.10066204148657 96.1512532899957 96.20522202659778 96.25091305638466 96.2940256910437 96.33554686656555 96.37472162744773 96.41656929355862 96.45161159983884 96.48537523218569 96.52111622725911 96.55132623093068 96.57984487628777 96.61068154379724 96.63621327549419 96.66386764368347 96.68698301124962 96.7115629182347 96.7325092115749 96.75457488337798 96.77336594647879 96.79337823151243 96.81220601341629 96.8300954929486 96.84515725741967 96.86124996929159 96.87640124366878 96.89081077356828 96.90451466643113 96.9174214383261 96.92958212526521 96.94127239490082 96.95217806774735 96.96266791859347 96.9725548510528 96.982999373928 96.99191783358893 97.00032675625928 97.0083389344195 97.01681567800802 97.02404969561658 97.030872868898 97.03816852193908 97.04433180044235 97.0502666894374 97.05648882194265 97.0618495131912 97.06690556272832 97.07177414362293 97.076924672725 97.08131983319345 97.08554940776455 97.08953695981151 97.09379336556326 97.09746360545462 97.10092242038135 97.10424885260556 97.10744603498586 97.11045781552842 97.11338077725686 97.11613312262224 97.11877690707782 97.12131488878698 97.12372680159413 97.12577729541789 97.12798845762354 97.13008872078395 97.13210251190323 97.13381679243585 97.13564181781528 97.13721171809753 97.13888031619501 97.14031638801238 97.14184029463689 97.14313913392537 97.1445300685196 97.14570419576765 97.1468353879712 97.14804476424625 97.1490766976002 97.15004990304622 97.15109974349787 97.15198710350307 97.15283246860176 97.15364592653069 97.15441278475821 97.15523859561013 97.15593007542088 97.15659545418691 97.1572290237626 97.15782629656132 97.15846948268461 97.15901345996174 97.159526272226 97.1600197257656 97.16048490837875 97.16098141786799 97.16140107976182 97.16180087711689 97.1621817500616 97.16258464170261 97.16292495503508 97.16324932138942 97.16359610085856 97.16388603789142 97.16419370093033 97.16445591881707 97.16473416786877 97.16496887830088 97.16521833763255 97.16542861238658 97.16565246401828 97.1658649737885 97.2168239446874 97.24748419352125 97.26797683372726 97.29861703727082 97.35971819174588 97.4106535200118 97.44125159012256 97.4718589782055 97.44152068539427 97.38071848863036 97.23864391536313 97.01530992609426 96.74118742098229 96.42643309530165 96.11167247645346 95.79691660203981 95.55324191817346 95.380659093244 95.28933269638097 95.27924760350476 95.25900179763651 95.20829006849951 95.10678455266493 94.89355294225876 94.61938458201426 94.32489357892669 94.09134031340079 93.92888589383837 93.57344724603533 92.43594180880217 90.07963559089484 86.0068404852355 80.54257383926921 73.93059472251585 66.72952078674824 59.1627995215268 51.31168619175709 43.22696062052683 34.9086250144867 26.67153778076806 19.12510201694811 12.756842487931294 8.1355361415055 5.007266258397448 3.148585993431691 2.0110327806083097 1.3406887679077477 0.9445763650894243 0.6805013673770673 0.5179936723030233 0.4062696169709825 0.32501574132135563 0.26407533143589274 0.23360513225893229 0.20313492363207036 0.19297820391699397 0.1828214777246396 0.1726647505517291 0.16250801768264292 0.15235128191403066 0.1523512966804266 0.15235131230036175 0.14219457058631374 0.14219458243671515 0.1320378370313683 0.1218810907569787 0.12188109948214518 0.11172434881138685 0.11172435614309832 0.1117243638866715 0.10156760948333363 0.10156761515164152 0.0914108585453228 0.10156762636658266 0.10156763118659347 0.1015676358274134 0.09141087622367246 0.0914108804326698 0.08125411910034352 0.08125412211243009 0.0812541253035982 0.08125412802496214 0.08125413088188527 0.07109736665219639 0.07109736891298557 0.07109737082001107 0.06094060529730991 0.0609406067617118 0.06094060833525917 0.06094060964769409 0.060940611060405735 0.06094061238896751 0.05078384469908247 0.05078384558456884 0.05078384652132039 0.050783847420535745 0.0406270786069611 0.040627079244791385 0.04062707985151433 0.0406270804230174 0.04062708096691985 0.0507838518556933 0.05078385253201118 0.050783853109396086 0.0507838536536961 0.05078385417222751 0.05078385472073141 0.05078385518403654 0.0507838556301176 0.05078385609347461 0.05078385649244449 0.05078385687271617 0.040627085820477284 0.040627086092536326 0.04062708638387788 0.04062708662980105 0.050783858583407226 0.050783858897170846
70.84189413879645 70.84208459331195 71.81117232053342 72.65667763096033 73.57161731373789 74.4540572135472 75.32128225451663 76.14802080695063 76.95937597771801 77.73929117685506 78.4885298478569 79.21512102770922 79.91922634058808 80.60105092878901 81.25428472569808 81.95581056961204 82.55826730039885 83.14639672974194 83.7085504432204 84.31153092709646 84.83293946185763 85.33060769027668 85.8153231910517 86.33408619489542 86.78170934553962 87.21247948878454 87.66865713703427 88.06948433352217 88.4507143536523 88.81697845194634 89.21126547740229 89.5506560711706 89.8762261618568 90.19155421270924 90.49371535959668 90.78316999975594 91.06037045086714 91.32838224691812 91.58729815160993 91.8348285338148 92.07141298681277 92.29966687660834 92.51762287518726 92.70372133058258 92.90523363245394 93.09926545452137 93.26507236108588 93.4422344399399 93.61262721992806 93.75825357663837 93.91352763425307 94.04757167591312 94.19022903406616 94.31341022476022 94.4299199325327 94.55614629632063 94.66302919731643 94.7651280560601 94.87551160401125 94.96901030892444 95.05825410099727 95.14342899869717 95.23532110838335 95.31240097759073 95.38668818907568 95.45753077625594 95.52441041664048 95.59717329797903 95.65822767046801 95.7164350176093 95.77137191205493 95.82429395319423 95.87473971044099 95.92855324273702 95.97411287340255 96.01710152393734 96.05850329208303 96.09756539345231 96.13929271325927 96.17423424421713 96.20790077847613 96.24353898892484 96.27366211410063 96.30209874500193 96.33284673184399 96.35830503890753 96.38587987814553 96.40892877010363 96.43343798973068 96.4543240453272 96.47632626025701 96.49506328366573 96.51501801699432 96.53379165360946 96.55162968624064 96.56664813580664 96.58269456795561 96.59780227001346 96.6121703607163 96.62583484366677 96.6387044980248 96.65083021303207 96.66248686357076 96.67336117367856 96.68382085761465 96.69367935704797 96.70409384336818 96.71298665515536 96.72137139528802 96.72936053187584 96.73781289788599 96.7450261117709 96.75182966284247 96.75910433490755 96.76524988893878 96.77116771026861 96.77737194904839 96.7827172239204 96.78775873317532 96.79261331291359 96.79774903002735 96.80213155081081 96.80634896189193 96.81032504646186 96.81456921156203 96.81822889650859 96.82167776451041 96.82499463051838 96.82818261838155 96.83118573758908 96.8341002934093 96.8368447235282 96.8394809049388 96.84201158787252 96.84441656445553 96.84646116143065 96.84866596473452 96.85076018791868 96.85276818773966 96.85447753831212 96.85629731524932 96.85786270078286 96.85952650029459 96.86095844222966 96.86247796637488 96.86377307043695 96.86516000495537 96.86633075562624 96.867458694726 96.86866459305405 96.86969355875468 96.87066396543821 96.87171078673897 96.87259559485761 96.87343852883949 96.87424964741082 96.87501430029306 96.87583773626262 96.87652722750275 96.87719069276004 96.87782244030444 96.87841799545484 96.8790593318914 96.87960174478846 96.88011308229758 96.88060511675421 96.88106896158648 96.88156404320439 96.88198249822668 96.882381145837 96.88276092346015 96.88316265645781 96.88350199111082 96.8838254246463 96.9755809500905 97.03681033676281 97.0675876992453 97.10847656848769 97.16969519984694 97.22071383044845 97.2412770483254 97.25164431737142 97.21124095525566 97.12004168696757 96.96786529078564 96.73444684772842 96.45023159962004 96.16600645937979 95.89192891100618 95.61784105890032 95.38435640193428 95.21182221222058 95.06975204831626 94.99878636821883 94.90748693223561 94.77555246239741 94.62329842785229 94.42025377963914 94.18673189693801 93.80085824815609 93.20167041602988 92.21650709187195 90.66254648452122 88.34678705500596 84.98483450932771 80.64779396150416 75.31533686259486 69.06872594286696 62.05016460157128 54.564358786361254 46.8754000990562 39.16611988256098 31.70060131959632 24.70230617742813 18.415009338531526 13.143426307577037 8.90787437300998 5.748983805237441 3.5753410359861717 2.2650605864977846 1.4626405528127373 0.9750940082808122 0.6906917956513375 0.5078617588493216 0.3859750309112703 0.30471720922299594 0.2539310713261416 0.21330215071384967 0.17267320907785808 0.16251599675281972 0.1422015234102917 0.12188704428653957 0.11172980949534408 0.10157257254846808 0.10157259006602506 0.10157260498696488 0.09141535889325851 0.09141537117040767 0.09141538287802876 0.10157266157271655 0.0914154061071029 0.10157268615273171 0.10157269688038473 0.11172997781580292 0.10157271695004197 0.11173000010025011 0.11173000987449226 0.11173001918599734 0.11173002805667248 0.10157276146284576 0.10157276873418906 0.10157277566128858 0.10157278232682114 0.10157278936679255 0.091415515785383 0.09141552088712057 0.09141552579621665 0.08125824976096263 0.09141553531931416 0.08125825733001366 0.0812582608670835 0.0812582646086055 0.07110098429783951 0.07110098693354983 0.0711009897259645 0.06094370752052529 0.06094370966332704 0.060943711489603224 0.060943713427521466 0.0609437150621982 0.06094371679958734 0.060943718264064 0.06094371983769171 0.05078643429182804 0.05078643546914785 0.05078643657633919 0.05078643761800191 0.050786438503533496 0.05078643944033287 0.05078644033959415 0.05078644117780257 0.06094373037015736 0.05078644273357354 0.05078644344798886 0.050786444127901634 0.050786444774978144 0.05078644545133056 0.05078644602874494 0.05078644657307275 0.05078644709163064 0.05078644764016254 0.050786448103491325 0.050786448549595166 0.06094373881557099 0.06094373929435929 0.06094373975070861 0.06094374023418982 0.0711010307493491 0.07110103125922286 0.07110103168961038 0.08125832240485692 0.08125832290690435
70.61283323924613 70.61302307794405 71.57897734707213 72.42174879204647 73.33373009956713 74.21331670924768 75.07773765596734 75.90180302357454 76.71053475029755 77.4879281637136 78.23474423879189 78.9589860513484 79.66081470296197 80.34043467261893 80.99155629673879 81.69081381986857 82.29132256094715 82.8775503266239 83.43788636657938 84.03891716723865 84.55863977435126 85.05469883726921 85.5378470540242 86.05493268430587 86.50110848571143 86.93048577240287 87.38518841121459 87.78471956897697 88.16471691609055 88.5297967323316 88.92280886611745 89.26110207089505 89.58561945994553 89.89992792587776 90.20111206184595 90.48963077643376 90.76593492479276 91.03308012878209 91.29115885215968 91.5378888671143 91.77370834554064 92.00122419689217 92.21847545433303 92.4039721770938 92.60483290704295 92.79823734464749 92.96350812947738 93.14009737066743 93.30993920091132 93.45509468788173 93.60986668078253 93.74347730307773 93.88567339148095 94.00845628686274 94.12458927096354 94.2504074931456 94.35694479788447 94.45871352914199 94.56874016180879 94.6619365470605 94.75089177735023 94.83579126967139 94.9273862544774 95.00421689285332 95.07826390331466 95.14887742735446 95.21554081843097 95.28806842753045 95.34892538619174 95.40694452510598 95.46170378603951 95.51445470851382 95.56473735393708 95.61837688501159 95.66378920270488 95.7066388533007 95.74790675254904 95.78684255012328 95.82843494839084 95.86326349904786 95.89682117559326 95.93234415309058 95.96236987784768 95.99071456145799 96.0213631274473 96.04673911736239 96.07422479583532 96.09719916127221 96.12162913253975 96.14244765495212 96.16437872769686 96.1830551666239 96.2029453781152 96.22165831186317 96.23943866681859 96.25440855557733 96.27040310302971 96.28546195569037 96.29978358846292 96.3134038885355 96.3262319300225 96.3383184376198 96.34993739742633 96.36077654642945 96.37120240991733 96.38102903277853 96.39140984479296 96.40027390247225 96.40863153130105 96.41659483573353 96.42501987177764 96.43220976238355 96.43899131478405 96.44624246485064 96.45236814778508 96.45826683437137 96.46445101230249 96.46977900370847 96.47480421169621 96.47964309458706 96.48476220582099 96.48913055611726 96.49333433057859 96.49729755883631 96.50152800080997 96.50517585249408 96.5086135688911 96.51191971011085 96.5150973899017 96.51809079879311 96.52099593065896 96.52373148690965 96.52635914446452 96.52888164466235 96.53127884496966 96.53331683092418 96.53551450519467 96.53760195689634 96.53960346403031 96.54130728757129 96.54312118042326 96.54468150442332 96.54633992418883 96.54776723606831 96.57977430360008 96.61155849209233 96.67392841718318 96.71575508254709 96.7168812683009 96.73841489489175 96.74960738641441 96.75057659011671 96.69063138743287 96.6508536860377 96.60086817881702 96.51018852804081 96.42962656572757 96.28812845847459 96.13632937002927 96.01499941311233 95.79197876617428 95.56891949921742 95.2849071863638 94.92963245621418 94.41166736236644 93.65985883729809 92.54203592799095 90.9362563485173 88.84241215174407 86.19955512915615 83.04834605072277 79.53114275195176 75.80036779932696 71.9272253902595 68.03373996075291 64.22152088568279 60.653285865006175 57.48149576918513 54.7570256099123 52.398513129698436 50.26366201280944 48.08811404286464 45.69906355334078 42.81183036785094 39.57890272821786 36.01046724377737 32.157345707823325 28.100872497997056 23.91221507694326 19.672707861031505 15.545018109085 11.732489396481038 8.468957387199005 5.835760349643328 3.9447347272295628 2.6128813700014617 1.7385338344927406 1.2098581196515663 0.8641852065990039 0.6303475011669175 0.4880113944528743 0.3863426750809266 0.30500764083256554 0.2541732248159752 0.2135056599845073 0.1830049886654465 0.16267120507535088 0.142337391209073 0.13217052005491545 0.12200362416826052 0.1118367147927008 0.10166979723675101 0.10166984592256673 0.10166989230350976 0.10166994136543793 0.10166998322794041 0.09150302115876936 0.09150305567881176 0.08133607870948352 0.08133610680648673 0.09150315349140538 0.08133616199522245 0.07116916301876174 0.071169183254222 0.06100217196082254 0.0610021878874008 0.06100220317579856 0.06100221770404397 0.06100223164182888 0.050835204066661456 0.05083521345126126 0.05083522355289565 0.061002278582147906 0.06100228966990056 0.07116935022232737 0.0711693606770533 0.07116937189173442 0.08133643594266605 0.08133644635947192 0.09150351470390737 0.10167058378430172 0.10167059649693934 0.11183766795842652 0.1118376792166481 0.12200475278872376 0.11183770152257623 0.12200477597044386 0.12200478613824113 0.12200479582466947 0.1220048062555777 0.12200481498960067 0.12200482331013289 0.13217190059285572 0.13217190975364054 0.1423389880731394 0.14233899601682554 0.1525060753505981 0.1525060840003718 0.16267316398690865 0.17284024463349246 0.19317439946960066 0.20334148248871697 0.2338427139568005 0.2643439473156012 0.30501225888164407 0.3761817985531117 0.46768549572622947 0.6100245779232741 0.8337002830055539 1.2200492273673234 1.8809092791457602 2.9281182995192823 4.402344640380746 6.303588304430444 8.530178564546539 10.98044463713149 13.593384056443185 16.24699184813254 18.727759409442143 20.852679277357325 22.489579387033814 23.516454764411854 23.882469981218055 23.67912872230652 22.967433447751386 21.89989033943497 20.62900561303551 19.225948771693677 17.86356020831246 16.775682780119773 16.17582520693568 16.21649367721048 17.050194442358038 18.768431262832973 21.41187245398388 24.8076776728078 28.762672415219352 33.02267961478498 37.27251980786492 41.278350064358456 44.907998349148635 48.05979386642056
69.47016977573794 69.47035654244833 70.42067964936241 71.24981328808987 72.14703682890296 73.0123898859024 73.86282269211563 74.67355295696726 75.46919771134382 76.2340112719267 76.96874229951707 77.68126436341049 78.37173595822497 79.04035825404881 79.68094336722511 80.36888543979711 80.9596766923333 81.53641806554563 82.08768669536087 82.67899155946085 83.19030396679725 83.67833575562159 84.15366562280157 84.66238372511242 85.10133946802182 85.52376853135137 85.9711131295875 86.36417903683427 86.73802723138085 87.09719929193294 87.48385166665813 87.81667057919564 88.13593659754294 88.44515889451952 88.74146924066548 89.02531911846296 89.29715208728331 89.55997432262731 89.81387679199577 90.05661419880104 90.2886176243993 90.51245179299173 90.72618747029098 90.90868246775656 91.10629285061103 91.2965675995401 91.45916395709173 91.63289561468544 91.79998904856717 91.94279561588829 92.09506307394251 92.22651159666701 92.36640665468498 92.4872026657844 92.60145637508836 92.72523859504624 92.83005190316804 92.93017380331001 93.03841997472928 93.13010824736926 93.21762399581303 93.30114963661887 93.39126242282475 93.46684978063364 93.53969855545486 93.60916940485257 93.67475404270756 93.74610800326171 93.80598016893322 93.8630604367219 93.91693357817987 93.96883088029918 94.01829984725724 94.07107137842937 94.11574882975572 94.15790508330296 94.19850518155079 94.23681091641164 94.27773026260523 94.31199521440215 94.34500985749102 94.37995799884824 94.40949784452258 94.437383851815 94.46753645984654 94.49250181312243 94.51954271577884 94.54214530788816 94.56617995107862 94.58666158621662 94.60823776829359 94.62661198334133 94.64618032957232 94.66459044887837 94.68208308046903 94.6968107250895 94.71254644728094 94.7273616161812 94.7414514949544 94.77526389574399 94.79809468363918 94.77936276958265 94.78058358602757 94.7810349134088 94.79128985495933 94.78052854180525 94.79073697036526 94.81988474854143 94.8281053621376 94.8155037400981 94.76248038606181 94.66735788407723 94.49006322173821 94.12923596690409 93.45040890987144 92.30108277208814 90.71232799012135 88.67277351909782 86.16244692264777 83.25296588250482 79.97534709426239 76.37981217247028 72.59977146534443 68.76810085952357 65.04878314813115 61.61511293571231 58.631041591516066 56.09668237109131 54.0018660104335 52.397753768925035 51.21285376787324 50.41647901563629 49.95755462009477 49.703132977776214 49.540697852458635 49.39852996897489 49.24620772840928 49.05290240429621 48.839084731013955 48.61487781128105 48.380487521936395 48.12550041583625 47.89101555499651 47.70756397484594 47.52414992057969 47.28946347933727 46.90134237551343 46.19592500770654 45.08119948013467 43.48558396475655 41.30662758120622 38.64669191954504 35.57744238994332 32.13970872562479 28.446089691044882 24.598910862562274 20.731192506932338 16.975982581108287 13.507207048164155 10.478389956389595 7.920240931927922 5.914634885310527 4.400190029961188 3.2643452987574624 2.4866460638064645 1.9238347089704608 1.5145154263071843 1.2279917560407505 1.013097574529378 0.8596014790774994 0.7368041560317136 0.6447063098488031 0.5833077519473504 0.5219086782743614 0.48097638090960587 0.4502771044784115 0.4195777213704131 0.40934522311082705 0.37864541569816645 0.35817896114312703 0.34794616984654503 0.3479469228350787 0.32748021123959076 0.3274809274674211 0.3274815243345518 0.317248350195719 0.3172489367931936 0.3274833488787325 0.3274838956850085 0.3377182981613504 0.34795264547251564 0.3684209695797757 0.38888932478204846 0.41959170319596467 0.45029407561628104 0.49123045628160256 0.5424008796279849 0.6140393613352356 0.6754439504293945 0.7777847382757753 0.9108276592897283 1.0848068779551758 1.3201906527664344 1.6067448687324752 2.0468101988995775 2.6506211954888967 3.500050303608073 4.636034368601098 6.160914994181571 8.054223871844687 10.275025483402615 12.813086709399508 15.586533868282425 18.533963041681265 21.542800126654562 24.459531355129904 27.151113972856717 29.4333332998709 31.214081645347996 32.32961245252089 32.83109671729493 32.82087289826738 32.360346468585 31.592795051222993 30.60009078520572 29.515279219132406 28.491871685050047 27.642443875445927 27.12050833271208 27.018172655077553 27.417309812580065 28.276984720228988 29.53579142477574 31.122092185756472 32.96424735902434 34.98038311845716 37.09886155232045 39.19687140082618 41.21300818447336 43.03469659387021 44.600530247511486 45.81840268131539 46.66784415752805 47.14885519226771 47.25120154581746 47.005586084161294 46.45294445913157 45.654682199231644 44.68243853559463 43.638555704296344 42.59467210208058 41.64289586817774 40.88556891390268 40.465970135236994 40.45573831953099 40.8548738640418 41.653142674348885 42.77890571348448 44.129820619721535 45.57284327424469 46.9646950120906 48.30537604357761 49.59488589226431 50.83322479542055 51.948753612921955 52.8698325753573 53.58622785479751 54.15934421418419 54.671055554060324 55.274874385558164 56.216421709986605 57.60827333144313 59.33785350866064 61.261883192903916 63.165444676215564 64.88479066393391 66.24593983944811 67.16701849948232 67.5763875259622 67.55592033277962 67.1158510611146 66.23571132769798 64.94620370253209 63.41107529176848 61.73266805692014 60.09519752135608 58.65217669985349 57.60828937308275 57.07611179200009 57.13751755215904 57.7413357533797 58.81592690571974 60.340822704401994 62.27508641560682 64.63918634199851 67.3000779873186 70.1861220344539 73.15403961240062 76.07078628123905 78.78284896242151 81.13671475922287 82.9481681617692
54.73027979329501 54.73042693262616 55.479114458557696 56.13232599064517 56.83918039425973 57.52092645998048 58.190917991305376 58.829630900392274 59.45645907950384 60.05899769853318 60.63783657056484 61.1991786839017 61.7431489044368 62.269905718830735 62.77457416269285 63.31655156443218 63.7819912006835 64.23636200222577 64.6706647604953 65.13650903235758 65.53933331226999 65.9238165579077 66.29829292249484 66.69907334616829 67.0448932959951 67.37769312797305 67.7301220208996 68.03978884840654 68.33431549709336 68.61727993249647 68.92189402398013 69.1840968120614 69.43562230234085 69.67923510603036 69.91267556259709 70.13629936085897 70.35045594761566 70.55751366062705 70.75754416629017 70.94877856565378 71.1315564750354 71.30789844618518 71.47628458167556 71.62005855407855 72.12199152858277 72.64000182505407 73.12718653369066 73.57337686499294 73.95381187305641 74.59300125485836 75.13860468995954 75.6272863634582 76.12401657483791 76.58540803054049 76.98019577346534 77.29039295458315 77.46077147600414 77.4716028030116 77.24984810710922 76.68055277943787 75.70020584705917 74.33923691837077 72.62592254194685 70.51157999453017 68.07804475945461 65.41852891991553 62.626735855780204 59.7927360194259 57.03126402131976 54.47444408486733 52.25913407399687 50.48135490984888 49.089168235007 48.03365099226747 47.3305670834568 46.899194339128925 46.69829754354589 46.64355094549399 46.67434277596328 46.712390778664336 46.749834548977965 46.79880137487395 46.82400194043612 46.85894486960809 46.895025439918044 46.92854330552035 46.96310359379293 47.01660556386548 47.08141114815415 47.176191326447864 47.28213032436148 47.40766396542646 47.55500158249688 47.70181243604223 47.86938022875394 48.035604122634396 48.19180349703556 48.35817089112171 48.50303612562095 48.647588068314676 48.781184563808765 48.90384399262844 49.03689045606597 49.15897278498433 49.28086999793484 49.37068792757898 49.429006739257275 49.412349714139935 49.30000994450522 49.0602124471087 48.64034121009587 48.03949755738938 47.215647586766025 46.19038767105892 44.95230680063929 43.49120559063348 41.892141948158475 40.17581766983165 38.38491684066261 36.583148590410296 34.813132006278934 33.14878035010781 31.62217323030952 30.27576030629497 29.130951787725895 28.208741997733735 27.54111854078382 27.08568104058728 26.853067905298275 26.864514941312624 27.098842754780826 27.54543281240002 28.17247353804572 28.979978391762547 29.957336990859467 31.104482815365863 32.38973977980888 33.802412810376175 35.26819833229472 36.691464362806414 38.15729183424175 39.6336874075347 41.0889378596726 42.522901537706595 43.872006380167484 45.13610666197319 46.27286975014142 47.207816758473896 48.00472891686372 48.674279317083545 49.29066419082591 49.73713570002618 50.013757615406284 50.184114098589255 50.22702606046031 50.18497096798091 50.10041513616364 49.97341197402955 49.87819520684853 49.793582937965255 49.70895323079866 49.6880200811335 49.72020732960969 49.8160611808475 49.964997858559386 50.1988829778616 50.49647374373428 50.81532315856895 51.17661441865112 51.54851806283746 51.93103449672381 52.31356578307754 52.66420652678187 52.993601104066805 53.26991018946727 53.50370980150698 53.67380023126755 53.80138618550566 53.8971213580076 53.99283288430651 54.056692556518534 54.14177112703538 54.237477865161075 54.365039439651625 54.53506277165897 54.736955390041324 54.949462717547 55.2044470577935 55.48066813348651 55.7462642980022 55.979986119858886 56.22433427426743 56.426197613184755 56.61744441475689 56.76619839175602 56.88308745981565 56.95749189556182 57.02127309009794 57.0638101118371 57.06386846493853 57.053297760519314 57.03210417774707 57.00029233428812 56.957853036988205 56.90479071548398 56.85173071158925 56.788043813754825 56.73497568373668 56.671288986936176 56.60759682559137 56.56514457211122 56.597037736885156 56.71389120671752 56.92632875357939 57.21311212289694 57.56361525662765 57.88225598628058 58.126551655708646 58.27526100919945 58.33900479351333 58.370887884472374 58.42400930710196 58.44526800903741 58.5090083606445 58.72143513627241 59.17813745782287 59.93221704365706 60.96243270600958 62.247543506272216 63.681343091629955 65.0301760728272 66.09225316300284 66.80384745545913 67.20744412309445 67.34552412799985 67.18622428905532 66.68706430397299 65.85866241214272 64.80722617425718 63.64958369864083 62.55566357945282 61.790984076828195 61.66354270205028 62.21582320213497 63.46906717177006 65.29582747295898 67.48368966462412 69.83086190163775 72.15679291659549 74.29155278252915 76.0014853137789 77.16976382768262 77.79638826486587 77.84949699728448 77.33970946032117 76.30950885529333 74.76951582329961 72.88966139197994 70.8611166962214 68.84319235794358 67.04830180092527 65.63575545838444 64.7436214944805 64.32941763929293 64.35066151301784 64.77549062760546 65.62514685371751 66.85714708264538 68.5352158607003 70.585008031546 72.97466205399958 75.59797074404779 78.26376240478893 80.83396776920566 83.13865646643487 85.05038010956926 86.40982851700879 87.17451878495486 87.33383055450042 86.88776364069453 85.94252475061664 84.54059660838698 82.8200480147456 80.97205116012263 79.1240541997538 77.41412596110901 75.9378526537735 74.80144088409197 73.96240805054576 73.45261621202174 73.16585866829986 73.09151458106552 73.18710133716199 73.46323967030769 73.94117082590165 74.61027419441588 75.51303255953218 76.66006647885345 78.08323812610226 79.75068534249816 81.61992548025705 83.66971722917309
29.416376700567508 29.41645578486981 29.818859616478143 30.16994710526153 30.549866511625098 30.916290713348776 31.276397099540826 31.61969188276094 31.956598873058027 32.2804507346043 32.591564479553604 32.893274083929356 33.185646660528384 33.468767392604406 33.74001608911401 34.03131756743592 34.281481603195544 34.52569637261362 34.759124989964064 35.00950650887202 35.22601610478112 35.43266777971228 35.63394096610487 35.84935203218233 36.03522299708689 36.21409592191613 36.403519055027196 36.56995847547266 36.728260367566925 36.88034781269088 37.044071493571494 37.18499998900891 37.32018966097477 37.45112642997133 37.576595775888336 37.69678887400016 37.81189354462738 37.92318271960885 38.030694918128845 38.13347939412701 38.23171868424609 38.32649879264411 38.41700280635362 38.494278298967885 38.87680669257174 39.153311417817456 39.35348136830032 39.51971627181197 39.69652100142944 40.25656370606908 40.769809558770824 41.262061432654946 41.78571595264546 42.315222061570125 42.869355374710636 43.429189912116804 43.9284212654558 44.346904086654185 44.59759706605298 44.5884185881503 44.244772592757954 43.51263345401615 42.32926811644019 40.6039351032994 38.44771755380545 35.85956530319752 32.95887137250882 29.815268866661363 26.543171558716157 23.266181038592432 20.07826387966106 17.06054292526908 14.28047396586437 11.766202112975842 9.610720448517357 7.77527881875003 6.273956630191042 5.080342606214832 4.1682276745911535 3.483752691854644 2.960208051784246 2.5709508110563863 2.2889970322797777 2.1011118225647083 1.9670530208283257 1.8732371774275935 1.8333320922872538 1.82028689297226 1.86121075229338 1.9155736851150824 2.0104618760849764 2.172800174391447 2.4297199372512353 2.7812203681281593 3.321876878905157 4.159744821842502 5.430179512733272 7.295411975018567 9.904319218026348 13.284205742135368 17.137961743040965 21.073686751951737 24.7939722986824 28.06874427880309 30.76266967685632 32.88898516479049 34.434364731555355 35.37083436788056 35.603865092578346 35.09272592874158 33.85106883297004 32.32463369076671 30.892561099658565 29.947603165359503 29.719436756791758 30.425036270491375 31.902316775351384 33.98860497778369 36.46757130186317 39.055018621613144 41.575156316339026 43.79736892763987 45.62706760438412 46.91521742733402 47.64845248975978 47.78566215473808 47.28633505672439 46.285861992394544 44.892534955623354 43.26880775433788 41.658484732704984 40.22405924457462 39.11456077616895 38.39774157079801 38.19552744197241 38.4943194160036 39.307902231913744 40.51429285618429 42.01870346290997 43.71268509803167 45.528693842560436 47.385285629710914 49.10652117130015 50.59739809516866 51.81742538976332 52.658045884780336 53.038127467747536 52.971030616738645 52.49747666946718 51.69880383840694 50.6426052159824 49.396679589567086 48.015283667109905 46.68797370307658 45.44191131051632 44.37194562508258 43.572917098854894 43.07197787950156 42.89614737934754 43.05903032063558 43.56063097241258 44.346756343444945 45.403899871825104 46.69135033339934 48.10074537047499 49.65919073804649 51.21763703024269 52.708366716009515 54.05002132824831 55.20197868237082 56.08293701735912 56.652266724626045 56.92346474411095 56.89655472614489 56.558005959660115 55.9755198386533 55.14913752638256 54.20077283327556 53.22531134272559 52.29047164608642 51.46403762408504 50.854384198602304 50.4344401956403 50.20419387509898 50.17718454850922 50.38053977882677 50.82779831434717 51.50541211817482 52.440483482327615 53.64656340475737 55.16429604000798 57.02080232774274 59.09411923273071 61.167445324145405 62.929099920099134 64.32488699294696 65.40900861827649 66.23566645742284 66.81840978686915 67.13014410495495 67.08955055735326 66.61533118350312 65.73459177162376 64.55572670906773 63.55301691682619 63.20074481937901 63.63440983918152 64.65075690283314 65.73486151416773 66.48019134312244 66.75124260379188 66.61577163044431 66.31768561368399 65.96539453245612 65.55890155152625 64.96269190706289 63.987057305275236 62.60489544150753 60.93816362165371 59.46114172608429 58.566806782277254 58.377113119067616 58.919165206903024 59.989700674785574 61.575167468838195 63.79752731732665 66.67032987828487 70.03096481083772 73.66261836133341 77.13166201302468 79.99091442666031 82.07776807722782 83.41932074477714 84.08332997128082 84.13754807901132 83.5413206804528 82.15914145989683 79.95035456278782 77.09112294220651 73.83891483981077 70.57315350740605 67.78167395989901 65.59998366565554 64.01453295440986 62.93046567611978 62.225824292054845 61.87350578677508 61.8464090987941 62.239390785148856 63.12020619713226 64.52950696187446 66.64345587603432 69.36719662802764 72.578771418318 76.00716070455478 79.35424459368834 82.34900448981205 84.73397305912077 86.52270008916187 87.63388050793597 88.09461604774376 87.89135609826683 86.92924318516603 85.27603236838821 83.09433513742044 80.6416185525766 78.18890193388515 75.99365254507563 74.24558408245072 72.90404327024808 71.92837782720943 71.25083264950898 70.76300070426072 70.45133063665001 70.26161912273615 70.2345187757564 70.3564786731799 70.65460057748426 71.21019042643663 72.02324811002634 73.1615283092931 74.65213294750586 76.50861298167905 78.73096841597054 81.23789362695773 83.92098109122433 86.67182338249557 89.26005427007587 91.55016443176095 93.36599161862854 94.59912837872965 95.22247259445389 95.22247343087997 94.57202905046282 93.32534305594511 91.63147589222444 89.57173328196382 87.32227732741195 85.04571949671902 82.891120030345 80.99398844378415 79.46273233541565
50.0 50.0 50.0 50.0 50.0 50.0 50.0 50.0 50.0 50.0 50.0 50.0 50.0 50.0 50.0 50.0 50.0 50.0 50.0 50.0 50.0 50.0 50.0 50.0 50.0 50.0 50.0 50.0 50.0 50.0 50.0 50.0 50.0 50.0 50.0 50.0 50.0 50.0 50.0 50.0 50.0 50.0 50.0 50.0 50.0 50.0 50.0 50.0 50.0 50.0 50.0 50.0 50.0 50.0 50.0 50.0 50.0 50.0 50.0 50.0 50.0 50.0 50.0 50.0 50.0 50.0 50.0 50.0 50.0 50.0 50.0 50.0 50.0 50.0 50.0 50.0 50.0 50.0 50.0 50.0 50.0 50.0 50.0 50.0 50.0 50.0 50.0 50.0 50.0 50.0 50.0 50.0 50.0 50.0 50.0 50.0 50.0 50.0 50.0 50.0 50.0 50.0 50.0 50.0 50.0 50.0 50.0 50.0 50.0 50.0 50.0 50.0 50.0 50.0 50.0 50.0 50.0 50.0 50.0 50.0 50.0 50.0 50.0 50.0 50.0 50.0 50.0 50.0 50.0 50.0 50.0 50.0 50.0 50.0 50.0 50.0 50.0 50.0 50.0 50.0 50.0 50.0 50.0 50.0 50.0 50.0 50.0 50.0 50.0 50.0 50.0 50.0 50.0 50.0 50.0 50.0 50.0 50.0 50.0 50.0 50.0 50.0 50.0 50.0 50.0 50.0 50.0 50.0 50.0 50.0 50.0 50.0 50.0 50.0 50.0 50.0 50.0 50.0 50.0 50.0 50.0 50.0 50.0 50.0 50.0 50.0 50.0 50.0 50.0 50.0 50.0 50.0 50.0 50.0 50.0 50.0 50.0 50.0 50.0 50.0 50.0 50.0 50.0 50.0 50.0 50.0 50.0 50.0 50.0 50.0 50.0 50.0 50.0 50.0 50.0 50.0 50.0 50.0 50.0 50.0 50.0 50.0 50.0 50.0 50.0 50.0 50.0 50.0 50.0 50.0 50.0 50.0 50.0 50.0 50.0 50.0 50.0 50.0 50.0 50.0 50.0 50.0 50.0 50.0 50.0 50.0 50.0 50.0 50.0 50.0 50.0 50.0 50.0 50.0 50.0 50.0 50.0 50.0 50.0 50.0 50.0 50.0 50.0 50.0 50.0 50.0 50.0 50.0 50.0 50.0 50.0 50.0 50.0 50.0 50.0 50.0 50.0 50.0 50.0 50.0 50.0 50.0 50.0 50.0 50.0 50.0 50.0 50.0 50.0 50.0 50.0 50.0 50.0 50.0 50.0 50.0 50.0 50.0 50.0 50.0 50.0 50.0
50.0 50.0 50.0 50.0 50.0 50.0 50.0 50.0 50.0 50.0 50.0 50.0 50.0 50.0 50.0 50.0 50.0 50.0 50.0 50.0 50.0 50.0 50.0 50.0 50.0 50.0 50.0 50.0 50.0 50.0 50.0 50.0 50.0 50.0 50.0 50.0 50.0 50.0 50.0 50.0 50.0 50.0 50.0 50.0 50.0 50.0 50.0 50.0 50.0 50.0 50.0 50.0 50.0 50.0 50.0 50.0 50.0 50.0 50.0 50.0 50.0 50.0 50.0 50.0 50.0 50.0 50.0 50.0 50.0 50.0 50.0 50.0 50.0 50.0 50.0 50.0 50.0 50.0 50.0 50.0 50.0 50.0 50.0 50.0 50.0 50.0 50.0 50.0 50.0 50.0 50.0 50.0 50.0 50.0 50.0 50.0 50.0 50.0 50.0 50.0 50.0 50.0 50.0 50.0 50.0 50.0 50.0 50.0 50.0 50.0 50.0 50.0 50.0 50.0 50.0 50.0 50.0 50.0 50.0 50.0 50.0 50.0 50.0 50.0 50.0 50.0 50.0 50.0 50.0 50.0 50.0 50.0 50.0 50.0 50.0 50.0 50.0 50.0 50.0 50.0 50.0 50.0 50.0 50.0 50.0 50.0 50.0 50.0 50.0 50.0 50.0 50.0 50.0 50.0 50.0 50.0 50.0 50.0 50.0 50.0 50.0 50.0 50.0 50.0 50.0 50.0 50.0 50.0 50.0 50.0 50.0 50.0 50.0 50.0 50.0 50.0 50.0 50.0 50.0 50.0 50.0 50.0 50.0 50.0 50.0 50.0 50.0 50.0 50.0 50.0 50.0 50.0 50.0 50.0 50.0 50.0 50.0 50.0 50.0 50.0 50.0 50.0 50.0 50.0 50.0 50.0 50.0 50.0 50.0 50.0 50.0 50.0 50.0 50.0 50.0 50.0 50.0 50.0 50.0 50.0 50.0 50.0 50.0 50.0 50.0 50.0 50.0 50.0 50.0 50.0 50.0 50.0 50.0 50.0 50.0 50.0 50.0 50.0 50.0 50.0 50.0 50.0 50.0 50.0 50.0 50.0 50.0 50.0 50.0 50.0 50.0 50.0 50.0 50.0 50.0 50.0 50.0 50.0 50.0 50.0 50.0 50.0 50.0 50.0 50.0 50.0 50.0 50.0 50.0 50.0 50.0 50.0 50.0 50.0 50.0 50.0 50.0 50.0 50.0 50.0 50.0 50.0 50.0 50.0 50.0 50.0 50.0 50.0 50.0 50.0 50.0 50.0 50.0 50.0 50.0 50.0 50.0 50.0 50.0 50.0 50.0 50.0
50.0 50.0 50.0 50.0 50.0 50.0 50.0 50.0 50.0 50.0 50.0 50.0 50.0 50.0 50.0 50.0 50.0 50.0 50.0 50.0 50.0 50.0 50.0 50.0 50.0 50.0 50.0 50.0 50.0 50.0 50.0 50.0 50.0 50.0 50.0 50.0 50.0 50.0 50.0 50.0 50.0 50.0 50.0 50.0 50.0 50.0 50.0 50.0 50.0 50.0 50.0 50.0 50.0 50.0 50.0 50.0 50.0 50.0 50.0 50.0 50.0 50.0 50.0 50.0 50.0 50.0 50.0 50.0 50.0 50.0 50.0 50.0 50.0 50.0 50.0 50.0 50.0 50.0 50.0 50.0 50.0 50.0 50.0 50.0 50.0 50.0 50.0 50.0 50.0 50.0 50.0 50.0 50.0 50.0 50.0 50.0 50.0 50.0 50.0 50.0 50.0 50.0 50.0 50.0 50.0 50.0 50.0 50.0 50.0 50.0 50.0 50.0 50.0 50.0 50.0 50.0 50.0 50.0 50.0 50.0 50.0 50.0 50.0 50.0 50.0 50.0 50.0 50.0 50.0 50.0 50.0 50.0 50.0 50.0 50.0 50.0 50.0 50.0 50.0 50.0 50.0 50.0 50.0 50.0 50.0 50.0 50.0 50.0 50.0 50.0 50.0 50.0 50.0 50.0 50.0 50.0 50.0 50.0 50.0 50.0 50.0 50.0 50.0 50.0 50.0 50.0 50.0 50.0 50.0 50.0 50.0 50.0 50.0 50.0 50.0 50.0 50.0 50.0 50.0 50.0 50.0 50.0 50.0 50.0 50.0 50.0 50.0 50.0 50.0 50.0 50.0 50.0 50.0 50.0 50.0 50.0 50.0 50.0 50.0 50.0 50.0 50.0 50.0 50.0 50.0 50.0 50.0 50.0 50.0 50.0 50.0 50.0 50.0 50.0 50.0 50.0 50.0 50.0 50.0 50.0 50.0 50.0 50.0 50.0 50.0 50.0 50.0 50.0 50.0 50.0 50.0 50.0 50.0 50.0 50.0 50.0 50.0 50.0 50.0 50.0 50.0 50.0 50.0 50.0 50.0 50.0 50.0 50.0 50.0 50.0 50.0 50.0 50.0 50.0 50.0 50.0 50.0 50.0 50.0 50.0 50.0 50.0 50.0 50.0 50.0 50.0 50.0 50.0 50.0 50.0 50.0 50.0 50.0 50.0 50.0 50.0 50.0 50.0 50.0 50.0 50.0 50.0 50.0 50.0 50.0 50.0 50.0 50.0 50.0 50.0 50.0 50.0 50.0 50.0 50.0 50.0 50.0 50.0 50.0 50.0 50.0 50.0