4 302 9
300.00980000000004 300.01 301.04 301.96 302.98 303.99 305.01 306.01 307.02 308.02 309.01 310.0 310.99 311.98 312.96 314.05 315.02 316.0 316.97 318.05 319.02 319.98 320.95 322.03 323.0 323.97 325.04 326.02 326.99 327.96 329.05 330.03 331.01 332.0 332.99 333.98 334.97 335.97 336.98 337.99 339.0 340.02 341.04 341.95 342.98 344.02 344.95 345.99 347.04 347.98 349.03 349.98 351.04 352.0 352.95 354.03 354.99 355.95 357.04 358.01 358.98 359.95 361.05 362.02 363.0 363.98 364.95 366.06 367.04 368.02 368.99 369.97 370.95 372.05 373.03 374.0 374.98 375.95 377.04 378.0 378.97 380.05 381.01 381.96 383.04 383.98 385.05 385.99 387.04 387.98 389.02 389.95 390.99 392.02 393.05 393.96 394.98 395.99 397.0 398.01 399.01 400.0 401.0 401.98 402.97 403.95 405.04 406.02 406.99 407.96 409.04 410.01 410.97 412.05 413.01 413.98 415.05 416.02 416.98 417.95 419.03 420.0 420.98 421.95 423.04 424.03 425.01 426.0 427.0 427.99 429.0 430.0 431.01 432.03 433.05 433.96 434.99 436.02 437.06 437.99 439.03 439.97 441.02 441.97 443.03 443.98 445.05 446.0 446.96 448.04 449.01 449.97 451.06 452.03 453.0 453.98 454.95 456.05 457.02 458.0 458.98 459.95 461.05 462.03 463.0 463.98 464.95 466.04 467.01 467.98 468.95 470.03 470.99 471.95 473.03 473.98 475.04 475.99 477.05 477.99 479.04 479.97 481.01 482.05 482.96 483.99 485.01 486.03 487.05 488.06 488.95 489.95 490.95 492.05 493.04 494.02 495.0 495.98 496.95 498.03 499.0 499.97 501.04 502.01 502.97 504.04 505.0 505.96 507.03 507.99 508.96 510.03 511.0 511.97 513.05 514.02 515.0 515.98 516.96 517.95 519.05 520.05 521.05 522.05 522.95 523.96 524.98 526.0 527.03 528.06 528.98 530.02 530.95 532.0 533.05 533.99 535.05 536.0 536.95 538.02 538.98 540.06 541.02 541.98 542.95 544.03 545.0 545.97 546.94 548.04 549.01 549.98 550.96 552.05 553.02 553.99 554.97 556.06 557.02 557.99 558.96 560.04 561.0 561.96 563.03 563.99 565.05 566.0 567.06 568.0 569.05 569.98 571.03 571.95 572.99 574.02 575.04 575.95 576.96 577.98 578.98 579.98 580.98 581.97 582.96 583.95 585.04 586.02 586.99 587.96 589.04 590.0 590.97 592.03 592.99 593.95 595.02 595.97 597.04 597.99 598.95 600.02
0.0 13.54 26.89 39.77 51.58 60.9 70.0 80.0 90.0
71.04621016395508 71.04640116776291 72.01828385346005 72.86622769671244 73.78380616888882 74.6687911250516 75.53851734100292 76.36764030081241 77.18133551154482 77.96350007421718 78.7148996341819 79.44358638507431 80.14972241721287 80.83351346454663 81.48863126151679 82.19218038521053 82.79637466926383 83.38620033031759 83.9499753586079 84.55469490631351 85.07760724218844 85.57671080199597 86.0628242770298 86.58308345197726 87.03199759835246 87.46401013135127 87.92150344746943 88.32348667487035 88.70581620544317 89.0731366507707 89.46856084454765 89.8089302791267 90.1354393507316 90.45167684330286 90.75470945707075 91.04499891710968 91.32299884563508 91.59178361798111 91.85144626538978 92.09969055317852 92.33695734246406 92.56586954226188 92.7844541505615 92.9710893349243 93.17318282103754 93.3677742527981 93.53405936521106 93.71173239951312 93.88261661152673 94.02866297110008 94.18438485663707 94.31881549645519 94.46188429454403 94.58542075370688 94.70226648863779 94.82885690351769 94.93604806687371 95.03844139025932 95.14914329683194 95.24291166257191 95.33241284382228 95.4178333955487 95.50999053245954 95.58729270871683 95.66179417291137 95.73284107811558 95.79991360693788 95.87288634464566 95.93411680484175 95.99249202854743 96.04758736720244 96.10066204148657 96.1512532899957 96.20522202659778 96.25091305638466 96.2940256910437 96.33554686656555 96.37472162744773 96.41656929355862 96.45161159983884 96.48537523218569 96.52111622725911 96.55132623093068 96.57984487628777 96.61068154379724 96.63621327549419 96.66386764368347 96.68698301124962 96.7115629182347 96.7325092115749 96.75457488337798 96.77336594647879 96.79337823151243 96.81220601341629 96.8300954929486 96.84515725741967 96.86124996929159 96.87640124366878 96.89081077356828 96.90451466643113 96.9174214383261 96.92958212526521 96.94127239490082 96.95217806774735 96.96266791859347 96.9725548510528 96.982999373928 96.99191783358893 97.00032675625928 97.0083389344195 97.01681567800802 97.02404969561658 97.030872868898 97.03816852193908 97.04433180044235 97.0502666894374 97.05648882194265 97.0618495131912 97.06690556272832 97.07177414362293 97.076924672725 97.08131983319345 97.08554940776455 97.08953695981151 97.09379336556326 97.09746360545462 97.10092242038135 97.10424885260556 97.10744603498586 97.11045781552842 97.11338077725686 97.11613312262224 97.11877690707782 97.12131488878698 97.12372680159413 97.12577729541789 97.12798845762354 97.13008872078395 97.13210251190323 97.13381679243585 97.13564181781528 97.13721171809753 97.13888031619501 97.14031638801238 97.14184029463689 97.14313913392537 97.1445300685196 97.14570419576765 97.1468353879712 97.14804476424625 97.1490766976002 97.15004990304622 97.15109974349787 97.15198710350307 97.15283246860176 97.15364592653069 97.15441278475821 97.15523859561013 97.15593007542088 97.15659545418691 97.1572290237626 97.15782629656132 97.15846948268461 97.15901345996174 97.159526272226 97.1600197257656 97.16048490837875 97.16098141786799 97.16140107976182 97.16180087711689 97.1621817500616 97.16258464170261 97.16292495503508 97.16324932138942 97.16359610085856 97.16388603789142 97.16419370093033 97.16445591881707 97.16473416786877 97.16496887830088 97.16521833763255 97.16542861238658 97.16565246401828 97.1658649737885 97.16604206841042 97.16623303179298 97.16641269377351 97.16658342333716 97.1667456645559 97.21768068955824 97.24827850483881 97.26872912725582 97.29932959829864 97.360405447644 97.41130497098891 97.44188478129692 97.47245938888892 97.44208964781166 97.38124439440303 97.23915177564983 97.01579153936999 96.74164389981357 96.42687322739725 96.11209040315164 95.79730301261408 95.55361563520837 95.3810138545575 95.2896621753475 95.27956706353325 95.25930622125053 95.208573412977 95.10705963558634 94.89381500268188 94.61962794097363 94.3251297477326 94.09156474435778 93.92909493891068 93.5736459923806 92.43612917506785 90.07980582942854 86.00699894532839 80.54271562988198 73.9307190807241 66.72962803489952 59.162888607924984 51.31175816005486 43.227018499684654 34.90866963511568 26.671570383069746 19.12512487820933 12.756856761304025 8.135544821899236 5.007271255476033 3.148588988508573 2.011034604006363 1.3406899329505921 0.9445771470591549 0.6805019070151506 0.5179940552617793 0.40626990298314525 0.3250159603993593 0.264075500843821 0.2336052754187992 0.20313504255204093 0.1929783091285404 0.1828215747604341 0.1726648357119524 0.16250809421338872 0.15235135042080952 0.15235136344622335 0.15235137435268148 0.14219462575994693 0.14219463509121605 0.13203788459333907 0.12188113138000033 0.12188113818196981 0.11172438266650564 0.11172438900324091 0.1117243943052528 0.1015676358274134 0.10156764024852497 0.0914108804326698 0.10156764887542942 0.10156765264053763 0.10156765662949778 0.0914108940280824 0.09141089724212093 0.08125413331679586 0.08125413590055493 0.08125413808001263 0.08125414039641321 0.08125414234894907 0.07109737639113571 0.07109737792230979 0.07109737957047337 0.06094061238896751 0.06094061363889895 0.060940614701482605 0.06094061582558446 0.06094061690464289 0.060940617910441655 0.05078384905598924 0.05078384981439292 0.05078385052877176 0.050783851208649824 0.04062708148455463 0.04062708202560894 0.04062708248751686 0.04062708292295687 0.040627083337782005 0.05078385472073141 0.05078385518403654 0.0507838556301176 0.05078385609347461 0.05078385649244449 0.05078385687271617 0.05078385727559661 0.05078385761567042 0.050783857979847365 0.05078385828725132 0.050783858583407226 0.040627087117736674
70.84189413879645 70.84208459331195 71.81117232053342 72.65667763096033 73.57161731373789 74.4540572135472 75.32128225451663 76.14802080695063 76.95937597771801 77.73929117685506 78.4885298478569 79.21512102770922 79.91922634058808 80.60105092878901 81.25428472569808 81.95581056961204 82.55826730039885 83.14639672974194 83.7085504432204 84.31153092709646 84.83293946185763 85.33060769027668 85.8153231910517 86.33408619489542 86.78170934553962 87.21247948878454 87.66865713703427 88.06948433352217 88.4507143536523 88.81697845194634 89.21126547740229 89.5506560711706 89.8762261618568 90.19155421270924 90.49371535959668 90.78316999975594 91.06037045086714 91.32838224691812 91.58729815160993 91.8348285338148 92.07141298681277 92.29966687660834 92.51762287518726 92.70372133058258 92.90523363245394 93.09926545452137 93.26507236108588 93.4422344399399 93.61262721992806 93.75825357663837 93.91352763425307 94.04757167591312 94.19022903406616 94.31341022476022 94.4299199325327 94.55614629632063 94.66302919731643 94.7651280560601 94.87551160401125 94.96901030892444 95.05825410099727 95.14342899869717 95.23532110838335 95.31240097759073 95.38668818907568 95.45753077625594 95.52441041664048 95.59717329797903 95.65822767046801 95.7164350176093 95.77137191205493 95.82429395319423 95.87473971044099 95.92855324273702 95.97411287340255 96.01710152393734 96.05850329208303 96.09756539345231 96.13929271325927 96.17423424421713 96.20790077847613 96.24353898892484 96.27366211410063 96.30209874500193 96.33284673184399 96.35830503890753 96.38587987814553 96.40892877010363 96.43343798973068 96.4543240453272 96.47632626025701 96.49506328366573 96.51501801699432 96.53379165360946 96.55162968624064 96.56664813580664 96.58269456795561 96.59780227001346 96.6121703607163 96.62583484366677 96.6387044980248 96.65083021303207 96.66248686357076 96.67336117367856 96.68382085761465 96.69367935704797 96.70409384336818 96.71298665515536 96.72137139528802 96.72936053187584 96.73781289788599 96.7450261117709 96.75182966284247 96.75910433490755 96.76524988893878 96.77116771026861 96.77737194904839 96.7827172239204 96.78775873317532 96.79261331291359 96.79774903002735 96.80213155081081 96.80634896189193 96.81032504646186 96.81456921156203 96.81822889650859 96.82167776451041 96.82499463051838 96.82818261838155 96.83118573758908 96.8341002934093 96.8368447235282 96.8394809049388 96.84201158787252 96.84441656445553 96.84646116143065 96.84866596473452 96.85076018791868 96.85276818773966 96.85447753831212 96.85629731524932 96.85786270078286 96.85952650029459 96.86095844222966 96.86247796637488 96.86377307043695 96.86516000495537 96.86633075562624 96.867458694726 96.86866459305405 96.86969355875468 96.87066396543821 96.87171078673897 96.87259559485761 96.87343852883949 96.87424964741082 96.87501430029306 96.87583773626262 96.87652722750275 96.87719069276004 96.87782244030444 96.87841799545484 96.8790593318914 96.87960174478846 96.88011308229758 96.88060511675421 96.88106896158648 96.88156404320439 96.88198249822668 96.882381145837 96.88276092346015 96.88316265645781 96.88350199111082 96.8838254246463 96.88417120684053 96.88446031006704 96.8847670883228 96.88502855211841 96.88530600097627 96.97695107115773 97.03814089405692 97.06882138288444 97.1096724243234 97.17082606350331 97.2217876362627 97.24229253676522 97.25262927194207 97.21217235136501 97.12092196240242 96.96871984165301 96.73523696858929 96.45097756851362 96.16671072579683 95.89260580587555 95.61848052012694 95.38497622702542 95.21240870144777 95.07030716194302 94.99929941033767 94.90798261730055 94.77602295684119 94.6237449133031 94.42068475466155 94.1871414533307 93.80123660734328 93.20203493586426 92.21685008435587 90.66285996559273 88.34708327131561 84.98510609930838 80.6480339732408 75.31555470155334 69.06891668479813 62.05032419321894 54.5644954035253 46.875511908398785 39.166207049403056 31.700668650434725 24.70235624863173 18.415044140450593 13.143450523192236 8.907890054815336 5.7489934755684855 3.575346782299224 2.265063997189823 1.4626426042703806 0.9750953138923839 0.6906926785019895 0.507862379640759 0.3859754922879468 0.3047175501649107 0.25393134226362407 0.2133023635820205 0.1726733733323957 0.1625161441056401 0.14220164698175083 0.12188714519101135 0.11172989809716492 0.1015726476422542 0.10157266157271655 0.10157267345233656 0.09141541753745853 0.09141542719234624 0.09141543639474783 0.10157271695004197 0.09141545462747735 0.10157273624953843 0.10157274471454304 0.11173002805667248 0.10157276146284576 0.11173004560760796 0.11173005322741743 0.11173006055950324 0.11173006830347179 0.10157279531709222 0.10157280098568953 0.10157280644024073 0.10157281220120329 0.10157281702146019 0.09141553949626537 0.09141554347546893 0.09141554768468119 0.08125826776895945 0.09141555462884977 0.08125827397253085 0.08125827669403372 0.08125827955110272 0.07110099673787044 0.07110099899877505 0.07110100090589791 0.06094371679958734 0.060943718264064 0.06094371983769171 0.06094372115019364 0.06094372256297742 0.06094372389160702 0.06094372514160229 0.06094372620424019 0.05078643944033287 0.05078644033959415 0.05078644117780257 0.05078644197513114 0.05078644273357354 0.05078644344798886 0.050786444127901634 0.050786444774978144 0.06094373454159667 0.05078644602874494 0.05078644657307275 0.05078644709163064 0.05078644764016254 0.050786448103491325 0.050786448549595166 0.05078644901297583 0.050786449411966084 0.05078644979225718 0.050786450195158185 0.050786450535249356 0.06094374107933387 0.06094374144823746 0.06094374180364269 0.060943742180178256
70.61283323924613 70.61302307794405 71.57897734707213 72.42174879204647 73.33373009956713 74.21331670924768 75.07773765596734 75.90180302357454 76.71053475029755 77.4879281637136 78.23474423879189 78.9589860513484 79.66081470296197 80.34043467261893 80.99155629673879 81.69081381986857 82.29132256094715 82.8775503266239 83.43788636657938 84.03891716723865 84.55863977435126 85.05469883726921 85.5378470540242 86.05493268430587 86.50110848571143 86.93048577240287 87.38518841121459 87.78471956897697 88.16471691609055 88.5297967323316 88.92280886611745 89.26110207089505 89.58561945994553 89.89992792587776 90.20111206184595 90.48963077643376 90.76593492479276 91.03308012878209 91.29115885215968 91.5378888671143 91.77370834554064 92.00122419689217 92.21847545433303 92.4039721770938 92.60483290704295 92.79823734464749 92.96350812947738 93.14009737066743 93.30993920091132 93.45509468788173 93.60986668078253 93.74347730307773 93.88567339148095 94.00845628686274 94.12458927096354 94.2504074931456 94.35694479788447 94.45871352914199 94.56874016180879 94.6619365470605 94.75089177735023 94.83579126967139 94.9273862544774 95.00421689285332 95.07826390331466 95.14887742735446 95.21554081843097 95.28806842753045 95.34892538619174 95.40694452510598 95.46170378603951 95.51445470851382 95.56473735393708 95.61837688501159 95.66378920270488 95.7066388533007 95.74790675254904 95.78684255012328 95.82843494839084 95.86326349904786 95.89682117559326 95.93234415309058 95.96236987784768 95.99071456145799 96.0213631274473 96.04673911736239 96.07422479583532 96.09719916127221 96.12162913253975 96.14244765495212 96.16437872769686 96.1830551666239 96.2029453781152 96.22165831186317 96.23943866681859 96.25440855557733 96.27040310302971 96.28546195569037 96.29978358846292 96.3134038885355 96.3262319300225 96.3383184376198 96.34993739742633 96.36077654642945 96.37120240991733 96.38102903277853 96.39140984479296 96.40027390247225 96.40863153130105 96.41659483573353 96.42501987177764 96.43220976238355 96.43899131478405 96.44624246485064 96.45236814778508 96.45826683437137 96.46445101230249 96.46977900370847 96.47480421169621 96.47964309458706 96.48476220582099 96.48913055611726 96.49333433057859 96.49729755883631 96.50152800080997 96.50517585249408 96.5086135688911 96.51191971011085 96.5150973899017 96.51809079879311 96.52099593065896 96.52373148690965 96.52635914446452 96.52888164466235 96.53127884496966 96.53331683092418 96.53551450519467 96.53760195689634 96.53960346403031 96.54130728757129 96.54312118042326 96.54468150442332 96.54633992418883 96.54776723606831 96.54928184696874 96.55057276342819 96.55195521341847 96.55312217857222 96.55424647058224 96.5859428739373 96.61746356460064 96.67942151172514 96.7211267505702 96.72201018328238 96.7431824116386 96.75415782703733 96.75492153200454 96.69475062257288 96.65477631915391 96.60460978536861 96.51374789409515 96.43301461223022 96.29133050989414 96.13938039606099 96.01789579385712 95.79473025332247 95.57153463243358 95.28737068246537 94.93196529042065 94.4138776370413 93.6619429753102 92.54403585210494 90.93807537083956 88.84410214635727 86.20114780741542 83.04980277269948 79.53245982600458 75.80156216042523 71.92832458041767 68.03470117655064 64.22240148359977 60.654056739900724 57.48220363305645 54.75766287372244 52.399091872909025 50.26418691508619 48.08860107429792 45.699501403218804 42.8122184051905 39.579251526095945 36.010761375002666 32.157594420337546 28.101078293178933 23.912383871709245 19.672839425745373 15.545119123471734 11.732561666693698 8.469006837560965 5.835791865739157 3.9447553298832903 2.612894341133097 1.7385420378641696 1.2098636419691768 0.8641889643743157 0.6303500437637835 0.48801330310785745 0.38634411205395836 0.3050086954480135 0.2541740770286835 0.21350634229445592 0.18300553329714672 0.16267167557880163 0.14233778429159344 0.13217085999456268 0.12200392963852551 0.11183698155073445 0.10167002350974375 0.10167006186534641 0.1016700983868544 0.10167013350810841 0.101670170546006 0.09150318224462524 0.09150320959555078 0.08133620943339658 0.08133622928109673 0.0915032818311012 0.08133627090106475 0.07116925398805131 0.07116927024880036 0.06100224487999374 0.061002256141513514 0.06100226826347478 0.061002278582147906 0.06100228966990056 0.05083525015880526 0.050835257626466644 0.050835265636953154 0.061002326956999545 0.061002334769603934 0.0711694003252613 0.07116940864901121 0.07116941754785754 0.08133648578794657 0.08133649397574406 0.09150356459154281 0.10167063774779658 0.10167064664203655 0.11183772062672104 0.11183772950594702 0.1220048062555777 0.11183774707380062 0.12200482331013289 0.1220048313164822 0.12200483977259124 0.12200484691983376 0.12200485372870759 0.12200486028047848 0.1321719394669889 0.13217194573936328 0.1423390249922879 0.1423390311881268 0.1525061118665377 0.15250611779791337 0.16267319834806226 0.17284028003293167 0.19317443709484114 0.20334151988096935 0.23384275487058845 0.2643439921724927 0.30501230684183084 0.37618185582915203 0.46768556172877435 0.6100246614846299 0.833700388650478 1.2200493775275143 1.8809094980271532 2.9281186299593394 4.402345100276214 6.303588943460438 8.53017938259522 10.98044563200566 13.593385222662626 16.246993201356517 18.727760887285797 20.85268083281899 22.489580979958294 23.516456374051817 23.88247153078183 23.67913017937377 22.967434788054884 21.899891574946228 20.62900669031979 19.22594972599824 17.863561066520873 16.77568354656857 16.1758258923923 16.21649434509539 17.05019510898843 18.768431959988725 21.41187321072387 24.807678508472414 28.762673333637352
69.47016977573794 69.47035654244833 70.42067964936241 71.24981328808987 72.14703682890296 73.0123898859024 73.86282269211563 74.67355295696726 75.46919771134382 76.2340112719267 76.96874229951707 77.68126436341049 78.37173595822497 79.04035825404881 79.68094336722511 80.36888543979711 80.9596766923333 81.53641806554563 82.08768669536087 82.67899155946085 83.19030396679725 83.67833575562159 84.15366562280157 84.66238372511242 85.10133946802182 85.52376853135137 85.9711131295875 86.36417903683427 86.73802723138085 87.09719929193294 87.48385166665813 87.81667057919564 88.13593659754294 88.44515889451952 88.74146924066548 89.02531911846296 89.29715208728331 89.55997432262731 89.81387679199577 90.05661419880104 90.2886176243993 90.51245179299173 90.72618747029098 90.90868246775656 91.10629285061103 91.2965675995401 91.45916395709173 91.63289561468544 91.79998904856717 91.94279561588829 92.09506307394251 92.22651159666701 92.36640665468498 92.4872026657844 92.60145637508836 92.72523859504624 92.83005190316804 92.93017380331001 93.03841997472928 93.13010824736926 93.21762399581303 93.30114963661887 93.39126242282475 93.46684978063364 93.53969855545486 93.60916940485257 93.67475404270756 93.74610800326171 93.80598016893322 93.8630604367219 93.91693357817987 93.96883088029918 94.01829984725724 94.07107137842937 94.11574882975572 94.15790508330296 94.19850518155079 94.23681091641164 94.27773026260523 94.31199521440215 94.34500985749102 94.37995799884824 94.40949784452258 94.437383851815 94.46753645984654 94.49250181312243 94.51954271577884 94.54214530788816 94.56617995107862 94.58666158621662 94.60823776829359 94.62661198334133 94.64618032957232 94.66459044887837 94.68208308046903 94.6968107250895 94.71254644728094 94.7273616161812 94.7414514949544 94.75485139005893 94.76747184698031 94.77936276958265 94.79079371029624 94.8014574591777 94.83213936577812 94.85202247497259 94.8315950466456 94.83010020692848 94.8281053621376 94.83593811590416 94.82378887024515 94.8308593657423 94.85796742636535 94.86509970084731 94.8506830015976 94.79515411166615 94.69900907149922 94.5202287246459 94.15711155168319 93.4768349580918 92.32643623896566 90.7355359060912 88.69442502681655 86.18253591733304 83.27185052275303 79.9922677814343 76.39523472677918 72.61375475565147 68.78078578033436 65.05994763305333 61.6252134913993 58.64022604922761 56.105075162002414 54.00957853934109 52.404913297159936 51.21939108607523 50.422633546599364 49.963373376972406 49.708653688311024 49.54584453704421 49.40354710159248 49.25088414154671 49.05734235979668 48.84321475786286 48.618893524778194 48.38422172085374 48.12912620733316 47.89437983633983 47.710765586896954 47.52718529795157 47.292353896540796 46.9040073495352 46.19849076519817 45.08359014489107 43.48772704566214 41.308570362796964 38.64842749194642 35.57895806782008 32.141013135063346 28.44719148316706 24.599818088313597 20.731920895569427 16.976547115594443 13.507635718996395 10.478706046657694 7.92046842948477 5.9147967324699495 4.400303792479356 3.264425517927996 2.486704278759909 1.923877518527252 1.514548156470204 1.228016319889159 1.0131168460619955 0.8596173616256786 0.7368170800555823 0.6447169864960007 0.5833169429329285 0.5219166540704456 0.4809831763921992 0.4502832786249406 0.4195830540070066 0.40935026404948843 0.3786498223842056 0.358182917240916 0.3479498034404661 0.34795044680543824 0.3274833488787325 0.3274838956850085 0.3274844103382792 0.3172509414602348 0.31725139047147355 0.32748574718488294 0.32748620737246026 0.3377205567122108 0.34795490653280187 0.36842323899259344 0.3888915955123159 0.41959396920613895 0.45029642742281734 0.49123289489783095 0.5424034389775879 0.6140421640774113 0.6754468874926328 0.7777878755818394 0.9108312216158757 1.084810912814198 1.320195217548657 1.6067502559576523 2.046816739985944 2.6506290838658138 3.5000604270084916 4.636047171590242 6.160930839918343 8.05424403785137 10.275049991862103 12.813115225788394 15.586566973471271 18.534000609745974 21.542840839682327 24.459576419680452 27.15116177084608 29.433382809503623 31.214131812837746 32.32966113393474 32.83114276524853 32.82091684409321 32.360387831973355 31.592833669087618 30.60012736313708 29.51531224318063 28.491902085095006 27.64247146164909 27.12053413096174 27.018197152382566 27.417333637901326 28.27700812939625 29.535814846679994 31.12211519468177 32.964270565720796 34.98040669710745 37.09888535174632 39.196895421783424 41.213032311539415 43.034720056348796 44.60055392004679 45.818425279473914 46.667866135058574 47.148876393377115 47.25122225298692 47.00560522942242 46.45296248357306 45.65469910511135 44.68245463086613 43.638570249046325 42.594685626789065 41.642908486959605 40.88558093908386 40.46598115268529 40.455748812730576 40.85488395909036 41.65315264774595 42.778915193905235 44.12982994118248 45.572852608026295 46.964704159565365 48.305384926402645 49.59489456952694 50.83323342138107 51.94876178135405 52.869840625121206 53.58623541720309 54.15935163294794 54.67106248187316 55.27488118863258 56.216428251891 57.60827983257428 59.33785970745064 61.261889403363575 63.165450733815454 64.88479654276709 66.24594552289696 67.16702409387301 67.5763928585454 67.55592537197113 67.11585581489324 66.23571586135958 64.94620791642977 63.4110791936942 61.732671659434594 60.09520091170606 58.65217976277708 57.608292232543896 57.076114534073824 57.13752016266272 57.74133820019031 58.815929328084955 60.34082506361416 62.27508872882277 64.63918862648144 67.30008025437054 70.1861242755599
54.73027979329501 54.73042693262616 55.479114458557696 56.13232599064517 56.83918039425973 57.52092645998048 58.190917991305376 58.829630900392274 59.45645907950384 60.05899769853318 60.63783657056484 61.1991786839017 61.7431489044368 62.269905718830735 62.77457416269285 63.31655156443218 63.7819912006835 64.23636200222577 64.6706647604953 65.13650903235758 65.53933331226999 65.9238165579077 66.29829292249484 66.69907334616829 67.0448932959951 67.37769312797305 67.7301220208996 68.03978884840654 68.33431549709336 68.61727993249647 68.92189402398013 69.1840968120614 69.43562230234085 69.67923510603036 69.91267556259709 70.13629936085897 70.35045594761566 70.55751366062705 70.75754416629017 70.94877856565378 71.1315564750354 71.30789844618518 71.47628458167556 71.62005855407855 71.77574079263646 71.92564384138537 72.05374118404191 72.19061118536408 72.32225143350932 72.78418777719853 73.2753237680685 73.7407278295824 74.16232348529238 74.50742922193646 75.12737137606715 75.65275287320671 76.12219953757084 76.58864675068446 77.04185174710084 77.4196675292804 77.70081693069787 77.85387255831058 77.855991133799 77.605573595995 77.01779721980382 76.01817220140536 74.63691241932808 72.90186899529373 70.76742064347987 68.31338702553374 65.63360912628133 62.823342429422844 59.96634424083707 57.19243164337626 54.62109453151983 52.39322024689942 50.60473911934196 49.203258009575976 48.139173131767954 47.42925888359532 46.99238952182401 46.788251599992336 46.72902424887337 46.75338293027579 46.78942979605424 46.82291975542915 46.86801519506533 46.88979071406409 46.922852287080445 46.95416084284064 46.986022149661835 47.01630217008492 47.0683430568473 47.13040651955016 47.22378390022111 47.32639621690136 47.450716887898366 47.59579114420672 47.74054298128805 47.90617044045009 48.07144745940591 48.22580109498369 48.39055287658887 48.53375627403065 48.67678191408919 48.80893471586543 48.93079457611228 49.06250900601579 49.18338626506661 49.30408210050906 49.39322200929291 49.44992872187786 49.43219528344934 49.319242863472795 49.07841518795612 48.657112205911154 48.05555913526408 47.230720957510044 46.20406656746425 44.96501848206463 43.50315185179629 41.90285966791798 40.185627524557766 38.393866382115384 36.59144690858975 34.8204975525073 33.15547372693975 31.628263911030604 30.28134495407746 29.135951605651186 28.2133662523335 27.54543281240002 27.089733409605376 26.856903051706677 26.868185656933136 27.102301920692508 27.548795387939702 28.175754899101243 28.983197304986337 29.96044919902769 31.107641923853183 32.392815505059836 33.80547238893993 35.27118075112642 36.69449517179545 38.16023696615659 39.63667342296418 41.091824303934764 42.525755211687496 43.874808494369375 45.13886546212859 46.27549901381598 47.21043871721791 48.00727461695345 48.67667811017972 49.29298248695882 49.739369329756364 50.01588831229901 50.18615085108924 50.22897148572737 50.18682182626671 50.10217540987131 49.97507383450304 49.87977816381171 49.79508500718066 49.71038104915806 49.68937973647376 49.721492795908006 49.81728537827192 49.96616759078085 50.20000001349968 50.49756502203282 50.81633963110531 51.17758791993946 51.54947050631462 51.93194540082753 52.314432120938655 52.66503633910829 52.99441095102619 53.270662814256774 53.50444343806296 53.67448240016415 53.80204873015587 53.89774861422778 53.993429236828476 54.0572570693268 54.14231946927997 54.237997522922555 54.365532192824936 54.53554337402196 54.73740247804073 54.9498877096826 55.204851344501094 55.48105976790283 55.74663711100605 55.98034988810461 56.22468060695586 56.42652708655065 56.61775017796457 56.76649487159808 56.88336984462797 56.95776065274814 57.02153335993905 57.06405824496319 57.06409864021938 57.0535209009261 57.03231630444426 57.00048942242882 56.95804400992105 56.90497256876521 56.851899905090384 56.78820806513885 56.73513236447285 56.67143474423501 56.607738558574475 56.56527949387433 56.59716369741087 56.71401166480618 56.926444142392754 57.21322024807142 57.56372131256192 57.88235788469473 58.12664943003121 58.275354669605434 58.33909263945458 58.37096975380375 58.4240875344954 58.44534271448967 58.509079879893136 58.72150532915644 59.178203671042496 59.932280989687456 60.962493544409455 62.24760271894066 63.681400831333725 65.03023258328892 66.09230787762762 66.80390043095915 67.2074938103408 67.34557153897572 67.18626957616614 66.68710708463463 65.85870277220354 64.80726411393438 63.64961840033767 62.55569678199877 61.791014552845944 61.66357174158309 62.2158511783068 63.469094986189305 65.29585406779103 67.48371584931122 69.83088775993079 72.15681890853351 74.29157754393667 76.00150944585651 77.1697872119453 77.79641114618289 77.84951819294109 77.33972952029391 76.30952771101664 74.76953372605607 72.88967754537721 70.86113166408492 68.84320645772924 67.04831486015303 65.63576752807481 64.7436328222091 64.32942855544115 64.35067163152833 64.77550049008055 65.6251561151266 66.8571562407581 68.53522454535332 70.58501671894814 72.97467054606024 75.597979275328 78.2637705806935 80.83397596379697 83.13866443947643 85.05038781548912 86.40983593038146 87.17452604578503 87.3338374461816 86.88777012190414 85.94253083787818 84.54060239497021 82.82005338835002 80.97205614264227 79.12405881717207 77.41413032852921 75.9378566193866 74.80144459695718 73.9624116038778 73.45261956793101 73.1658617687304 73.0915175913784 73.18710419863939 73.463242399109 73.94117343913601 74.61027670771708 75.51303497073123
29.416376700567508 29.41645578486981 29.818859616478143 30.16994710526153 30.549866511625098 30.916290713348776 31.276397099540826 31.61969188276094 31.956598873058027 32.2804507346043 32.591564479553604 32.893274083929356 33.185646660528384 33.468767392604406 33.74001608911401 34.03131756743592 34.281481603195544 34.52569637261362 34.759124989964064 35.00950650887202 35.22601610478112 35.43266777971228 35.63394096610487 35.84935203218233 36.03522299708689 36.21409592191613 36.403519055027196 36.56995847547266 36.728260367566925 36.88034781269088 37.044071493571494 37.18499998900891 37.32018966097477 37.45112642997133 37.576595775888336 37.69678887400016 37.81189354462738 37.92318271960885 38.030694918128845 38.13347939412701 38.23171868424609 38.32649879264411 38.41700280635362 38.494278298967885 38.57795423470772 38.65852397721983 38.72737361036913 38.800938363429154 38.871692233919525 39.23375850441651 39.49575301005923 39.683659337685675 39.83606716292556 39.99368868163362 40.544954097462 41.048783644095785 41.53208484319917 42.040759044491054 42.567417848229084 43.114091968166775 43.65980564742102 44.15135100930445 44.566938677661696 44.80296319178899 44.78452041225707 44.430615535756274 43.68687044511707 42.49010065392368 40.75126036685959 38.580629317159605 35.977462829065786 33.0623404529763 29.901837505988304 26.618181290928245 23.32881583732286 20.129780568750075 17.10224152084196 14.313663692113218 11.792050550375619 9.630760337327898 7.790729372650356 6.286042035410118 5.089652224716211 4.1752863140708945 3.4894981670858654 2.964835820388998 2.5747531590210695 2.2922131244835864 2.1039773721577344 1.969533507231 1.875531548830951 1.8354088429642041 1.8222899529384267 1.8631476252509025 1.9175061658720824 2.0123440858913404 2.17477338694044 2.4318039916728553 2.783478525120638 3.324429921226145 4.16284875146421 5.434010310637971 7.300297187180207 9.910592271850994 13.292177710922973 17.14771101519504 21.085300320697094 24.80692551842943 28.082683864814832 30.777159401652693 32.90399656346249 34.44893988141149 35.38504041857518 35.61775487176965 35.10574633293161 33.86274054660561 32.33544114396031 30.90242340274001 29.95647189718752 29.727840864146433 30.433393487180112 31.910478690091868 33.99690408148621 36.476073809303855 39.063877645057396 41.58395252966864 43.80621245947978 45.635855738551676 46.92387137895472 47.65663051252425 47.79349565075288 47.29374238453017 46.292786957391094 44.89894649283789 43.274719920958105 41.66380243618124 40.228969548168095 39.11911660603819 38.40200654975814 38.19949549936452 38.4982290688952 39.311634904923125 40.51795995127138 42.022256731248504 43.71629587784739 45.53220792867165 47.38885565317519 49.109970840326746 50.60079364140902 51.82073497953526 52.6612644394124 53.04114113909905 52.973972668848695 52.500260620842056 51.701351687814636 50.64498709818586 49.398897929858514 48.01732922458431 46.68986856261264 45.443671395661326 44.37358209475932 43.57444802948944 43.07341023352194 42.89750875088286 43.06032923587874 43.56188218903669 44.347969841265694 45.40507374430537 46.6924977430794 48.10187145861964 49.660295764344326 51.218743893586804 52.70942105560381 54.05104948859061 55.202998629529304 56.08392074853207 56.65320491346572 56.92436166814765 56.89742421794928 56.558805040364 55.97628736837686 55.14983844612613 54.201440296228164 53.22593078040184 52.29104919597545 51.464575061856934 50.85489924653291 50.43492341590284 50.20464891525163 50.17762674610168 50.38095128389822 50.82819142855585 51.5057893152051 52.44085365627885 53.64692217564007 55.164654507749546 57.0211535665439 59.09446428412868 61.16777565968918 62.92942858768889 64.32520632109795 65.40931725442832 66.23596878575488 66.81870033635872 67.13041488399935 67.08981295041711 66.61557895430501 65.73481906008038 64.5559431567708 63.5532200161525 63.2009329078533 63.63459389271086 64.65093544398987 65.73503058277416 66.48035779491273 66.75140182190066 66.61591988833821 66.31782646985668 65.96552824332005 65.55902544913303 64.96281159514974 63.98716995084431 62.60500074882521 60.93826156189535 59.4612312617214 58.566888926398846 58.37719128366894 58.919240518096444 59.98977400397775 61.575241072941694 63.79759869908805 66.67040101369669 70.03103469931906 73.66268843253546 77.1317319480967 79.99098393782853 82.07783602549813 83.41938689635965 84.08339213506616 84.13760731150396 83.54137699177386 82.15919416610707 79.95040355863826 77.0911680731663 73.83895509672195 70.57319096537928 67.7817073905933 65.60001455899697 64.01456173939543 62.93049325450456 62.22584963648205 61.87352979462641 61.84643200045286 62.239413204692774 63.120227235125 64.52952745135654 66.64347607057687 69.3672170301678 72.57879117894299 76.00718041889792 79.35426420175165 82.34902420739556 84.73399183738786 86.52271836519287 87.6338984562456 88.09463320623433 87.8913722605163 86.92925839455425 85.27604683899659 83.09434820318982 80.64163083076926 78.1889129683657 75.9936629547097 74.2455934907108 72.90405224307048 71.928386197514 71.25084069021183 70.76300809659048 70.45133777869535 70.26162586086296 70.2345251392973 70.35648470928487 70.65460646235823 71.21019604577023 72.02325348244875 73.16153349128373 74.65213805724956 76.5086179457793 78.7309732605878 81.23789836773267 83.92098582573738 86.6718279086562 89.26005870061284 91.55016883005112 93.36599588434177 94.59913238740296 95.22247651624203 95.2224771538988 94.57203256335279 93.32534635425633 91.63147897889716 89.57173614206982
50.0 50.0 50.0 50.0 50.0 50.0 50.0 50.0 50.0 50.0 50.0 50.0 50.0 50.0 50.0 50.0 50.0 50.0 50.0 50.0 50.0 50.0 50.0 50.0 50.0 50.0 50.0 50.0 50.0 50.0 50.0 50.0 50.0 50.0 50.0 50.0 50.0 50.0 50.0 50.0 50.0 50.0 50.0 50.0 50.0 50.0 50.0 50.0 50.0 50.0 50.0 50.0 50.0 50.0 50.0 50.0 50.0 50.0 50.0 50.0 50.0 50.0 50.0 50.0 50.0 50.0 50.0 50.0 50.0 50.0 50.0 50.0 50.0 50.0 50.0 50.0 50.0 50.0 50.0 50.0 50.0 50.0 50.0 50.0 50.0 50.0 50.0 50.0 50.0 50.0 50.0 50.0 50.0 50.0 50.0 50.0 50.0 50.0 50.0 50.0 50.0 50.0 50.0 50.0 50.0 50.0 50.0 50.0 50.0 50.0 50.0 50.0 50.0 50.0 50.0 50.0 50.0 50.0 50.0 50.0 50.0 50.0 50.0 50.0 50.0 50.0 50.0 50.0 50.0 50.0 50.0 50.0 50.0 50.0 50.0 50.0 50.0 50.0 50.0 50.0 50.0 50.0 50.0 50.0 50.0 50.0 50.0 50.0 50.0 50.0 50.0 50.0 50.0 50.0 50.0 50.0 50.0 50.0 50.0 50.0 50.0 50.0 50.0 50.0 50.0 50.0 50.0 50.0 50.0 50.0 50.0 50.0 50.0 50.0 50.0 50.0 50.0 50.0 50.0 50.0 50.0 50.0 50.0 50.0 50.0 50.0 50.0 50.0 50.0 50.0 50.0 50.0 50.0 50.0 50.0 50.0 50.0 50.0 50.0 50.0 50.0 50.0 50.0 50.0 50.0 50.0 50.0 50.0 50.0 50.0 50.0 50.0 50.0 50.0 50.0 50.0 50.0 50.0 50.0 50.0 50.0 50.0 50.0 50.0 50.0 50.0 50.0 50.0 50.0 50.0 50.0 50.0 50.0 50.0 50.0 50.0 50.0 50.0 50.0 50.0 50.0 50.0 50.0 50.0 50.0 50.0 50.0 50.0 50.0 50.0 50.0 50.0 50.0 50.0 50.0 50.0 50.0 50.0 50.0 50.0 50.0 50.0 50.0 50.0 50.0 50.0 50.0 50.0 50.0 50.0 50.0 50.0 50.0 50.0 50.0 50.0 50.0 50.0 50.0 50.0 50.0 50.0 50.0 50.0 50.0 50.0 50.0 50.0 50.0 50.0 50.0 50.0 50.0 50.0 50.0 50.0 50.0 50.0 50.0 50.0 50.0 50.0
50.0 50.0 50.0 50.0 50.0 50.0 50.0 50.0 50.0 50.0 50.0 50.0 50.0 50.0 50.0 50.0 50.0 50.0 50.0 50.0 50.0 50.0 50.0 50.0 50.0 50.0 50.0 50.0 50.0 50.0 50.0 50.0 50.0 50.0 50.0 50.0 50.0 50.0 50.0 50.0 50.0 50.0 50.0 50.0 50.0 50.0 50.0 50.0 50.0 50.0 50.0 50.0 50.0 50.0 50.0 50.0 50.0 50.0 50.0 50.0 50.0 50.0 50.0 50.0 50.0 50.0 50.0 50.0 50.0 50.0 50.0 50.0 50.0 50.0 50.0 50.0 50.0 50.0 50.0 50.0 50.0 50.0 50.0 50.0 50.0 50.0 50.0 50.0 50.0 50.0 50.0 50.0 50.0 50.0 50.0 50.0 50.0 50.0 50.0 50.0 50.0 50.0 50.0 50.0 50.0 50.0 50.0 50.0 50.0 50.0 50.0 50.0 50.0 50.0 50.0 50.0 50.0 50.0 50.0 50.0 50.0 50.0 50.0 50.0 50.0 50.0 50.0 50.0 50.0 50.0 50.0 50.0 50.0 50.0 50.0 50.0 50.0 50.0 50.0 50.0 50.0 50.0 50.0 50.0 50.0 50.0 50.0 50.0 50.0 50.0 50.0 50.0 50.0 50.0 50.0 50.0 50.0 50.0 50.0 50.0 50.0 50.0 50.0 50.0 50.0 50.0 50.0 50.0 50.0 50.0 50.0 50.0 50.0 50.0 50.0 50.0 50.0 50.0 50.0 50.0 50.0 50.0 50.0 50.0 50.0 50.0 50.0 50.0 50.0 50.0 50.0 50.0 50.0 50.0 50.0 50.0 50.0 50.0 50.0 50.0 50.0 50.0 50.0 50.0 50.0 50.0 50.0 50.0 50.0 50.0 50.0 50.0 50.0 50.0 50.0 50.0 50.0 50.0 50.0 50.0 50.0 50.0 50.0 50.0 50.0 50.0 50.0 50.0 50.0 50.0 50.0 50.0 50.0 50.0 50.0 50.0 50.0 50.0 50.0 50.0 50.0 50.0 50.0 50.0 50.0 50.0 50.0 50.0 50.0 50.0 50.0 50.0 50.0 50.0 50.0 50.0 50.0 50.0 50.0 50.0 50.0 50.0 50.0 50.0 50.0 50.0 50.0 50.0 50.0 50.0 50.0 50.0 50.0 50.0 50.0 50.0 50.0 50.0 50.0 50.0 50.0 50.0 50.0 50.0 50.0 50.0 50.0 50.0 50.0 50.0 50.0 50.0 50.0 50.0 50.0 50.0 50.0 50.0 50.0 50.0 50.0 50.0
50.0 50.0 50.0 50.0 50.0 50.0 50.0 50.0 50.0 50.0 50.0 50.0 50.0 50.0 50.0 50.0 50.0 50.0 50.0 50.0 50.0 50.0 50.0 50.0 50.0 50.0 50.0 50.0 50.0 50.0 50.0 50.0 50.0 50.0 50.0 50.0 50.0 50.0 50.0 50.0 50.0 50.0 50.0 50.0 50.0 50.0 50.0 50.0 50.0 50.0 50.0 50.0 50.0 50.0 50.0 50.0 50.0 50.0 50.0 50.0 50.0 50.0 50.0 50.0 50.0 50.0 50.0 50.0 50.0 50.0 50.0 50.0 50.0 50.0 50.0 50.0 50.0 50.0 50.0 50.0 50.0 50.0 50.0 50.0 50.0 50.0 50.0 50.0 50.0 50.0 50.0 50.0 50.0 50.0 50.0 50.0 50.0 50.0 50.0 50.0 50.0 50.0 50.0 50.0 50.0 50.0 50.0 50.0 50.0 50.0 50.0 50.0 50.0 50.0 50.0 50.0 50.0 50.0 50.0 50.0 50.0 50.0 50.0 50.0 50.0 50.0 50.0 50.0 50.0 50.0 50.0 50.0 50.0 50.0 50.0 50.0 50.0 50.0 50.0 50.0 50.0 50.0 50.0 50.0 50.0 50.0 50.0 50.0 50.0 50.0 50.0 50.0 50.0 50.0 50.0 50.0 50.0 50.0 50.0 50.0 50.0 50.0 50.0 50.0 50.0 50.0 50.0 50.0 50.0 50.0 50.0 50.0 50.0 50.0 50.0 50.0 50.0 50.0 50.0 50.0 50.0 50.0 50.0 50.0 50.0 50.0 50.0 50.0 50.0 50.0 50.0 50.0 50.0 50.0 50.0 50.0 50.0 50.0 50.0 50.0 50.0 50.0 50.0 50.0 50.0 50.0 50.0 50.0 50.0 50.0 50.0 50.0 50.0 50.0 50.0 50.0 50.0 50.0 50.0 50.0 50.0 50.0 50.0 50.0 50.0 50.0 50.0 50.0 50.0 50.0 50.0 50.0 50.0 50.0 50.0 50.0 50.0 50.0 50.0 50.0 50.0 50.0 50.0 50.0 50.0 50.0 50.0 50.0 50.0 50.0 50.0 50.0 50.0 50.0 50.0 50.0 50.0 50.0 50.0 50.0 50.0 50.0 50.0 50.0 50.0 50.0 50.0 50.0 50.0 50.0 50.0 50.0 50.0 50.0 50.0 50.0 50.0 50.0 50.0 50.0 50.0 50.0 50.0 50.0 50.0 50.0 50.0 50.0 50.0 50.0 50.0 50.0 50.0 50.0 50.0 50.0 50.0 50.0 50.0 50.0 50.0 50.0