4 302 9
300.00980000000004 300.01 301.04 301.96 302.98 303.99 305.01 306.01 307.02 308.02 309.01 310.0 310.99 311.98 312.96 314.05 315.02 316.0 316.97 318.05 319.02 319.98 320.95 322.03 323.0 323.97 325.04 326.02 326.99 327.96 329.05 330.03 331.01 332.0 332.99 333.98 334.97 335.97 336.98 337.99 339.0 340.02 341.04 341.95 342.98 344.02 344.95 345.99 347.04 347.98 349.03 349.98 351.04 352.0 352.95 354.03 354.99 355.95 357.04 358.01 358.98 359.95 361.05 362.02 363.0 363.98 364.95 366.06 367.04 368.02 368.99 369.97 370.95 372.05 373.03 374.0 374.98 375.95 377.04 378.0 378.97 380.05 381.01 381.96 383.04 383.98 385.05 385.99 387.04 387.98 389.02 389.95 390.99 392.02 393.05 393.96 394.98 395.99 397.0 398.01 399.01 400.0 401.0 401.98 402.97 403.95 405.04 406.02 406.99 407.96 409.04 410.01 410.97 412.05 413.01 413.98 415.05 416.02 416.98 417.95 419.03 420.0 420.98 421.95 423.04 424.03 425.01 426.0 427.0 427.99 429.0 430.0 431.01 432.03 433.05 433.96 434.99 436.02 437.06 437.99 439.03 439.97 441.02 441.97 443.03 443.98 445.05 446.0 446.96 448.04 449.01 449.97 451.06 452.03 453.0 453.98 454.95 456.05 457.02 458.0 458.98 459.95 461.05 462.03 463.0 463.98 464.95 466.04 467.01 467.98 468.95 470.03 470.99 471.95 473.03 473.98 475.04 475.99 477.05 477.99 479.04 479.97 481.01 482.05 482.96 483.99 485.01 486.03 487.05 488.06 488.95 489.95 490.95 492.05 493.04 494.02 495.0 495.98 496.95 498.03 499.0 499.97 501.04 502.01 502.97 504.04 505.0 505.96 507.03 507.99 508.96 510.03 511.0 511.97 513.05 514.02 515.0 515.98 516.96 517.95 519.05 520.05 521.05 522.05 522.95 523.96 524.98 526.0 527.03 528.06 528.98 530.02 530.95 532.0 533.05 533.99 535.05 536.0 536.95 538.02 538.98 540.06 541.02 541.98 542.95 544.03 545.0 545.97 546.94 548.04 549.01 549.98 550.96 552.05 553.02 553.99 554.97 556.06 557.02 557.99 558.96 560.04 561.0 561.96 563.03 563.99 565.05 566.0 567.06 568.0 569.05 569.98 571.03 571.95 572.99 574.02 575.04 575.95 576.96 577.98 578.98 579.98 580.98 581.97 582.96 583.95 585.04 586.02 586.99 587.96 589.04 590.0 590.97 592.03 592.99 593.95 595.02 595.97 597.04 597.99 598.95 600.02
0.0 13.54 26.89 39.77 51.58 60.9 70.0 80.0 90.0
71.04621016395508 71.04640116776291 72.01828385346005 72.86622769671244 73.78380616888882 74.6687911250516 75.53851734100292 76.36764030081241 77.18133551154482 77.96350007421718 78.7148996341819 79.44358638507431 80.14972241721287 80.83351346454663 81.48863126151679 82.19218038521053 82.79637466926383 83.38620033031759 83.9499753586079 84.55469490631351 85.07760724218844 85.57671080199597 86.0628242770298 86.58308345197726 87.03199759835246 87.46401013135127 87.92150344746943 88.32348667487035 88.70581620544317 89.0731366507707 89.46856084454765 89.8089302791267 90.1354393507316 90.45167684330286 90.75470945707075 91.04499891710968 91.32299884563508 91.59178361798111 91.85144626538978 92.09969055317852 92.33695734246406 92.56586954226188 92.7844541505615 92.9710893349243 93.17318282103754 93.3677742527981 93.53405936521106 93.71173239951312 93.88261661152673 94.02866297110008 94.18438485663707 94.31881549645519 94.46188429454403 94.58542075370688 94.70226648863779 94.82885690351769 94.93604806687371 95.03844139025932 95.14914329683194 95.24291166257191 95.33241284382228 95.4178333955487 95.50999053245954 95.58729270871683 95.66179417291137 95.73284107811558 95.79991360693788 95.87288634464566 95.93411680484175 95.99249202854743 96.04758736720244 96.10066204148657 96.1512532899957 96.20522202659778 96.25091305638466 96.2940256910437 96.33554686656555 96.37472162744773 96.41656929355862 96.45161159983884 96.48537523218569 96.52111622725911 96.55132623093068 96.57984487628777 96.61068154379724 96.63621327549419 96.66386764368347 96.68698301124962 96.7115629182347 96.7325092115749 96.75457488337798 96.77336594647879 96.79337823151243 96.81220601341629 96.8300954929486 96.84515725741967 96.86124996929159 96.87640124366878 96.89081077356828 96.90451466643113 96.9174214383261 96.92958212526521 96.94127239490082 96.95217806774735 96.96266791859347 96.9725548510528 96.982999373928 96.99191783358893 97.00032675625928 97.0083389344195 97.01681567800802 97.02404969561658 97.030872868898 97.03816852193908 97.04433180044235 97.0502666894374 97.05648882194265 97.0618495131912 97.06690556272832 97.07177414362293 97.076924672725 97.08131983319345 97.08554940776455 97.08953695981151 97.09379336556326 97.09746360545462 97.10092242038135 97.10424885260556 97.10744603498586 97.11045781552842 97.11338077725686 97.11613312262224 97.11877690707782 97.12131488878698 97.12372680159413 97.12577729541789 97.12798845762354 97.13008872078395 97.13210251190323 97.13381679243585 97.13564181781528 97.13721171809753 97.13888031619501 97.14031638801238 97.14184029463689 97.14313913392537 97.1445300685196 97.14570419576765 97.1468353879712 97.14804476424625 97.1490766976002 97.15004990304622 97.15109974349787 97.15198710350307 97.15283246860176 97.15364592653069 97.15441278475821 97.15523859561013 97.15593007542088 97.15659545418691 97.1572290237626 97.15782629656132 97.15846948268461 97.15901345996174 97.159526272226 97.1600197257656 97.16048490837875 97.16098141786799 97.16140107976182 97.16180087711689 97.1621817500616 97.16258464170261 97.16292495503508 97.16324932138942 97.16359610085856 97.16388603789142 97.16419370093033 97.16445591881707 97.16473416786877 97.16496887830088 97.16521833763255 97.16542861238658 97.16565246401828 97.1658649737885 97.16604206841042 97.16623303179298 97.16641269377351 97.16658342333716 97.1667456645559 97.16689836575468 97.16702667945619 97.16716420178099 97.16729501742412 97.16743155827353 97.16754818657606 97.16765808866664 97.16776273559451 97.16786237863396 97.16795631218751 97.21883860419054 97.24939321497776 97.26978725758681 97.3003418494276 97.36135460262197 97.41220665754682 97.44274961779222 97.47328186158964 97.44287133982988 97.3819943508322 97.23985475661075 97.01645970138216 96.74228353577102 96.4274729354021 96.11265985459784 95.79784901266436 95.55412792691256 95.3815020081434 95.29012772175348 95.28000525121541 95.25972475749356 95.20897592271 95.10743873369671 94.89417617409056 94.61997180717259 94.32545004322735 94.09187007021936 93.92938606322454 93.57392299922047 92.43639072974781 90.08004914755101 86.00721580790007 80.54290941031327 73.93088736026378 66.72977307903653 59.16301297139932 51.31186016110903 43.22710040735229 34.90873215538914 26.67161547289084 19.12515568293156 12.756876445674855 8.135556775996177 5.007278294846435 3.148593159556634 2.0110371161816314 1.3406915482431834 0.9445782188947984 0.6805026445185653 0.5179945914307524 0.40627030252326235 0.3250162652857205 0.2640757335541871 0.23360547193556921 0.20313520706667548 0.19297845801833385 0.18282170727295471 0.1726649550300542 0.16250820218653222 0.15235144677989018 0.15235145374112008 0.1523514603727874 0.14219470289526415 0.1421947084256012 0.13203794843269892 0.12188118795539732 0.12188119203744321 0.11172442996259224 0.11172443331059431 0.11172443686326303 0.1015676726000158 0.10156767549551653 0.09141091014256769 0.10156768055876529 0.10156768274615684 0.10156768510067624 0.09141091858345125 0.09141092045834844 0.08125415293531013 0.0812541544341126 0.08125415587285718 0.0812541572139222 0.08125415848958277 0.07109738974015009 0.07109739074028047 0.07109739169210975 0.06094062222683195 0.06094062303841342 0.0609406237312753 0.06094062438443531 0.060940625006673015 0.06094062566487768 0.05078385518403654 0.0507838556301176 0.05078385609347461 0.05078385649244449 0.040627085498172934 0.040627085820477284 0.040627086092536326 0.04062708638387788 0.04062708662980105 0.050783858583407226 0.050783858897170846
70.84189413879645 70.84208459331195 71.81117232053342 72.65667763096033 73.57161731373789 74.4540572135472 75.32128225451663 76.14802080695063 76.95937597771801 77.73929117685506 78.4885298478569 79.21512102770922 79.91922634058808 80.60105092878901 81.25428472569808 81.95581056961204 82.55826730039885 83.14639672974194 83.7085504432204 84.31153092709646 84.83293946185763 85.33060769027668 85.8153231910517 86.33408619489542 86.78170934553962 87.21247948878454 87.66865713703427 88.06948433352217 88.4507143536523 88.81697845194634 89.21126547740229 89.5506560711706 89.8762261618568 90.19155421270924 90.49371535959668 90.78316999975594 91.06037045086714 91.32838224691812 91.58729815160993 91.8348285338148 92.07141298681277 92.29966687660834 92.51762287518726 92.70372133058258 92.90523363245394 93.09926545452137 93.26507236108588 93.4422344399399 93.61262721992806 93.75825357663837 93.91352763425307 94.04757167591312 94.19022903406616 94.31341022476022 94.4299199325327 94.55614629632063 94.66302919731643 94.7651280560601 94.87551160401125 94.96901030892444 95.05825410099727 95.14342899869717 95.23532110838335 95.31240097759073 95.38668818907568 95.45753077625594 95.52441041664048 95.59717329797903 95.65822767046801 95.7164350176093 95.77137191205493 95.82429395319423 95.87473971044099 95.92855324273702 95.97411287340255 96.01710152393734 96.05850329208303 96.09756539345231 96.13929271325927 96.17423424421713 96.20790077847613 96.24353898892484 96.27366211410063 96.30209874500193 96.33284673184399 96.35830503890753 96.38587987814553 96.40892877010363 96.43343798973068 96.4543240453272 96.47632626025701 96.49506328366573 96.51501801699432 96.53379165360946 96.55162968624064 96.56664813580664 96.58269456795561 96.59780227001346 96.6121703607163 96.62583484366677 96.6387044980248 96.65083021303207 96.66248686357076 96.67336117367856 96.68382085761465 96.69367935704797 96.70409384336818 96.71298665515536 96.72137139528802 96.72936053187584 96.73781289788599 96.7450261117709 96.75182966284247 96.75910433490755 96.76524988893878 96.77116771026861 96.77737194904839 96.7827172239204 96.78775873317532 96.79261331291359 96.79774903002735 96.80213155081081 96.80634896189193 96.81032504646186 96.81456921156203 96.81822889650859 96.82167776451041 96.82499463051838 96.82818261838155 96.83118573758908 96.8341002934093 96.8368447235282 96.8394809049388 96.84201158787252 96.84441656445553 96.84646116143065 96.84866596473452 96.85076018791868 96.85276818773966 96.85447753831212 96.85629731524932 96.85786270078286 96.85952650029459 96.86095844222966 96.86247796637488 96.86377307043695 96.86516000495537 96.86633075562624 96.867458694726 96.86866459305405 96.86969355875468 96.87066396543821 96.87171078673897 96.87259559485761 96.87343852883949 96.87424964741082 96.87501430029306 96.87583773626262 96.87652722750275 96.87719069276004 96.87782244030444 96.87841799545484 96.8790593318914 96.87960174478846 96.88011308229758 96.88060511675421 96.88106896158648 96.88156404320439 96.88198249822668 96.882381145837 96.88276092346015 96.88316265645781 96.88350199111082 96.8838254246463 96.88417120684053 96.88446031006704 96.8847670883228 96.88502855211841 96.88530600097627 96.88554003642372 96.88578877835556 96.8859984483975 96.88622165627247 96.88643355490312 96.88661014023299 96.88680055443947 96.8869796997447 96.88714993832107 96.88731171296347 96.97887682498197 97.03994687084233 97.07055524666013 97.1113140314051 97.17239272797492 97.2232946185102 97.2437187091408 97.25398051166657 97.21345190672615 97.12213203909428 96.96987479102829 96.73634579798043 96.45202680299766 96.16771119375383 95.89354065144991 95.61936561142716 95.38582280761781 95.21321210383873 95.07106982724041 95.00003102283455 94.90866874530148 94.77667569323802 94.62437054614576 94.4212719855711 94.1876994997085 93.80177123074387 93.20253462003625 92.21732204396535 90.66330290733111 88.34748957672647 84.98547949429131 80.64837492592454 75.31585491043981 69.06917956513375 62.05054969621011 54.56468068566695 46.87566401880421 39.166328441344085 31.700762494186897 24.70242614572652 18.41509388205388 13.143483663779817 8.907911486607933 5.749006561305886 3.575354553706076 2.265068758472359 1.4626455118122943 0.9750971615280908 0.6906939155097468 0.5078632382112709 0.38597611397632287 0.3047180203570096 0.25393171538182924 0.21330266344880788 0.17267360207896815 0.16251634712006716 0.14220181830940926 0.1218872834994461 0.11173001918599734 0.10157275277879317 0.10157276146284576 0.10157276873418906 0.09141549809515971 0.09141550409413901 0.09141551043011328 0.10157279531709222 0.09141552088712057 0.10157280644024073 0.10157281220120329 0.1117300987236062 0.10157282166251708 0.1117301086922398 0.11173011383683255 0.11173011818231923 0.11173012232414972 0.10157284246566356 0.10157284586754216 0.1015728494388784 0.10157285248267206 0.10157285571253578 0.0914155725932973 0.09141557519938101 0.091415577396096 0.08125829311692229 0.09141558172529046 0.08125829675063656 0.0812582985221427 0.08125830018880306 0.0711010139049469 0.07110101521646603 0.07110101647543181 0.06094372941336309 0.06094373037015736 0.060943731280288245 0.06094373213758663 0.060943732953481954 0.06094373372997377 0.06094373454159667 0.06094373523449392 0.05078644657307275 0.05078644709163064 0.05078644764016254 0.050786448103491325 0.050786448549595166 0.05078644901297583 0.050786449411966084 0.05078644979225718 0.06094374023418982 0.050786450535249356 0.0507864508994449 0.05078645120686455 0.050786451503035575 0.050786451816815216
70.61283323924613 70.61302307794405 71.57897734707213 72.42174879204647 73.33373009956713 74.21331670924768 75.07773765596734 75.90180302357454 76.71053475029755 77.4879281637136 78.23474423879189 78.9589860513484 79.66081470296197 80.34043467261893 80.99155629673879 81.69081381986857 82.29132256094715 82.8775503266239 83.43788636657938 84.03891716723865 84.55863977435126 85.05469883726921 85.5378470540242 86.05493268430587 86.50110848571143 86.93048577240287 87.38518841121459 87.78471956897697 88.16471691609055 88.5297967323316 88.92280886611745 89.26110207089505 89.58561945994553 89.89992792587776 90.20111206184595 90.48963077643376 90.76593492479276 91.03308012878209 91.29115885215968 91.5378888671143 91.77370834554064 92.00122419689217 92.21847545433303 92.4039721770938 92.60483290704295 92.79823734464749 92.96350812947738 93.14009737066743 93.30993920091132 93.45509468788173 93.60986668078253 93.74347730307773 93.88567339148095 94.00845628686274 94.12458927096354 94.2504074931456 94.35694479788447 94.45871352914199 94.56874016180879 94.6619365470605 94.75089177735023 94.83579126967139 94.9273862544774 95.00421689285332 95.07826390331466 95.14887742735446 95.21554081843097 95.28806842753045 95.34892538619174 95.40694452510598 95.46170378603951 95.51445470851382 95.56473735393708 95.61837688501159 95.66378920270488 95.7066388533007 95.74790675254904 95.78684255012328 95.82843494839084 95.86326349904786 95.89682117559326 95.93234415309058 95.96236987784768 95.99071456145799 96.0213631274473 96.04673911736239 96.07422479583532 96.09719916127221 96.12162913253975 96.14244765495212 96.16437872769686 96.1830551666239 96.2029453781152 96.22165831186317 96.23943866681859 96.25440855557733 96.27040310302971 96.28546195569037 96.29978358846292 96.3134038885355 96.3262319300225 96.3383184376198 96.34993739742633 96.36077654642945 96.37120240991733 96.38102903277853 96.39140984479296 96.40027390247225 96.40863153130105 96.41659483573353 96.42501987177764 96.43220976238355 96.43899131478405 96.44624246485064 96.45236814778508 96.45826683437137 96.46445101230249 96.46977900370847 96.47480421169621 96.47964309458706 96.48476220582099 96.48913055611726 96.49333433057859 96.49729755883631 96.50152800080997 96.50517585249408 96.5086135688911 96.51191971011085 96.5150973899017 96.51809079879311 96.52099593065896 96.52373148690965 96.52635914446452 96.52888164466235 96.53127884496966 96.53331683092418 96.53551450519467 96.53760195689634 96.53960346403031 96.54130728757129 96.54312118042326 96.54468150442332 96.54633992418883 96.54776723606831 96.54928184696874 96.55057276342819 96.55195521341847 96.55312217857222 96.55424647058224 96.55544846974641 96.5564741083789 96.55744137733961 96.55848481383775 96.55936676100885 96.56020696943942 96.56101546533174 96.56177764577758 96.56259841924093 96.56328568107308 96.59444408929522 96.62557128011105 96.68716023370457 96.72846387263965 96.72900544237288 96.74984799048579 96.76050541771446 96.76096868753355 96.7004662254999 96.66021910273288 96.60978563419872 96.51866781803918 96.43773745941638 96.29574621717073 96.14357180433694 96.02191780175005 95.79854223615466 95.57518277186107 95.29077818262685 94.93522189850744 94.41695604103792 93.66487017071469 92.5467446368281 90.94062813896178 88.84649384579659 86.20331780954514 83.05180884088574 79.53427615311472 75.80322190487193 71.92981363493773 68.036052199495 64.22359672667753 60.655140155464366 57.48317535080813 54.75854571982397 52.39990408283806 50.264924098393884 48.08926922310329 45.70010292297304 42.81275182339301 39.579722936174356 36.01117414900168 32.15794424423608 28.10137064204038 23.91261699068695 19.673021527143888 15.545257092748209 11.732660666059681 8.469074776939841 5.8358368085785735 3.94478384810709 2.6129123365203726 1.7385535327484423 1.209871166478544 0.8641940845798328 0.6303536364657151 0.48801591949411394 0.38634608933702624 0.3050101855960392 0.254175245967136 0.21350728036702765 0.18300630698281076 0.1626723239904449 0.14233832603752347 0.13217134032926944 0.12200434392164508 0.1118373444602348 0.10167033862633094 0.10167036284007329 0.10167038606971479 0.10167040813332291 0.10167042690252252 0.09150340239521217 0.09150341787322185 0.08133638622653408 0.08133640025408842 0.09150346372763994 0.08133642501912505 0.0711693814498328 0.07116939056453793 0.061002343135938254 0.061002350270581034 0.0610023578981636 0.061002364340959916 0.06100237048180805 0.05083531366196824 0.05083531887389829 0.050835323321018276 0.061002393069120565 0.061002397912334735 0.07116947031575366 0.0711694754106004 0.07116948026424419 0.08133655421098814 0.08133655984839418 0.09150363518987531 0.10167071144058966 0.10167071690039874 0.11183779493360599 0.11183780024099968 0.1220048785648182 0.11183781021924248 0.12200488949323018 0.1220048942383307 0.12200489876104668 0.12200490355265765 0.12200490763884703 0.12200491192858161 0.13217199188337608 0.13217199608624636 0.14233907652618777 0.1423390805840035 0.15250616143329596 0.15250616537115746 0.16267324656594695 0.17284032848306455 0.1931744889865725 0.20334157152495413 0.2338428113310691 0.2643440524676958 0.3050123736327253 0.37618193368908276 0.4676856546316236 0.6100247760208953 0.8337005389562622 1.220049585537922 1.8809098016692065 2.9281190815940006 4.402345752587711 6.303589828772752 8.530180516679085 10.98044702922095 13.593386862965778 16.246995061948805 18.727762939403217 20.852683002431597 22.489583201742153 23.516458570661847 23.882473649978426 23.679132196540483 22.96743664910979 21.899893240676054 20.62900819863916
69.47016977573794 69.47035654244833 70.42067964936241 71.24981328808987 72.14703682890296 73.0123898859024 73.86282269211563 74.67355295696726 75.46919771134382 76.2340112719267 76.96874229951707 77.68126436341049 78.37173595822497 79.04035825404881 79.68094336722511 80.36888543979711 80.9596766923333 81.53641806554563 82.08768669536087 82.67899155946085 83.19030396679725 83.67833575562159 84.15366562280157 84.66238372511242 85.10133946802182 85.52376853135137 85.9711131295875 86.36417903683427 86.73802723138085 87.09719929193294 87.48385166665813 87.81667057919564 88.13593659754294 88.44515889451952 88.74146924066548 89.02531911846296 89.29715208728331 89.55997432262731 89.81387679199577 90.05661419880104 90.2886176243993 90.51245179299173 90.72618747029098 90.90868246775656 91.10629285061103 91.2965675995401 91.45916395709173 91.63289561468544 91.79998904856717 91.94279561588829 92.09506307394251 92.22651159666701 92.36640665468498 92.4872026657844 92.60145637508836 92.72523859504624 92.83005190316804 92.93017380331001 93.03841997472928 93.13010824736926 93.21762399581303 93.30114963661887 93.39126242282475 93.46684978063364 93.53969855545486 93.60916940485257 93.67475404270756 93.74610800326171 93.80598016893322 93.8630604367219 93.91693357817987 93.96883088029918 94.01829984725724 94.07107137842937 94.11574882975572 94.15790508330296 94.19850518155079 94.23681091641164 94.27773026260523 94.31199521440215 94.34500985749102 94.37995799884824 94.40949784452258 94.437383851815 94.46753645984654 94.49250181312243 94.51954271577884 94.54214530788816 94.56617995107862 94.58666158621662 94.60823776829359 94.62661198334133 94.64618032957232 94.66459044887837 94.68208308046903 94.6968107250895 94.71254644728094 94.7273616161812 94.7414514949544 94.75485139005893 94.76747184698031 94.77936276958265 94.79079371029624 94.8014574591777 94.81171461036872 94.82138221790088 94.8315950466456 94.84031566531553 94.84853805021392 94.85637249171022 94.86466119303407 94.87173473615857 94.87840654884465 94.88554036012353 94.91200887422796 94.92803496172566 94.90345425515963 94.89847320472505 94.89319320550742 94.89795275959838 94.88253912487279 94.88683493447445 94.91141954103195 94.91531779599966 94.89902650757067 94.84125433457193 94.7423633880699 94.56151781278217 94.19643673410845 93.51408602562593 92.36110835308475 90.76807360210114 88.72478066640089 86.21074392605432 83.29752273643831 80.01559358403843 76.41652923373854 72.63307759551681 68.79824985673835 65.07559717120344 61.63933967427929 58.65295363180043 56.11668880990298 54.02014535431836 52.41468676924214 51.22854687170959 50.43122089199513 49.97140592195765 49.71619343485573 49.553101915603754 49.41038013119764 49.25739340764888 49.06351344831125 48.84908292140489 48.624395040232116 48.38945485401706 48.13402248401269 47.89908044735858 47.71523217090111 47.531368503349285 47.29632246430344 46.90776178938314 46.201995314592466 45.08685074083191 43.49072333817891 41.31128042613697 38.65084300785295 35.581061131280755 32.142823046432085 28.44871561708867 24.601072098614438 20.732936250058334 16.977325622467625 13.50822461415994 10.479144979817796 7.920783610597511 5.9150225110268 4.400461148441391 3.264537502911219 2.486785358793711 1.923937645033837 1.5145924876350483 1.2280507921484651 1.0131441193523338 0.8596390013781984 0.736834877873928 0.6447317102571355 0.5833297151902421 0.5219274587479823 0.4809927276843475 0.4502916588467849 0.41959054868807794 0.40935718398110366 0.37865592727440717 0.3581884692402235 0.34795490653280187 0.3479552812707828 0.3274876593787923 0.32748797596576706 0.32748831085295804 0.3172545779548491 0.3172548416661362 0.32748915417461943 0.32748939999642807 0.3377236828184303 0.34795799477460426 0.36842634774821814 0.38889471524689123 0.41959720060040595 0.45029968279690763 0.4912362780909616 0.5424070252381581 0.614045982992085 0.6754508894262636 0.777792308610806 0.910836104856302 1.0848164648031708 1.320201667483778 1.6067576453507002 2.046825732986444 2.65064028983148 3.500074378299796 4.636064816656864 6.160953229943712 8.054271387276556 10.275083334261073 12.813154938822795 15.586613114514678 18.534053053034558 21.542899029900855 24.459638093343173 27.15122709474032 29.433449805147276 31.21419966016351 32.32972909256687 32.83120802925997 32.8209790340115 32.360445788358334 31.592887078586852 30.600176650575964 29.515357786558774 28.491943950141174 27.642510322255102 27.120570058499986 27.018230903391395 27.417366670905313 28.27704021603449 29.53584685653049 31.122147408782247 32.964302983944314 34.9804395110311 37.09891804427238 39.19692839555625 41.2130656890742 43.03475325920258 44.60058624736828 45.81845694178378 46.66789714198307 47.148906214067054 47.251250257621315 47.00563176956464 46.45298768258448 45.6547226507204 44.682476234508975 43.6385905054175 42.594704448052084 41.64292611557888 40.88559715337601 40.46599656697015 40.45576345975031 40.85489813695003 41.65316618564106 42.77892853849629 44.1298430216842 45.57286538288852 46.964716775519356 48.305397194839344 49.594906544033435 50.833245016122106 51.9487731569746 52.86985156781306 53.58624606177791 54.159361801733354 54.671072338384 55.27489061263688 56.21643732711324 57.60828871810771 59.33786849975729 61.26189800733594 63.165459131636325 64.88480479908318 66.24595351674333 67.16703178578533 67.57640026331173 67.55593240081258 67.11586244538249 66.23572204826272 64.94621367939205 63.41108459552767 61.732676661642834 60.0952054826131 58.65218405121521
54.73027979329501 54.73042693262616 55.479114458557696 56.13232599064517 56.83918039425973 57.52092645998048 58.190917991305376 58.829630900392274 59.45645907950384 60.05899769853318 60.63783657056484 61.1991786839017 61.7431489044368 62.269905718830735 62.77457416269285 63.31655156443218 63.7819912006835 64.23636200222577 64.6706647604953 65.13650903235758 65.53933331226999 65.9238165579077 66.29829292249484 66.69907334616829 67.0448932959951 67.37769312797305 67.7301220208996 68.03978884840654 68.33431549709336 68.61727993249647 68.92189402398013 69.1840968120614 69.43562230234085 69.67923510603036 69.91267556259709 70.13629936085897 70.35045594761566 70.55751366062705 70.75754416629017 70.94877856565378 71.1315564750354 71.30789844618518 71.47628458167556 71.62005855407855 71.77574079263646 71.92564384138537 72.05374118404191 72.19061118536408 72.32225143350932 72.43475790083242 72.55471788667418 72.65827621178481 72.76848892166791 72.86365494050344 72.9536667757676 73.05118540215933 73.13375986106861 73.21263831531589 73.29791726695015 73.72409378006773 74.16848798614826 74.59996656525057 74.98519500054682 75.2966301704814 75.88856533007551 76.37393515458469 76.81486945962273 77.26110106400758 77.67744141752836 78.02897547364374 78.28372093005115 78.4110100711656 78.3787233347639 78.10725910038589 77.49209983034959 76.4637896933958 75.05421981745098 73.28346520501393 71.12330986565277 68.64012104714139 65.93276914058431 63.09820356697952 60.215856450783974 57.415138802838115 54.82525829409019 52.57940323539957 50.777204920532924 49.36268028519121 48.28645849231437 47.56738789280344 47.123500945058105 46.9105287118845 46.8461728603551 46.865866743396424 46.895693962770004 46.92415889723188 46.96371711617964 46.981651903636305 47.00982038463569 47.03765264780872 47.06510380390931 47.09219812548385 47.14026050973152 47.198548131994 47.28843912490006 47.38865301077836 47.51035989820955 47.652544939939716 47.794504264479464 47.957497492602684 48.12074741910074 48.272801960537855 48.435279094510435 48.576802648323735 48.71777846515721 48.848049206065156 48.96787217845011 49.09788333139184 49.217144616869504 49.33632277999069 49.42382471357734 49.47911740478641 49.46005014311164 49.34535065694764 49.10342947971137 48.680774847104836 48.07755953362262 47.25135266171418 46.22336392394228 44.98293730591976 43.519488952056946 41.91788600237676 40.19938104317224 38.40643290161058 36.60272783291404 34.830651234544504 33.16471552675285 31.636680331319408 30.289033667079124 29.14295997566655 28.219833526826534 27.551411417774588 27.095340934853866 26.86215752569231 26.87319655087219 27.107146626209733 27.55348715043987 28.180284677685496 28.987593440176504 29.964837747122548 31.111944437552765 32.397096716648136 33.80972489330225 35.275418331678694 36.69864737102555 38.164364295159416 39.64070574465852 41.09585727571066 42.52973638565645 43.87867022812379 45.142653318548405 46.27920314459923 47.21402003149182 48.01074666352836 48.68003192000771 49.29621637047462 49.74247802642512 50.01884473915564 50.18897691275061 50.231662636427934 50.189380170044316 50.10462918484772 49.97736558076941 49.88195278272581 49.79717082902951 49.71235918635453 49.69127647053836 49.723270848902 49.818994342938645 49.967796758588136 50.20156890268431 50.49904309710734 50.81776612194943 51.178965629943576 51.55076819739681 51.93319981709393 52.31562685478092 52.66618948818738 52.99550803715499 53.27172065513031 53.50543920922958 53.675441145097764 53.80295823609899 53.8986175961154 53.99426615971705 54.0580498824611 54.143071729176604 54.238711430644486 54.36620955936984 54.53619292154464 54.738029906499726 54.95048547777716 55.205425666783974 55.48160064613582 55.74715312907343 55.980846736556494 56.2251550308618 56.426979746853796 56.618186204901946 56.76690525943451 56.88376160875473 56.95813724580881 57.021887994169724 57.064396341974266 57.06442387902826 57.05382678203021 57.03260819198657 57.00076790356082 56.958305958144095 56.90522258941279 56.852140255746114 56.78843442375462 56.735348301704136 56.67164069929189 56.607930778862716 56.56546304744519 56.59733911494745 56.71417955576501 56.92660521986335 57.21337478896107 57.56386645675706 57.88249714580837 58.12678173668169 58.27548133745562 58.339215271266866 58.371085787645924 58.424198237960724 58.44544738816665 58.509178792852 58.72159991152765 59.17829498551972 59.93236905217283 60.962579247290485 62.24768518055874 63.68148038184961 65.03031093313726 66.0923828742455 66.80397283061619 67.20756337595176 67.34563776898031 67.18633260130873 66.6871658510899 65.85875817480317 64.80731659992222 63.64966750833629 62.555742123545954 61.79105725283482 61.66361271190961 62.215890528546915 63.469132602757 65.29589093491028 67.4837524567273 69.83092377398444 72.15685379583228 74.29161202897504 76.001543028553 77.16981988009572 77.7964419984714 77.84954784734748 77.33975752117333 76.30955419269203 74.76955802726837 72.88970028281537 70.86115266799897 68.84322575567587 67.04833287109275 65.63578419802289 64.7436484543232 64.32944322857948 64.35068572289062 64.77551389693657 65.62516915115869 66.8571687936424 68.5352369013997 70.58502875323002 72.97468232662641 75.59799093560277 78.26378217732126 80.83398731658583 83.13867549272791 85.05039863779145 86.40984635738872 87.17453602894001 87.3338470158942 86.88777916212314 85.9425393282866 84.54061029168442 82.8200607373371 80.97206304045207 79.12406522860718 77.41413621673307 75.93786217169175
29.416376700567508 29.41645578486981 29.818859616478143 30.16994710526153 30.549866511625098 30.916290713348776 31.276397099540826 31.61969188276094 31.956598873058027 32.2804507346043 32.591564479553604 32.893274083929356 33.185646660528384 33.468767392604406 33.74001608911401 34.03131756743592 34.281481603195544 34.52569637261362 34.759124989964064 35.00950650887202 35.22601610478112 35.43266777971228 35.63394096610487 35.84935203218233 36.03522299708689 36.21409592191613 36.403519055027196 36.56995847547266 36.728260367566925 36.88034781269088 37.044071493571494 37.18499998900891 37.32018966097477 37.45112642997133 37.576595775888336 37.69678887400016 37.81189354462738 37.92318271960885 38.030694918128845 38.13347939412701 38.23171868424609 38.32649879264411 38.41700280635362 38.494278298967885 38.57795423470772 38.65852397721983 38.72737361036913 38.800938363429154 38.871692233919525 38.93216209880101 38.996638073450576 39.05229849969797 39.11153551809722 39.162685255860886 39.211064728131824 39.263478943080024 39.307860981657115 39.35025649530074 39.396092141955165 39.74040763054683 39.97717283245888 40.14605967301734 40.27807010198714 40.417311632699864 40.955757421992615 41.44009333623422 41.91000384903127 42.40988019957391 42.91859594776282 43.45340831488552 43.98733727872377 44.46730669759843 44.86616515472505 45.0925944147227 45.060319197866995 44.69106720000017 43.93113100797582 42.71251005965804 40.95619837678921 38.765155436004186 36.14144921405674 33.20699293652412 30.026255188140613 26.721832410053725 23.416014727394725 20.20131315801412 17.160527599129953 14.360041044558939 11.828129201168801 9.658808158749288 7.812465948008063 6.302470071060905 5.102411868227594 4.185331621940434 3.4974232180342915 2.9712463013160737 2.5800106640100875 2.296703769913252 2.107876941353493 1.973035644304948 1.878688235238718 1.8383716473800105 1.8250742967950517 1.8658413826950029 1.920131469940043 2.0149912785994175 2.177506960636454 2.4347037040988537 2.786624699495113 3.327991741892995 4.167117985833243 5.439306297064971 7.307044675346311 9.919382340808186 13.303372646596674 17.161452842963993 21.101277833166233 24.82481144136013 28.101959176936873 30.79728504823913 32.92438298968952 34.469273969017344 35.40497975829806 35.636609601368875 35.12363903337222 33.879208475816 32.35024468800531 30.91592244840162 29.968983365548862 29.739687583263215 30.444822392431988 31.92192176412875 34.00853951141283 36.4880126249488 39.075920804996606 41.5960784400236 43.81842306004168 45.647999640702466 46.93578578303773 47.66809385186657 47.804451225943396 47.304007266709704 46.30236947958729 44.90773083948704 43.28279061968466 41.67125010074205 40.23582083760158 39.12540573430721 38.40783131817793 38.20509088687305 38.503553778443546 39.31683054550841 40.52305684207837 42.02730540538118 43.72124263537155 45.53713259416872 47.39367662058285 49.11479075595884 50.60553078391126 51.82529609075868 52.665683542696016 53.045386826943776 52.977991196310406 52.50405761518353 51.70491389682607 50.648309680441415 49.401985347160014 48.02016751710481 46.6924977430794 45.44610616118599 44.375844100471404 43.57658210628972 43.075385484772376 42.89937896236597 43.062132951557224 43.56361565753337 44.34966268399265 45.406697441076595 46.694099512991954 48.10343984027125 49.66184778627479 51.22024307772893 52.710900688081885 54.052504552704406 55.20438829344492 56.08527545577301 56.65449873428034 56.925608079045624 56.89860210395185 56.559928176675236 55.97732914302947 55.15082354418084 54.202356553754385 53.22678893071404 52.2918597311935 51.46532985026597 50.8556058306177 50.43558726565625 50.20527443933283 50.17822438850387 50.381528776457166 50.828744359096866 51.506325154389174 52.44136489590514 53.64741875772173 55.16514411657203 57.021634711089405 59.09493834694095 61.16824672746922 62.929883529853356 64.32564933824605 65.40974972745215 66.23638072735746 66.8190962283363 67.13079749612672 67.09017263910478 66.61591988833821 65.73514021358291 64.55624004748906 63.55349924688589 63.20120010007893 63.63484754111921 64.65118150923054 65.73526947670766 66.480583539199 66.75161842930142 66.61612635805861 66.31802279106809 65.96571489752964 65.55920253320684 64.96297539580037 63.987323899730846 62.605143249004286 60.9383940178646 59.46135625232754 58.567005349702676 58.37730189827405 58.91934604050872 59.98987542013504 61.57534025180769 63.797697141487646 66.67049897694983 70.03113315102415 73.66278601612447 77.13182830070495 79.99108031271773 82.07792916130019 83.41947730328144 84.08347916870208 84.13769005538735 83.54145535908359 82.15926656697765 79.95047081565991 77.09123050761967 73.83901206616491 70.57324211815725 67.78175423038338 65.6000581447631 64.01460222728281 62.930530551856286 62.22588477022601 61.873563358724375 61.84646389666371 62.23944329699779 63.12025653458976 64.52955596494199 66.64350428264248 69.36724453962948 72.57881882562621 76.00720793732741 79.35429174004115 82.34905097205518 84.73401826957914 86.52274401135033 87.6339230215496 88.09465687076836 87.89139458286688 86.92927938330679 85.27606628992687 83.09436639899936 80.6416475215046 78.18892850011052 75.99367722303508 74.2456068762655 72.9040646727327 71.92839780917468 71.25085167998151 70.76301858180295 70.45134767328673 70.26163520211742 70.23453407634375 70.3564931991468 70.65461455366561 71.21020384871501 72.02326097609237 73.16154071903574 74.65214503030843 76.50862473472502 78.73097996748527 81.23790495045255 83.92099220885981 86.67183424579103
50.0 50.0 50.0 50.0 50.0 50.0 50.0 50.0 50.0 50.0 50.0 50.0 50.0 50.0 50.0 50.0 50.0 50.0 50.0 50.0 50.0 50.0 50.0 50.0 50.0 50.0 50.0 50.0 50.0 50.0 50.0 50.0 50.0 50.0 50.0 50.0 50.0 50.0 50.0 50.0 50.0 50.0 50.0 50.0 50.0 50.0 50.0 50.0 50.0 50.0 50.0 50.0 50.0 50.0 50.0 50.0 50.0 50.0 50.0 50.0 50.0 50.0 50.0 50.0 50.0 50.0 50.0 50.0 50.0 50.0 50.0 50.0 50.0 50.0 50.0 50.0 50.0 50.0 50.0 50.0 50.0 50.0 50.0 50.0 50.0 50.0 50.0 50.0 50.0 50.0 50.0 50.0 50.0 50.0 50.0 50.0 50.0 50.0 50.0 50.0 50.0 50.0 50.0 50.0 50.0 50.0 50.0 50.0 50.0 50.0 50.0 50.0 50.0 50.0 50.0 50.0 50.0 50.0 50.0 50.0 50.0 50.0 50.0 50.0 50.0 50.0 50.0 50.0 50.0 50.0 50.0 50.0 50.0 50.0 50.0 50.0 50.0 50.0 50.0 50.0 50.0 50.0 50.0 50.0 50.0 50.0 50.0 50.0 50.0 50.0 50.0 50.0 50.0 50.0 50.0 50.0 50.0 50.0 50.0 50.0 50.0 50.0 50.0 50.0 50.0 50.0 50.0 50.0 50.0 50.0 50.0 50.0 50.0 50.0 50.0 50.0 50.0 50.0 50.0 50.0 50.0 50.0 50.0 50.0 50.0 50.0 50.0 50.0 50.0 50.0 50.0 50.0 50.0 50.0 50.0 50.0 50.0 50.0 50.0 50.0 50.0 50.0 50.0 50.0 50.0 50.0 50.0 50.0 50.0 50.0 50.0 50.0 50.0 50.0 50.0 50.0 50.0 50.0 50.0 50.0 50.0 50.0 50.0 50.0 50.0 50.0 50.0 50.0 50.0 50.0 50.0 50.0 50.0 50.0 50.0 50.0 50.0 50.0 50.0 50.0 50.0 50.0 50.0 50.0 50.0 50.0 50.0 50.0 50.0 50.0 50.0 50.0 50.0 50.0 50.0 50.0 50.0 50.0 50.0 50.0 50.0 50.0 50.0 50.0 50.0 50.0 50.0 50.0 50.0 50.0 50.0 50.0 50.0 50.0 50.0 50.0 50.0 50.0 50.0 50.0 50.0 50.0 50.0 50.0 50.0 50.0 50.0 50.0 50.0 50.0 50.0 50.0 50.0 50.0 50.0 50.0 50.0 50.0 50.0 50.0 50.0 50.0
50.0 50.0 50.0 50.0 50.0 50.0 50.0 50.0 50.0 50.0 50.0 50.0 50.0 50.0 50.0 50.0 50.0 50.0 50.0 50.0 50.0 50.0 50.0 50.0 50.0 50.0 50.0 50.0 50.0 50.0 50.0 50.0 50.0 50.0 50.0 50.0 50.0 50.0 50.0 50.0 50.0 50.0 50.0 50.0 50.0 50.0 50.0 50.0 50.0 50.0 50.0 50.0 50.0 50.0 50.0 50.0 50.0 50.0 50.0 50.0 50.0 50.0 50.0 50.0 50.0 50.0 50.0 50.0 50.0 50.0 50.0 50.0 50.0 50.0 50.0 50.0 50.0 50.0 50.0 50.0 50.0 50.0 50.0 50.0 50.0 50.0 50.0 50.0 50.0 50.0 50.0 50.0 50.0 50.0 50.0 50.0 50.0 50.0 50.0 50.0 50.0 50.0 50.0 50.0 50.0 50.0 50.0 50.0 50.0 50.0 50.0 50.0 50.0 50.0 50.0 50.0 50.0 50.0 50.0 50.0 50.0 50.0 50.0 50.0 50.0 50.0 50.0 50.0 50.0 50.0 50.0 50.0 50.0 50.0 50.0 50.0 50.0 50.0 50.0 50.0 50.0 50.0 50.0 50.0 50.0 50.0 50.0 50.0 50.0 50.0 50.0 50.0 50.0 50.0 50.0 50.0 50.0 50.0 50.0 50.0 50.0 50.0 50.0 50.0 50.0 50.0 50.0 50.0 50.0 50.0 50.0 50.0 50.0 50.0 50.0 50.0 50.0 50.0 50.0 50.0 50.0 50.0 50.0 50.0 50.0 50.0 50.0 50.0 50.0 50.0 50.0 50.0 50.0 50.0 50.0 50.0 50.0 50.0 50.0 50.0 50.0 50.0 50.0 50.0 50.0 50.0 50.0 50.0 50.0 50.0 50.0 50.0 50.0 50.0 50.0 50.0 50.0 50.0 50.0 50.0 50.0 50.0 50.0 50.0 50.0 50.0 50.0 50.0 50.0 50.0 50.0 50.0 50.0 50.0 50.0 50.0 50.0 50.0 50.0 50.0 50.0 50.0 50.0 50.0 50.0 50.0 50.0 50.0 50.0 50.0 50.0 50.0 50.0 50.0 50.0 50.0 50.0 50.0 50.0 50.0 50.0 50.0 50.0 50.0 50.0 50.0 50.0 50.0 50.0 50.0 50.0 50.0 50.0 50.0 50.0 50.0 50.0 50.0 50.0 50.0 50.0 50.0 50.0 50.0 50.0 50.0 50.0 50.0 50.0 50.0 50.0 50.0 50.0 50.0 50.0 50.0 50.0 50.0 50.0 50.0 50.0 50.0
50.0 50.0 50.0 50.0 50.0 50.0 50.0 50.0 50.0 50.0 50.0 50.0 50.0 50.0 50.0 50.0 50.0 50.0 50.0 50.0 50.0 50.0 50.0 50.0 50.0 50.0 50.0 50.0 50.0 50.0 50.0 50.0 50.0 50.0 50.0 50.0 50.0 50.0 50.0 50.0 50.0 50.0 50.0 50.0 50.0 50.0 50.0 50.0 50.0 50.0 50.0 50.0 50.0 50.0 50.0 50.0 50.0 50.0 50.0 50.0 50.0 50.0 50.0 50.0 50.0 50.0 50.0 50.0 50.0 50.0 50.0 50.0 50.0 50.0 50.0 50.0 50.0 50.0 50.0 50.0 50.0 50.0 50.0 50.0 50.0 50.0 50.0 50.0 50.0 50.0 50.0 50.0 50.0 50.0 50.0 50.0 50.0 50.0 50.0 50.0 50.0 50.0 50.0 50.0 50.0 50.0 50.0 50.0 50.0 50.0 50.0 50.0 50.0 50.0 50.0 50.0 50.0 50.0 50.0 50.0 50.0 50.0 50.0 50.0 50.0 50.0 50.0 50.0 50.0 50.0 50.0 50.0 50.0 50.0 50.0 50.0 50.0 50.0 50.0 50.0 50.0 50.0 50.0 50.0 50.0 50.0 50.0 50.0 50.0 50.0 50.0 50.0 50.0 50.0 50.0 50.0 50.0 50.0 50.0 50.0 50.0 50.0 50.0 50.0 50.0 50.0 50.0 50.0 50.0 50.0 50.0 50.0 50.0 50.0 50.0 50.0 50.0 50.0 50.0 50.0 50.0 50.0 50.0 50.0 50.0 50.0 50.0 50.0 50.0 50.0 50.0 50.0 50.0 50.0 50.0 50.0 50.0 50.0 50.0 50.0 50.0 50.0 50.0 50.0 50.0 50.0 50.0 50.0 50.0 50.0 50.0 50.0 50.0 50.0 50.0 50.0 50.0 50.0 50.0 50.0 50.0 50.0 50.0 50.0 50.0 50.0 50.0 50.0 50.0 50.0 50.0 50.0 50.0 50.0 50.0 50.0 50.0 50.0 50.0 50.0 50.0 50.0 50.0 50.0 50.0 50.0 50.0 50.0 50.0 50.0 50.0 50.0 50.0 50.0 50.0 50.0 50.0 50.0 50.0 50.0 50.0 50.0 50.0 50.0 50.0 50.0 50.0 50.0 50.0 50.0 50.0 50.0 50.0 50.0 50.0 50.0 50.0 50.0 50.0 50.0 50.0 50.0 50.0 50.0 50.0 50.0 50.0 50.0 50.0 50.0 50.0 50.0 50.0 50.0 50.0 50.0 50.0 50.0 50.0 50.0 50.0 50.0