4 302 9
300.00980000000004 300.01 301.04 301.96 302.98 303.99 305.01 306.01 307.02 308.02 309.01 310.0 310.99 311.98 312.96 314.05 315.02 316.0 316.97 318.05 319.02 319.98 320.95 322.03 323.0 323.97 325.04 326.02 326.99 327.96 329.05 330.03 331.01 332.0 332.99 333.98 334.97 335.97 336.98 337.99 339.0 340.02 341.04 341.95 342.98 344.02 344.95 345.99 347.04 347.98 349.03 349.98 351.04 352.0 352.95 354.03 354.99 355.95 357.04 358.01 358.98 359.95 361.05 362.02 363.0 363.98 364.95 366.06 367.04 368.02 368.99 369.97 370.95 372.05 373.03 374.0 374.98 375.95 377.04 378.0 378.97 380.05 381.01 381.96 383.04 383.98 385.05 385.99 387.04 387.98 389.02 389.95 390.99 392.02 393.05 393.96 394.98 395.99 397.0 398.01 399.01 400.0 401.0 401.98 402.97 403.95 405.04 406.02 406.99 407.96 409.04 410.01 410.97 412.05 413.01 413.98 415.05 416.02 416.98 417.95 419.03 420.0 420.98 421.95 423.04 424.03 425.01 426.0 427.0 427.99 429.0 430.0 431.01 432.03 433.05 433.96 434.99 436.02 437.06 437.99 439.03 439.97 441.02 441.97 443.03 443.98 445.05 446.0 446.96 448.04 449.01 449.97 451.06 452.03 453.0 453.98 454.95 456.05 457.02 458.0 458.98 459.95 461.05 462.03 463.0 463.98 464.95 466.04 467.01 467.98 468.95 470.03 470.99 471.95 473.03 473.98 475.04 475.99 477.05 477.99 479.04 479.97 481.01 482.05 482.96 483.99 485.01 486.03 487.05 488.06 488.95 489.95 490.95 492.05 493.04 494.02 495.0 495.98 496.95 498.03 499.0 499.97 501.04 502.01 502.97 504.04 505.0 505.96 507.03 507.99 508.96 510.03 511.0 511.97 513.05 514.02 515.0 515.98 516.96 517.95 519.05 520.05 521.05 522.05 522.95 523.96 524.98 526.0 527.03 528.06 528.98 530.02 530.95 532.0 533.05 533.99 535.05 536.0 536.95 538.02 538.98 540.06 541.02 541.98 542.95 544.03 545.0 545.97 546.94 548.04 549.01 549.98 550.96 552.05 553.02 553.99 554.97 556.06 557.02 557.99 558.96 560.04 561.0 561.96 563.03 563.99 565.05 566.0 567.06 568.0 569.05 569.98 571.03 571.95 572.99 574.02 575.04 575.95 576.96 577.98 578.98 579.98 580.98 581.97 582.96 583.95 585.04 586.02 586.99 587.96 589.04 590.0 590.97 592.03 592.99 593.95 595.02 595.97 597.04 597.99 598.95 600.02
0.0 13.54 26.89 39.77 51.58 60.9 70.0 80.0 90.0
71.04621016395508 71.04640116776291 72.01828385346005 72.86622769671244 73.78380616888882 74.6687911250516 75.53851734100292 76.36764030081241 77.18133551154482 77.96350007421718 78.7148996341819 79.44358638507431 80.14972241721287 80.83351346454663 81.48863126151679 82.19218038521053 82.79637466926383 83.38620033031759 83.9499753586079 84.55469490631351 85.07760724218844 85.57671080199597 86.0628242770298 86.58308345197726 87.03199759835246 87.46401013135127 87.92150344746943 88.32348667487035 88.70581620544317 89.0731366507707 89.46856084454765 89.8089302791267 90.1354393507316 90.45167684330286 90.75470945707075 91.04499891710968 91.32299884563508 91.59178361798111 91.85144626538978 92.09969055317852 92.33695734246406 92.56586954226188 92.7844541505615 92.9710893349243 93.17318282103754 93.3677742527981 93.53405936521106 93.71173239951312 93.88261661152673 94.02866297110008 94.18438485663707 94.31881549645519 94.46188429454403 94.58542075370688 94.70226648863779 94.82885690351769 94.93604806687371 95.03844139025932 95.14914329683194 95.24291166257191 95.33241284382228 95.4178333955487 95.50999053245954 95.58729270871683 95.66179417291137 95.73284107811558 95.79991360693788 95.87288634464566 95.93411680484175 95.99249202854743 96.04758736720244 96.10066204148657 96.1512532899957 96.20522202659778 96.25091305638466 96.2940256910437 96.33554686656555 96.37472162744773 96.41656929355862 96.45161159983884 96.48537523218569 96.52111622725911 96.55132623093068 96.57984487628777 96.61068154379724 96.63621327549419 96.66386764368347 96.68698301124962 96.7115629182347 96.7325092115749 96.75457488337798 96.77336594647879 96.79337823151243 96.81220601341629 96.8300954929486 96.84515725741967 96.86124996929159 96.87640124366878 96.89081077356828 96.90451466643113 96.9174214383261 96.92958212526521 96.94127239490082 96.95217806774735 96.96266791859347 96.9725548510528 96.982999373928 96.99191783358893 97.00032675625928 97.0083389344195 97.01681567800802 97.02404969561658 97.030872868898 97.03816852193908 97.04433180044235 97.0502666894374 97.05648882194265 97.0618495131912 97.06690556272832 97.07177414362293 97.076924672725 97.08131983319345 97.08554940776455 97.08953695981151 97.09379336556326 97.09746360545462 97.10092242038135 97.10424885260556 97.10744603498586 97.11045781552842 97.11338077725686 97.11613312262224 97.11877690707782 97.12131488878698 97.12372680159413 97.12577729541789 97.12798845762354 97.13008872078395 97.13210251190323 97.13381679243585 97.13564181781528 97.13721171809753 97.13888031619501 97.14031638801238 97.14184029463689 97.14313913392537 97.1445300685196 97.14570419576765 97.1468353879712 97.14804476424625 97.1490766976002 97.15004990304622 97.15109974349787 97.15198710350307 97.15283246860176 97.15364592653069 97.15441278475821 97.15523859561013 97.15593007542088 97.15659545418691 97.1572290237626 97.15782629656132 97.15846948268461 97.15901345996174 97.159526272226 97.1600197257656 97.16048490837875 97.16098141786799 97.16140107976182 97.16180087711689 97.1621817500616 97.16258464170261 97.16292495503508 97.16324932138942 97.16359610085856 97.16388603789142 97.16419370093033 97.16445591881707 97.16473416786877 97.16496887830088 97.16521833763255 97.16542861238658 97.16565246401828 97.1658649737885 97.16604206841042 97.16623303179298 97.16641269377351 97.16658342333716 97.1667456645559 97.16689836575468 97.16702667945619 97.16716420178099 97.16729501742412 97.16743155827353 97.16754818657606 97.16765808866664 97.16776273559451 97.16786237863396 97.16795631218751 97.1680556755423 97.16814045824464 97.16822122724582 97.16830589493465 97.16837883197208 97.2192307502907 97.24977356580784 97.27014904537292 97.30067828179803 97.36168104370854 97.41251796225754 97.44303961212944 97.47356378926976 97.44314044051481 97.38224481516264 97.2400982238389 97.01669110946735 96.7424988422496 96.42767774358641 96.11285467351577 95.79803005786108 95.55430397704882 95.38166992184385 95.29028800870358 95.28015838590447 95.25986819806498 95.20910946008594 95.10756607872347 94.89429746898045 94.62008746712785 94.3255627955019 94.09197534770739 93.92948628330103 93.57401638276002 92.43647865940814 90.08013082289108 86.00729054716375 80.54297608794728 73.93094598751166 66.72982241313511 59.16305462192052 51.31189474804886 43.227128138127 34.90875354845273 26.671631087082975 19.125166109949554 12.75688321661696 8.135560788545522 5.0072806529500395 3.148594575363397 2.011037997490148 1.3406920943035971 0.9445785854053617 0.6805028965079625 0.5179947780200224 0.4062704379333345 0.32501636848525284 0.264075813575377 0.2336055406431401 0.20313526237318694 0.19297850807208544 0.18282175244734492 0.17266499637282076 0.16250823820068705 0.15235147896080642 0.15235148494424663 0.152351490046804 0.14219472904329922 0.14219473330439278 0.13203797083840177 0.12188120712001896 0.12188121059461982 0.11172444572980496 0.11172444861464181 0.1117244510207725 0.10156768510067624 0.10156768731494585 0.09141092045834844 0.10156769116913768 0.10156769304264078 0.10156769484107149 0.09141092686566248 0.09141092830078061 0.08125415970302866 0.0812541608460348 0.0812541619338397 0.08125416296910926 0.08125416405121788 0.07109739435315451 0.07109739511517454 0.07109739584111852 0.06094062566487768 0.06094062622084384 0.06094062675614111 0.06094062731216953 0.060940627790933385 0.0609406282472594 0.05078385727559661 0.05078385761567042 0.050783857979847365 0.05078385828725132 0.040627086866725774 0.040627087117736674
70.84189413879645 70.84208459331195 71.81117232053342 72.65667763096033 73.57161731373789 74.4540572135472 75.32128225451663 76.14802080695063 76.95937597771801 77.73929117685506 78.4885298478569 79.21512102770922 79.91922634058808 80.60105092878901 81.25428472569808 81.95581056961204 82.55826730039885 83.14639672974194 83.7085504432204 84.31153092709646 84.83293946185763 85.33060769027668 85.8153231910517 86.33408619489542 86.78170934553962 87.21247948878454 87.66865713703427 88.06948433352217 88.4507143536523 88.81697845194634 89.21126547740229 89.5506560711706 89.8762261618568 90.19155421270924 90.49371535959668 90.78316999975594 91.06037045086714 91.32838224691812 91.58729815160993 91.8348285338148 92.07141298681277 92.29966687660834 92.51762287518726 92.70372133058258 92.90523363245394 93.09926545452137 93.26507236108588 93.4422344399399 93.61262721992806 93.75825357663837 93.91352763425307 94.04757167591312 94.19022903406616 94.31341022476022 94.4299199325327 94.55614629632063 94.66302919731643 94.7651280560601 94.87551160401125 94.96901030892444 95.05825410099727 95.14342899869717 95.23532110838335 95.31240097759073 95.38668818907568 95.45753077625594 95.52441041664048 95.59717329797903 95.65822767046801 95.7164350176093 95.77137191205493 95.82429395319423 95.87473971044099 95.92855324273702 95.97411287340255 96.01710152393734 96.05850329208303 96.09756539345231 96.13929271325927 96.17423424421713 96.20790077847613 96.24353898892484 96.27366211410063 96.30209874500193 96.33284673184399 96.35830503890753 96.38587987814553 96.40892877010363 96.43343798973068 96.4543240453272 96.47632626025701 96.49506328366573 96.51501801699432 96.53379165360946 96.55162968624064 96.56664813580664 96.58269456795561 96.59780227001346 96.6121703607163 96.62583484366677 96.6387044980248 96.65083021303207 96.66248686357076 96.67336117367856 96.68382085761465 96.69367935704797 96.70409384336818 96.71298665515536 96.72137139528802 96.72936053187584 96.73781289788599 96.7450261117709 96.75182966284247 96.75910433490755 96.76524988893878 96.77116771026861 96.77737194904839 96.7827172239204 96.78775873317532 96.79261331291359 96.79774903002735 96.80213155081081 96.80634896189193 96.81032504646186 96.81456921156203 96.81822889650859 96.82167776451041 96.82499463051838 96.82818261838155 96.83118573758908 96.8341002934093 96.8368447235282 96.8394809049388 96.84201158787252 96.84441656445553 96.84646116143065 96.84866596473452 96.85076018791868 96.85276818773966 96.85447753831212 96.85629731524932 96.85786270078286 96.85952650029459 96.86095844222966 96.86247796637488 96.86377307043695 96.86516000495537 96.86633075562624 96.867458694726 96.86866459305405 96.86969355875468 96.87066396543821 96.87171078673897 96.87259559485761 96.87343852883949 96.87424964741082 96.87501430029306 96.87583773626262 96.87652722750275 96.87719069276004 96.87782244030444 96.87841799545484 96.8790593318914 96.87960174478846 96.88011308229758 96.88060511675421 96.88106896158648 96.88156404320439 96.88198249822668 96.882381145837 96.88276092346015 96.88316265645781 96.88350199111082 96.8838254246463 96.88417120684053 96.88446031006704 96.8847670883228 96.88502855211841 96.88530600097627 96.88554003642372 96.88578877835556 96.8859984483975 96.88622165627247 96.88643355490312 96.88661014023299 96.88680055443947 96.8869796997447 96.88714993832107 96.88731171296347 96.88746397502126 96.88759191971582 96.88772904655134 96.8878594859924 96.88799563417507 96.97952538837603 97.04057745426482 97.07115318537831 97.11188106574116 97.17291750868175 97.22380239863021 97.24420145630666 97.2544394101414 97.21389563111723 97.12255435961912 96.97026593289729 96.73672414223746 96.45238554918419 96.16804370986242 95.89386217113021 95.61967118667253 95.38610668044134 95.21348749458677 95.0713323778986 95.00027536080812 94.90890637575212 94.7769017588882 94.6245811390661 94.421472532663 94.18789041676071 93.801948503619 93.20270633756721 92.21748438730724 90.66345541152705 88.34763156942799 84.9856074640684 80.6484880410196 75.31595575533362 69.06926785019894 62.05062554450794 54.56474590975922 46.87571646703544 39.16637023074138 31.700794130451715 24.702449643787435 18.41511057897034 13.143495085313255 8.907918861043079 5.7490111202723035 3.575357197007347 2.265070353071579 1.4626464977136464 0.9750977870662243 0.690694338786616 0.5078635355263769 0.38597632441015944 0.3047181820915912 0.25393184062384605 0.21330276390054034 0.17267367972394837 0.1625164183405532 0.1422018762278647 0.12188733079354629 0.11173006055950324 0.10157278936679255 0.10157279531709222 0.10157280098568953 0.09141552579621665 0.09141553098108296 0.09141553531931416 0.10157282166251708 0.09141554347546893 0.10157283076075688 0.10157283471119931 0.11173012232414972 0.10157284246566356 0.11173013045429638 0.11173013438276623 0.11173013773093925 0.11173014128378936 0.10157285843699701 0.10157286133264558 0.10157286377344 0.10157286639615286 0.10157286858365608 0.09141558384446613 0.09141558583741054 0.09141558771240343 0.08125830160565359 0.09141559099259916 0.08125830454335063 0.08125830588448411 0.08125830716020982 0.07110101982700295 0.0711010208271844 0.07110102177906229 0.06094373372997377 0.06094373454159667 0.06094373523449392 0.06094373588768729 0.06094373650995676 0.06094373716819504 0.06094373772418959 0.06094373825951419 0.05078644901297583 0.050786449411966084 0.05078644979225718 0.050786450195158185 0.050786450535249356 0.0507864508994449 0.05078645120686455 0.050786451503035575 0.060943742180178256
70.61283323924613 70.61302307794405 71.57897734707213 72.42174879204647 73.33373009956713 74.21331670924768 75.07773765596734 75.90180302357454 76.71053475029755 77.4879281637136 78.23474423879189 78.9589860513484 79.66081470296197 80.34043467261893 80.99155629673879 81.69081381986857 82.29132256094715 82.8775503266239 83.43788636657938 84.03891716723865 84.55863977435126 85.05469883726921 85.5378470540242 86.05493268430587 86.50110848571143 86.93048577240287 87.38518841121459 87.78471956897697 88.16471691609055 88.5297967323316 88.92280886611745 89.26110207089505 89.58561945994553 89.89992792587776 90.20111206184595 90.48963077643376 90.76593492479276 91.03308012878209 91.29115885215968 91.5378888671143 91.77370834554064 92.00122419689217 92.21847545433303 92.4039721770938 92.60483290704295 92.79823734464749 92.96350812947738 93.14009737066743 93.30993920091132 93.45509468788173 93.60986668078253 93.74347730307773 93.88567339148095 94.00845628686274 94.12458927096354 94.2504074931456 94.35694479788447 94.45871352914199 94.56874016180879 94.6619365470605 94.75089177735023 94.83579126967139 94.9273862544774 95.00421689285332 95.07826390331466 95.14887742735446 95.21554081843097 95.28806842753045 95.34892538619174 95.40694452510598 95.46170378603951 95.51445470851382 95.56473735393708 95.61837688501159 95.66378920270488 95.7066388533007 95.74790675254904 95.78684255012328 95.82843494839084 95.86326349904786 95.89682117559326 95.93234415309058 95.96236987784768 95.99071456145799 96.0213631274473 96.04673911736239 96.07422479583532 96.09719916127221 96.12162913253975 96.14244765495212 96.16437872769686 96.1830551666239 96.2029453781152 96.22165831186317 96.23943866681859 96.25440855557733 96.27040310302971 96.28546195569037 96.29978358846292 96.3134038885355 96.3262319300225 96.3383184376198 96.34993739742633 96.36077654642945 96.37120240991733 96.38102903277853 96.39140984479296 96.40027390247225 96.40863153130105 96.41659483573353 96.42501987177764 96.43220976238355 96.43899131478405 96.44624246485064 96.45236814778508 96.45826683437137 96.46445101230249 96.46977900370847 96.47480421169621 96.47964309458706 96.48476220582099 96.48913055611726 96.49333433057859 96.49729755883631 96.50152800080997 96.50517585249408 96.5086135688911 96.51191971011085 96.5150973899017 96.51809079879311 96.52099593065896 96.52373148690965 96.52635914446452 96.52888164466235 96.53127884496966 96.53331683092418 96.53551450519467 96.53760195689634 96.53960346403031 96.54130728757129 96.54312118042326 96.54468150442332 96.54633992418883 96.54776723606831 96.54928184696874 96.55057276342819 96.55195521341847 96.55312217857222 96.55424647058224 96.55544846974641 96.5564741083789 96.55744137733961 96.55848481383775 96.55936676100885 96.56020696943942 96.56101546533174 96.56177764577758 96.56259841924093 96.56328568107308 96.56394700107506 96.56457670592054 96.56517033539689 96.56580959812969 96.56635025718339 96.59735794952148 96.62834671100818 96.68980596628823 96.73096469045748 96.73138249500455 96.75211300438484 96.76265855193775 96.76305978692022 96.70240055085812 96.6620578106837 96.61157065855275 96.5203608182163 96.43933451482545 96.29726351710674 96.14504106812858 96.02327444897202 95.79985581446267 95.57639748773161 95.29195165416309 94.93632675730042 94.41799887926003 93.665848310819 92.54768194066259 90.94149945534865 88.84729913155066 86.20407749544503 83.05248720282233 79.53489129000968 75.80377704556516 71.93032138279885 68.03650720262948 64.22401406342115 60.65551378119117 57.483510995881986 54.7588414440263 52.40017775829505 50.265173628646046 48.089496135073226 45.70031151807942 42.812937988002865 39.579882586651756 36.011314991833984 32.158063853333424 28.10146780727698 23.912697166858546 19.673084397132012 15.54530335618541 11.732694601121064 8.469098165349807 5.83585181822146 3.9447937249789913 2.6129185689580683 1.7385574020166181 1.2098737361976222 0.8641958362882624 0.6303548277502721 0.48801681862082874 0.3863467694773066 0.30501069865183594 0.2541756544793643 0.2135076018628789 0.1830065636622024 0.1626725418021295 0.14233850797610262 0.13217150189062923 0.12200448975998748 0.11183746959277478 0.1016704471057913 0.10167046430357984 0.10167048278316759 0.10167050031761052 0.10167051525293329 0.09150347814651566 0.0915034904354993 0.08133644635947192 0.08133645751458435 0.09150352540587153 0.08133647719755148 0.07116942506445324 0.07116943222877606 0.06100237639436188 0.061002382648677946 0.06100238798522193 0.061002393069120565 0.061002397912334735 0.05083533593982404 0.050835339579000285 0.05083534304588871 0.0610024156582411 0.06100241988629562 0.0711694940365697 0.07116949800841277 0.07116950183027912 0.08133657813353164 0.08133658199345432 0.09150365892361363 0.10167073656294771 0.10167074124435849 0.11183781971846982 0.11183782386429279 0.12200490355265765 0.11183783200227644 0.12200491192858161 0.12200491558465484 0.1220049194642274 0.12200492273673236 0.12200492621486012 0.12200492914663678 0.1321720099883365 0.1321720128348319 0.14233909404487669 0.1423390971480008 0.15250617864371557 0.15250618130287114 0.16267326305704358 0.17284034505854437 0.19317450648898846 0.20334158897027113 0.2338428308080099 0.26434407332759535 0.3050123963844805 0.37618196033384127 0.46768568664348625 0.6100248156010685 0.8337005902570414 1.220049656735983 1.8809099077832185 2.9281192345057168 4.402345971103775 6.303590131612374 8.530180906406684 10.980447494521485 13.59338742281664 16.246995697175617 18.727763635048337 20.852683739408672 22.489583959320075 23.51645932156352
69.47016977573794 69.47035654244833 70.42067964936241 71.24981328808987 72.14703682890296 73.0123898859024 73.86282269211563 74.67355295696726 75.46919771134382 76.2340112719267 76.96874229951707 77.68126436341049 78.37173595822497 79.04035825404881 79.68094336722511 80.36888543979711 80.9596766923333 81.53641806554563 82.08768669536087 82.67899155946085 83.19030396679725 83.67833575562159 84.15366562280157 84.66238372511242 85.10133946802182 85.52376853135137 85.9711131295875 86.36417903683427 86.73802723138085 87.09719929193294 87.48385166665813 87.81667057919564 88.13593659754294 88.44515889451952 88.74146924066548 89.02531911846296 89.29715208728331 89.55997432262731 89.81387679199577 90.05661419880104 90.2886176243993 90.51245179299173 90.72618747029098 90.90868246775656 91.10629285061103 91.2965675995401 91.45916395709173 91.63289561468544 91.79998904856717 91.94279561588829 92.09506307394251 92.22651159666701 92.36640665468498 92.4872026657844 92.60145637508836 92.72523859504624 92.83005190316804 92.93017380331001 93.03841997472928 93.13010824736926 93.21762399581303 93.30114963661887 93.39126242282475 93.46684978063364 93.53969855545486 93.60916940485257 93.67475404270756 93.74610800326171 93.80598016893322 93.8630604367219 93.91693357817987 93.96883088029918 94.01829984725724 94.07107137842937 94.11574882975572 94.15790508330296 94.19850518155079 94.23681091641164 94.27773026260523 94.31199521440215 94.34500985749102 94.37995799884824 94.40949784452258 94.437383851815 94.46753645984654 94.49250181312243 94.51954271577884 94.54214530788816 94.56617995107862 94.58666158621662 94.60823776829359 94.62661198334133 94.64618032957232 94.66459044887837 94.68208308046903 94.6968107250895 94.71254644728094 94.7273616161812 94.7414514949544 94.75485139005893 94.76747184698031 94.77936276958265 94.79079371029624 94.8014574591777 94.81171461036872 94.82138221790088 94.8315950466456 94.84031566531553 94.84853805021392 94.85637249171022 94.86466119303407 94.87173473615857 94.87840654884465 94.88554036012353 94.89156691668451 94.89737015017346 94.90345425515963 94.90869602851099 94.91363991811366 94.93884823590074 94.95411000567822 94.92773443229105 94.92164486095666 94.91531779599966 94.91947888397317 94.90261378313862 94.90599441291977 94.92970023126152 94.9328258160689 94.91531426422493 94.8568016463464 94.75720462585811 94.57566544172731 94.20988983850975 93.52686361037154 92.37289824391038 90.77915400538096 88.73511479767785 86.22031967176072 83.30617635043384 80.02372032069917 76.42378573688282 72.63965187790541 68.8040677098089 65.08097258230515 61.64409724426808 58.65737256518728 56.12063093405767 54.02377059807332 52.418034506223 51.23167805278662 50.434086436705705 49.97418137258647 49.71882989424097 49.55554401932746 49.41270405795059 49.25960549278 49.065603662696944 48.851065490860364 48.62627839137046 48.391239492360654 48.135713668686364 47.90067332615888 47.716746483091065 47.53280233078612 47.29768098330569 46.90904536616306 46.203189821033234 45.08795872097414 43.49174150094491 41.31219969305594 38.651678290459195 35.58177286878839 32.143434479603314 28.44924125380222 24.601503617411392 20.733279597474564 16.97759312852155 13.50843104652918 10.47929303458749 7.920892219447818 5.915097688196337 4.400515338532 3.2645754956908535 2.4868128254155026 1.9239577366708123 1.5146078272707308 1.2280625582952467 1.013153302275495 0.8596465771379828 0.7368408962947388 0.6447366967646077 0.5833339871730726 0.5219311429998585 0.4809959444083002 0.4502945849248024 0.4195931332971203 0.4093595742234904 0.37865797221041814 0.3581903399954228 0.34795663388596365 0.3479569231176979 0.32748915417461943 0.32748939999642807 0.3274896318239324 0.3172558187650803 0.3172560216720767 0.3274902865236979 0.3274904980295852 0.3377247620976807 0.3479590303144312 0.3684274133693149 0.3888957892283205 0.4195982797951031 0.4503008102483613 0.4912374498101403 0.5424082324015854 0.6140472872017572 0.6754522585550714 0.7777937785348489 0.9108377829922847 1.0848183745607556 1.320203888187054 1.6067602277427955 2.0468288150639276 2.650644007543444 3.500079064758303 4.636070742531286 6.160960760865159 8.054281014979559 10.275094830843743 12.81316861010738 15.586628669415612 18.53407068346102 21.54291856278989 24.459659348482333 27.151249571946526 29.43347314589455 31.214222737184933 32.32975185256504 32.83123015925123 32.82100008911736 32.36046561975959 31.592905573807343 30.600193333765258 29.5153734523669 28.49195800269273 27.64252334008623 27.12058225362478 27.018242743748203 27.417377837932214 28.277051187951614 29.535857793622807 31.122158619437457 32.96431397096112 34.980450618059834 37.09892928612155 39.19693992407788 41.213076909930116 43.03476442133369 44.60059726796488 45.81846791252054 46.66790748426026 47.148916173243904 47.251259935157734 47.00564092501279 46.45299622477576 45.65473063860084 44.68248381674043 43.638597367157935 42.594710933363224 41.64293199247505 40.88560275389778 40.466001694744755 40.455768438930676 40.8549028912341 41.65317088622799 42.77893300744113 44.129847495373156 45.57286975335065 46.964721030718955 48.30540133911226 49.5949106748299 50.83324902747161 51.94877703198386 52.86985531255543 53.58624972961662 54.159365315749504 54.67107570250394 55.27489383829679 56.21644049863784 57.608291726517564 59.33787144506831 61.261900950504916 63.1654620175451 64.88480754860096 66.24595624511814 67.16703441188938 67.57640277344565 67.55593478837936 67.115864706229 66.2357241632289
54.73027979329501 54.73042693262616 55.479114458557696 56.13232599064517 56.83918039425973 57.52092645998048 58.190917991305376 58.829630900392274 59.45645907950384 60.05899769853318 60.63783657056484 61.1991786839017 61.7431489044368 62.269905718830735 62.77457416269285 63.31655156443218 63.7819912006835 64.23636200222577 64.6706647604953 65.13650903235758 65.53933331226999 65.9238165579077 66.29829292249484 66.69907334616829 67.0448932959951 67.37769312797305 67.7301220208996 68.03978884840654 68.33431549709336 68.61727993249647 68.92189402398013 69.1840968120614 69.43562230234085 69.67923510603036 69.91267556259709 70.13629936085897 70.35045594761566 70.55751366062705 70.75754416629017 70.94877856565378 71.1315564750354 71.30789844618518 71.47628458167556 71.62005855407855 71.77574079263646 71.92564384138537 72.05374118404191 72.19061118536408 72.32225143350932 72.43475790083242 72.55471788667418 72.65827621178481 72.76848892166791 72.86365494050344 72.9536667757676 73.05118540215933 73.13375986106861 73.21263831531589 73.29791726695015 73.37015150549527 73.43909852857163 73.50490204835539 73.57589508058666 73.63544462904855 74.04833558385157 74.4800206097183 74.8986861020558 75.27010564800845 75.56983265336486 76.15090816024019 76.62503407113361 77.05601739880386 77.48542868694213 77.89695414858086 78.23903698592315 78.48458083188608 78.60265866123339 78.56088594207185 78.27884807854036 77.6536832488471 76.61573381419467 75.19879535619962 73.41775557800632 71.24375285536944 68.75332371972674 66.0358435170185 63.19152364330158 60.30046108056113 57.4934430253279 54.89439385184163 52.64380334481581 50.83472401111994 49.41699941976483 48.33670789881121 47.61537511588856 47.167618327558145 46.95313016462054 46.88635443527194 46.90391855903389 46.93173584382807 46.9591728928044 46.996848343002554 47.01311213344094 47.039594781751546 47.065880357167444 47.09187772911838 47.11815032296774 47.16488819528182 47.22198801996263 47.310712759671276 47.41028243957677 47.53046976870182 47.67168371574872 47.813149855599 47.97529109468889 48.13733926104749 48.28894154166051 48.45074182680781 48.59118826153531 48.73155495236499 48.86146689695656 48.98040015880206 49.1098717147223 49.228619719909695 49.347513957349875 49.4342814994145 49.489108191011546 49.46957654003814 49.35445286942173 49.11185722380622 48.68875507880127 48.085090805461306 47.25842207663133 46.22996552971643 44.989083687903054 43.525044212627996 41.92300307783195 40.204063226411606 38.41069884594892 36.60653041752213 34.83418878913389 33.167864843594536 31.639543881608354 30.291595027984254 29.145367258847948 28.222011646089094 27.55348715043987 27.09724434719419 26.86396022111595 26.87491294754329 27.10880346384717 27.55505276293081 28.181849832545282 28.989130657881653 29.96631449103996 31.113407730889566 32.39855162790065 33.81116526249683 35.27685000578045 36.70006880648495 38.16577182471489 39.64209851739076 41.09722391405158 42.53108612860674 43.87999386855844 45.143949976494525 46.280469521597055 47.21524070282081 48.011926496518306 48.68117156984898 49.29731331979385 49.74355301013708 50.01984527952059 50.189931626817575 50.23259074883974 50.19026052439896 50.1054589416542 49.978153057439734 49.88271507754911 49.797874389164676 49.71304083635821 49.69190802342067 49.723883173033904 49.819574137801474 49.96834865446065 50.20209315652413 50.49955454618012 50.818253014917644 51.179429505220426 51.551222500000506 51.93362400419464 52.31603147620728 52.66657518610638 52.99588212898834 53.272076919185814 53.50578689741435 53.67577177702208 53.80327239233306 53.89890867626527 53.994548162245955 54.05831824293435 54.14332720636025 54.23895899966637 54.3664459623984 54.53641290108441 54.73824399169269 54.95068986204741 55.20561654886994 55.481786669369306 55.74733128283849 55.98101333826478 56.22531765416964 56.427135577020636 56.618331825621595 56.767047391290916 56.88389729049773 56.95826400998584 57.022009106431526 57.064512010648556 57.06453172320173 57.053931898723725 57.03270859464417 57.00086378420931 56.95839750193074 56.9053082763877 56.85221999492567 56.788510461179214 56.73542082151623 56.67170997261023 56.60799844536152 56.56552633739633 56.59739950275464 56.71423615455514 56.92665937101552 57.21342666417524 57.56391647908313 57.882545063967626 58.126827831262226 58.27552442119784 58.33925634183783 58.371125132881616 58.42423571788105 58.44548320519853 58.50921304550386 58.72163192649207 59.178326395466414 59.93239861150046 60.96260795671493 62.247713171057725 63.68150828935594 65.03033741982506 66.09240851908463 66.80399756805546 67.20758758510452 67.34566021531127 67.18635393438909 66.6871860588776 65.85877754504847 64.80733424465573 63.64968401745694 62.55575758077774 61.79107204803895 61.663626377453035 62.215903670295184 63.4691456018806 65.29590365281496 67.4837648662439 69.83093599180195 72.15686604022902 74.29162371060252 76.00155460026504 77.16983077075739 77.79645265505212 77.84955771229504 77.33976703993085 76.30956307283405 74.76956646506169 72.889707897313 70.86115985159026 68.843232357778 67.0483389459519 65.63578982912456 64.74365384686959 64.32944830494003 64.35069052299441 64.77551848495044 65.62517364303027 66.85717313152902 68.53524111863466 70.58503287233899 72.97468644358953 75.59799488346766 78.26378606204422 80.83399120004506 83.13867929117467 85.05040224183378 86.40984991622416 87.17453943729967 87.33385025992098 86.8877822329175 85.94254222332337 84.54061299114214
29.416376700567508 29.41645578486981 29.818859616478143 30.16994710526153 30.549866511625098 30.916290713348776 31.276397099540826 31.61969188276094 31.956598873058027 32.2804507346043 32.591564479553604 32.893274083929356 33.185646660528384 33.468767392604406 33.74001608911401 34.03131756743592 34.281481603195544 34.52569637261362 34.759124989964064 35.00950650887202 35.22601610478112 35.43266777971228 35.63394096610487 35.84935203218233 36.03522299708689 36.21409592191613 36.403519055027196 36.56995847547266 36.728260367566925 36.88034781269088 37.044071493571494 37.18499998900891 37.32018966097477 37.45112642997133 37.576595775888336 37.69678887400016 37.81189354462738 37.92318271960885 38.030694918128845 38.13347939412701 38.23171868424609 38.32649879264411 38.41700280635362 38.494278298967885 38.57795423470772 38.65852397721983 38.72737361036913 38.800938363429154 38.871692233919525 38.93216209880101 38.996638073450576 39.05229849969797 39.11153551809722 39.162685255860886 39.211064728131824 39.263478943080024 39.307860981657115 39.35025649530074 39.396092141955165 39.4349165291088 39.47197410694062 39.50734211772903 39.545499382539624 39.577506015001944 39.915187689446874 40.1450904194769 40.30681594278845 40.4311089922798 40.56395976110252 41.09733934895211 41.57633828049895 42.04157357153897 42.5330172955134 43.0398818454122 43.57038907246836 44.10019972500017 44.575991646625006 44.97044010686462 45.1916555300028 45.15427716817004 44.77987452880895 44.015754723321386 42.79077981520667 41.02555520212886 38.8290877125153 36.197950061658396 33.256104938769525 30.06844275057881 26.758276322826568 23.44554270936629 20.226056055378386 17.179966596275232 14.375842962069811 11.84043816916697 9.668552216650783 7.819780038463666 6.308193613050841 5.106788382512996 4.1887298193563005 3.5001111772259006 2.9734633939030073 2.5818307694822202 2.29824170707525 2.1092119978291337 1.9742196803608891 1.8797569645994563 1.8393847617798622 1.8260277780741405 1.866768002574396 1.9210358835317287 2.015910973666082 2.178428641361842 2.4356815584487697 2.7877118174713322 3.3292265219356887 4.168554791508605 5.441124880649662 7.309377414577138 9.922319882800927 13.30713459446992 17.166166789032197 21.106676401295385 24.83087299300904 28.108511220532595 30.80427093327749 32.931348926132905 34.47623397892906 35.41179903748149 35.6431831080545 35.129667391158826 33.88476228908578 32.35531230144403 30.92054787118896 29.973263525988006 29.74375115694022 30.448708672475753 31.92581859428694 34.01250062249373 36.49206548326224 39.079980324704486 41.6003031212446 43.8225840514908 45.65213140614663 46.93975485937333 47.67203135858225 47.80814096408279 47.307571166634595 46.305622160617055 44.91074455723451 43.28555510055298 41.673797122622226 40.23810707104065 39.12757878967647 38.409868092925734 38.20697373156113 38.50536472259075 39.31859621295924 40.52478321408907 42.02901110888694 43.72293607447797 45.538812036789636 47.3953417932693 49.116424063075506 50.60713682392529 51.82685944846953 52.66719628889132 53.04683835275136 52.97936088935661 52.5053478683786 51.70612436227958 50.64943671681286 49.4030529724914 48.02112807739329 46.69338594577169 45.44694585258745 44.376622481624196 43.57730375549048 43.07606420924575 42.90003454966121 43.06274135560057 43.56421299669126 44.35022634746211 45.40725660816514 46.69464294024051 48.1039711442635 49.66236640381929 51.220761831040335 52.71140571946857 54.05299447312787 55.204874794387855 56.08573355676567 56.65493691356759 56.92602497058054 56.899003747471546 56.56030643120022 55.97769289400968 55.151163264219036 54.20267304208088 53.22707638264491 52.29213284235389 51.46558533969454 50.85584579570529 50.43581747556866 50.20549274918049 50.17842678955382 50.38172582299553 50.82893341285559 51.506503246210166 52.44154072558837 53.64759020126819 55.16530829070986 57.02179963810206 59.09510154500938 61.168404050843655 62.93004109245306 64.32580277071914 65.40989530126294 66.23652141084173 66.81923166964076 67.13092436440783 67.0902962468891 66.6160371618701 65.73525078626646 64.55634380272836 63.55359494472957 63.20128874426753 63.63493274561499 64.6512641471569 65.73534982907071 66.48066300700968 66.75169311633555 66.61619743563676 66.31808897416168 65.96577764709025 65.55926197556076 64.96303184786548 63.98737687178506 62.60519289492878 60.938439070329174 59.4613981128812 58.56704482699864 58.37733934810973 58.91938214795917 59.9899105396216 61.57537382262883 63.79773100326529 66.67053185959996 70.03116613114985 73.66281913957526 77.13186210263565 79.99111289289058 82.07796100877184 83.41950819342415 84.08350945680789 84.13771809851679 83.54148188526104 82.15929146317761 79.95049433053136 77.09125149682723 73.8390312181449 70.57325955647585 67.78177045999549 65.60007268267944 64.01461574896965 62.93054344066871 62.22589689017506 61.87357473658918 61.84647471749736 62.23945385849537 63.12026645963114 64.52956578997198 66.64351368776819 69.36725404157613 72.57882802267696 76.00721729207851 79.35430097449924 82.3490602651992 84.73402712140566 86.5227527826447 87.63393142568964 88.09466485251242 87.89140212334779 86.9292866237108 85.2760730192259 83.09437259724851 80.64165323330792 78.18893385193864 75.99368215372482 74.24561144488133 72.90406892717293 71.9284018671103 71.25085540083087 70.76302209421591 70.45135105793898 70.26163841223688 70.2345370525583 70.35649609681637 70.65461731612756 71.21020649382702 72.02326352154381 73.1615431835353 74.65214741401857
50.0 50.0 50.0 50.0 50.0 50.0 50.0 50.0 50.0 50.0 50.0 50.0 50.0 50.0 50.0 50.0 50.0 50.0 50.0 50.0 50.0 50.0 50.0 50.0 50.0 50.0 50.0 50.0 50.0 50.0 50.0 50.0 50.0 50.0 50.0 50.0 50.0 50.0 50.0 50.0 50.0 50.0 50.0 50.0 50.0 50.0 50.0 50.0 50.0 50.0 50.0 50.0 50.0 50.0 50.0 50.0 50.0 50.0 50.0 50.0 50.0 50.0 50.0 50.0 50.0 50.0 50.0 50.0 50.0 50.0 50.0 50.0 50.0 50.0 50.0 50.0 50.0 50.0 50.0 50.0 50.0 50.0 50.0 50.0 50.0 50.0 50.0 50.0 50.0 50.0 50.0 50.0 50.0 50.0 50.0 50.0 50.0 50.0 50.0 50.0 50.0 50.0 50.0 50.0 50.0 50.0 50.0 50.0 50.0 50.0 50.0 50.0 50.0 50.0 50.0 50.0 50.0 50.0 50.0 50.0 50.0 50.0 50.0 50.0 50.0 50.0 50.0 50.0 50.0 50.0 50.0 50.0 50.0 50.0 50.0 50.0 50.0 50.0 50.0 50.0 50.0 50.0 50.0 50.0 50.0 50.0 50.0 50.0 50.0 50.0 50.0 50.0 50.0 50.0 50.0 50.0 50.0 50.0 50.0 50.0 50.0 50.0 50.0 50.0 50.0 50.0 50.0 50.0 50.0 50.0 50.0 50.0 50.0 50.0 50.0 50.0 50.0 50.0 50.0 50.0 50.0 50.0 50.0 50.0 50.0 50.0 50.0 50.0 50.0 50.0 50.0 50.0 50.0 50.0 50.0 50.0 50.0 50.0 50.0 50.0 50.0 50.0 50.0 50.0 50.0 50.0 50.0 50.0 50.0 50.0 50.0 50.0 50.0 50.0 50.0 50.0 50.0 50.0 50.0 50.0 50.0 50.0 50.0 50.0 50.0 50.0 50.0 50.0 50.0 50.0 50.0 50.0 50.0 50.0 50.0 50.0 50.0 50.0 50.0 50.0 50.0 50.0 50.0 50.0 50.0 50.0 50.0 50.0 50.0 50.0 50.0 50.0 50.0 50.0 50.0 50.0 50.0 50.0 50.0 50.0 50.0 50.0 50.0 50.0 50.0 50.0 50.0 50.0 50.0 50.0 50.0 50.0 50.0 50.0 50.0 50.0 50.0 50.0 50.0 50.0 50.0 50.0 50.0 50.0 50.0 50.0 50.0 50.0 50.0 50.0 50.0 50.0 50.0 50.0 50.0 50.0 50.0 50.0 50.0 50.0 50.0 50.0
50.0 50.0 50.0 50.0 50.0 50.0 50.0 50.0 50.0 50.0 50.0 50.0 50.0 50.0 50.0 50.0 50.0 50.0 50.0 50.0 50.0 50.0 50.0 50.0 50.0 50.0 50.0 50.0 50.0 50.0 50.0 50.0 50.0 50.0 50.0 50.0 50.0 50.0 50.0 50.0 50.0 50.0 50.0 50.0 50.0 50.0 50.0 50.0 50.0 50.0 50.0 50.0 50.0 50.0 50.0 50.0 50.0 50.0 50.0 50.0 50.0 50.0 50.0 50.0 50.0 50.0 50.0 50.0 50.0 50.0 50.0 50.0 50.0 50.0 50.0 50.0 50.0 50.0 50.0 50.0 50.0 50.0 50.0 50.0 50.0 50.0 50.0 50.0 50.0 50.0 50.0 50.0 50.0 50.0 50.0 50.0 50.0 50.0 50.0 50.0 50.0 50.0 50.0 50.0 50.0 50.0 50.0 50.0 50.0 50.0 50.0 50.0 50.0 50.0 50.0 50.0 50.0 50.0 50.0 50.0 50.0 50.0 50.0 50.0 50.0 50.0 50.0 50.0 50.0 50.0 50.0 50.0 50.0 50.0 50.0 50.0 50.0 50.0 50.0 50.0 50.0 50.0 50.0 50.0 50.0 50.0 50.0 50.0 50.0 50.0 50.0 50.0 50.0 50.0 50.0 50.0 50.0 50.0 50.0 50.0 50.0 50.0 50.0 50.0 50.0 50.0 50.0 50.0 50.0 50.0 50.0 50.0 50.0 50.0 50.0 50.0 50.0 50.0 50.0 50.0 50.0 50.0 50.0 50.0 50.0 50.0 50.0 50.0 50.0 50.0 50.0 50.0 50.0 50.0 50.0 50.0 50.0 50.0 50.0 50.0 50.0 50.0 50.0 50.0 50.0 50.0 50.0 50.0 50.0 50.0 50.0 50.0 50.0 50.0 50.0 50.0 50.0 50.0 50.0 50.0 50.0 50.0 50.0 50.0 50.0 50.0 50.0 50.0 50.0 50.0 50.0 50.0 50.0 50.0 50.0 50.0 50.0 50.0 50.0 50.0 50.0 50.0 50.0 50.0 50.0 50.0 50.0 50.0 50.0 50.0 50.0 50.0 50.0 50.0 50.0 50.0 50.0 50.0 50.0 50.0 50.0 50.0 50.0 50.0 50.0 50.0 50.0 50.0 50.0 50.0 50.0 50.0 50.0 50.0 50.0 50.0 50.0 50.0 50.0 50.0 50.0 50.0 50.0 50.0 50.0 50.0 50.0 50.0 50.0 50.0 50.0 50.0 50.0 50.0 50.0 50.0 50.0 50.0 50.0 50.0 50.0 50.0
50.0 50.0 50.0 50.0 50.0 50.0 50.0 50.0 50.0 50.0 50.0 50.0 50.0 50.0 50.0 50.0 50.0 50.0 50.0 50.0 50.0 50.0 50.0 50.0 50.0 50.0 50.0 50.0 50.0 50.0 50.0 50.0 50.0 50.0 50.0 50.0 50.0 50.0 50.0 50.0 50.0 50.0 50.0 50.0 50.0 50.0 50.0 50.0 50.0 50.0 50.0 50.0 50.0 50.0 50.0 50.0 50.0 50.0 50.0 50.0 50.0 50.0 50.0 50.0 50.0 50.0 50.0 50.0 50.0 50.0 50.0 50.0 50.0 50.0 50.0 50.0 50.0 50.0 50.0 50.0 50.0 50.0 50.0 50.0 50.0 50.0 50.0 50.0 50.0 50.0 50.0 50.0 50.0 50.0 50.0 50.0 50.0 50.0 50.0 50.0 50.0 50.0 50.0 50.0 50.0 50.0 50.0 50.0 50.0 50.0 50.0 50.0 50.0 50.0 50.0 50.0 50.0 50.0 50.0 50.0 50.0 50.0 50.0 50.0 50.0 50.0 50.0 50.0 50.0 50.0 50.0 50.0 50.0 50.0 50.0 50.0 50.0 50.0 50.0 50.0 50.0 50.0 50.0 50.0 50.0 50.0 50.0 50.0 50.0 50.0 50.0 50.0 50.0 50.0 50.0 50.0 50.0 50.0 50.0 50.0 50.0 50.0 50.0 50.0 50.0 50.0 50.0 50.0 50.0 50.0 50.0 50.0 50.0 50.0 50.0 50.0 50.0 50.0 50.0 50.0 50.0 50.0 50.0 50.0 50.0 50.0 50.0 50.0 50.0 50.0 50.0 50.0 50.0 50.0 50.0 50.0 50.0 50.0 50.0 50.0 50.0 50.0 50.0 50.0 50.0 50.0 50.0 50.0 50.0 50.0 50.0 50.0 50.0 50.0 50.0 50.0 50.0 50.0 50.0 50.0 50.0 50.0 50.0 50.0 50.0 50.0 50.0 50.0 50.0 50.0 50.0 50.0 50.0 50.0 50.0 50.0 50.0 50.0 50.0 50.0 50.0 50.0 50.0 50.0 50.0 50.0 50.0 50.0 50.0 50.0 50.0 50.0 50.0 50.0 50.0 50.0 50.0 50.0 50.0 50.0 50.0 50.0 50.0 50.0 50.0 50.0 50.0 50.0 50.0 50.0 50.0 50.0 50.0 50.0 50.0 50.0 50.0 50.0 50.0 50.0 50.0 50.0 50.0 50.0 50.0 50.0 50.0 50.0 50.0 50.0 50.0 50.0 50.0 50.0 50.0 50.0 50.0 50.0 50.0 50.0 50.0 50.0