4 302 9
300.00980000000004 300.01 301.04 301.96 302.98 303.99 305.01 306.01 307.02 308.02 309.01 310.0 310.99 311.98 312.96 314.05 315.02 316.0 316.97 318.05 319.02 319.98 320.95 322.03 323.0 323.97 325.04 326.02 326.99 327.96 329.05 330.03 331.01 332.0 332.99 333.98 334.97 335.97 336.98 337.99 339.0 340.02 341.04 341.95 342.98 344.02 344.95 345.99 347.04 347.98 349.03 349.98 351.04 352.0 352.95 354.03 354.99 355.95 357.04 358.01 358.98 359.95 361.05 362.02 363.0 363.98 364.95 366.06 367.04 368.02 368.99 369.97 370.95 372.05 373.03 374.0 374.98 375.95 377.04 378.0 378.97 380.05 381.01 381.96 383.04 383.98 385.05 385.99 387.04 387.98 389.02 389.95 390.99 392.02 393.05 393.96 394.98 395.99 397.0 398.01 399.01 400.0 401.0 401.98 402.97 403.95 405.04 406.02 406.99 407.96 409.04 410.01 410.97 412.05 413.01 413.98 415.05 416.02 416.98 417.95 419.03 420.0 420.98 421.95 423.04 424.03 425.01 426.0 427.0 427.99 429.0 430.0 431.01 432.03 433.05 433.96 434.99 436.02 437.06 437.99 439.03 439.97 441.02 441.97 443.03 443.98 445.05 446.0 446.96 448.04 449.01 449.97 451.06 452.03 453.0 453.98 454.95 456.05 457.02 458.0 458.98 459.95 461.05 462.03 463.0 463.98 464.95 466.04 467.01 467.98 468.95 470.03 470.99 471.95 473.03 473.98 475.04 475.99 477.05 477.99 479.04 479.97 481.01 482.05 482.96 483.99 485.01 486.03 487.05 488.06 488.95 489.95 490.95 492.05 493.04 494.02 495.0 495.98 496.95 498.03 499.0 499.97 501.04 502.01 502.97 504.04 505.0 505.96 507.03 507.99 508.96 510.03 511.0 511.97 513.05 514.02 515.0 515.98 516.96 517.95 519.05 520.05 521.05 522.05 522.95 523.96 524.98 526.0 527.03 528.06 528.98 530.02 530.95 532.0 533.05 533.99 535.05 536.0 536.95 538.02 538.98 540.06 541.02 541.98 542.95 544.03 545.0 545.97 546.94 548.04 549.01 549.98 550.96 552.05 553.02 553.99 554.97 556.06 557.02 557.99 558.96 560.04 561.0 561.96 563.03 563.99 565.05 566.0 567.06 568.0 569.05 569.98 571.03 571.95 572.99 574.02 575.04 575.95 576.96 577.98 578.98 579.98 580.98 581.97 582.96 583.95 585.04 586.02 586.99 587.96 589.04 590.0 590.97 592.03 592.99 593.95 595.02 595.97 597.04 597.99 598.95 600.02
0.0 13.54 26.89 39.77 51.58 60.9 70.0 80.0 90.0
71.04621016395508 71.04640116776291 72.01828385346005 72.86622769671244 73.78380616888882 74.6687911250516 75.53851734100292 76.36764030081241 77.18133551154482 77.96350007421718 78.7148996341819 79.44358638507431 80.14972241721287 80.83351346454663 81.48863126151679 82.19218038521053 82.79637466926383 83.38620033031759 83.9499753586079 84.55469490631351 85.07760724218844 85.57671080199597 86.0628242770298 86.58308345197726 87.03199759835246 87.46401013135127 87.92150344746943 88.32348667487035 88.70581620544317 89.0731366507707 89.46856084454765 89.8089302791267 90.1354393507316 90.45167684330286 90.75470945707075 91.04499891710968 91.32299884563508 91.59178361798111 91.85144626538978 92.09969055317852 92.33695734246406 92.56586954226188 92.7844541505615 92.9710893349243 93.17318282103754 93.3677742527981 93.53405936521106 93.71173239951312 93.88261661152673 94.02866297110008 94.18438485663707 94.31881549645519 94.46188429454403 94.58542075370688 94.70226648863779 94.82885690351769 94.93604806687371 95.03844139025932 95.14914329683194 95.24291166257191 95.33241284382228 95.4178333955487 95.50999053245954 95.58729270871683 95.66179417291137 95.73284107811558 95.79991360693788 95.87288634464566 95.93411680484175 95.99249202854743 96.04758736720244 96.10066204148657 96.1512532899957 96.20522202659778 96.25091305638466 96.2940256910437 96.33554686656555 96.37472162744773 96.41656929355862 96.45161159983884 96.48537523218569 96.52111622725911 96.55132623093068 96.57984487628777 96.61068154379724 96.63621327549419 96.66386764368347 96.68698301124962 96.7115629182347 96.7325092115749 96.75457488337798 96.77336594647879 96.79337823151243 96.81220601341629 96.8300954929486 96.84515725741967 96.86124996929159 96.87640124366878 96.89081077356828 96.90451466643113 96.9174214383261 96.92958212526521 96.94127239490082 96.95217806774735 96.96266791859347 96.9725548510528 96.982999373928 96.99191783358893 97.00032675625928 97.0083389344195 97.01681567800802 97.02404969561658 97.030872868898 97.03816852193908 97.04433180044235 97.0502666894374 97.05648882194265 97.0618495131912 97.06690556272832 97.07177414362293 97.076924672725 97.08131983319345 97.08554940776455 97.08953695981151 97.09379336556326 97.09746360545462 97.10092242038135 97.10424885260556 97.10744603498586 97.11045781552842 97.11338077725686 97.11613312262224 97.11877690707782 97.12131488878698 97.12372680159413 97.12577729541789 97.12798845762354 97.13008872078395 97.13210251190323 97.13381679243585 97.13564181781528 97.13721171809753 97.13888031619501 97.14031638801238 97.14184029463689 97.14313913392537 97.1445300685196 97.14570419576765 97.1468353879712 97.14804476424625 97.1490766976002 97.15004990304622 97.15109974349787 97.15198710350307 97.15283246860176 97.15364592653069 97.15441278475821 97.15523859561013 97.15593007542088 97.15659545418691 97.1572290237626 97.15782629656132 97.15846948268461 97.15901345996174 97.159526272226 97.1600197257656 97.16048490837875 97.16098141786799 97.16140107976182 97.16180087711689 97.1621817500616 97.16258464170261 97.16292495503508 97.16324932138942 97.16359610085856 97.16388603789142 97.16419370093033 97.16445591881707 97.16473416786877 97.16496887830088 97.16521833763255 97.16542861238658 97.16565246401828 97.1658649737885 97.16604206841042 97.16623303179298 97.16641269377351 97.16658342333716 97.1667456645559 97.16689836575468 97.16702667945619 97.16716420178099 97.16729501742412 97.16743155827353 97.16754818657606 97.16765808866664 97.16776273559451 97.16786237863396 97.16795631218751 97.1680556755423 97.16814045824464 97.16822122724582 97.16830589493465 97.16837883197208 97.16844761680227 97.16852049128812 97.16858263726458 97.16864187076845 97.16870462603377 97.16875814252091 97.1688096695062 97.1688636836453 97.16891021413439 97.16895454178776 97.16900143173875 97.16904144098346 97.16907993950677 97.16911659710252 97.16915150179916 97.21996858713382 97.25047412630128 97.27081810685748 97.30131732289281 97.36228528805887 97.4130926418212 97.44358823981912 97.47408283399285 97.44363586828625 97.38271775813888 97.24054465426242 97.01711447768793 96.74290190835232 96.4280594310131 96.11321805889233 95.79837568175766 95.55462794847855 95.3819783659411 95.29058047188272 95.28043592962258 95.26013550197298 95.20936289948732 95.10780730390536 94.8945255755583 94.62030282074066 94.32576615140813 94.09217047670343 93.9296706273021 93.57419199924689 92.43664267865252 90.08028282697033 86.00742920123379 80.54309873402705 73.93105348778298 66.72991552140289 59.16313252404183 51.3119591746093 43.227179329877096 34.90879318219445 26.671659949599444 19.12518582630194 12.756895615214734 8.135568358507614 5.007285089558669 3.148597231856666 2.0110396012640557 1.3406931124118753 0.9445792715019163 0.6805033665281653 0.5179951163660377 0.4062706904000632 0.32501656158565284 0.2640759626340845 0.23360566528516014 0.20313536549231367 0.19297860169128483 0.1828218371669025 0.17266507197688039 0.16250830587062026 0.15235153956396114 0.15235154226160721 0.15235154477610413 0.14219477735676986 0.14219477948030018 0.13203801137480659 0.12188124290075956 0.1218812444536639 0.11172447557042459 0.11172447684067137 0.1117244780381314 0.10156770834445503 0.10156770944146282 0.09141093933126576 0.1015677112602352 0.10156771218694922 0.10156771298488898 0.09141094237088909 0.09141094309607388 0.08125417218507265 0.08125417276775576 0.0812541732596021 0.08125417373345155 0.08125417423547335
70.84189413879645 70.84208459331195 71.81117232053342 72.65667763096033 73.57161731373789 74.4540572135472 75.32128225451663 76.14802080695063 76.95937597771801 77.73929117685506 78.4885298478569 79.21512102770922 79.91922634058808 80.60105092878901 81.25428472569808 81.95581056961204 82.55826730039885 83.14639672974194 83.7085504432204 84.31153092709646 84.83293946185763 85.33060769027668 85.8153231910517 86.33408619489542 86.78170934553962 87.21247948878454 87.66865713703427 88.06948433352217 88.4507143536523 88.81697845194634 89.21126547740229 89.5506560711706 89.8762261618568 90.19155421270924 90.49371535959668 90.78316999975594 91.06037045086714 91.32838224691812 91.58729815160993 91.8348285338148 92.07141298681277 92.29966687660834 92.51762287518726 92.70372133058258 92.90523363245394 93.09926545452137 93.26507236108588 93.4422344399399 93.61262721992806 93.75825357663837 93.91352763425307 94.04757167591312 94.19022903406616 94.31341022476022 94.4299199325327 94.55614629632063 94.66302919731643 94.7651280560601 94.87551160401125 94.96901030892444 95.05825410099727 95.14342899869717 95.23532110838335 95.31240097759073 95.38668818907568 95.45753077625594 95.52441041664048 95.59717329797903 95.65822767046801 95.7164350176093 95.77137191205493 95.82429395319423 95.87473971044099 95.92855324273702 95.97411287340255 96.01710152393734 96.05850329208303 96.09756539345231 96.13929271325927 96.17423424421713 96.20790077847613 96.24353898892484 96.27366211410063 96.30209874500193 96.33284673184399 96.35830503890753 96.38587987814553 96.40892877010363 96.43343798973068 96.4543240453272 96.47632626025701 96.49506328366573 96.51501801699432 96.53379165360946 96.55162968624064 96.56664813580664 96.58269456795561 96.59780227001346 96.6121703607163 96.62583484366677 96.6387044980248 96.65083021303207 96.66248686357076 96.67336117367856 96.68382085761465 96.69367935704797 96.70409384336818 96.71298665515536 96.72137139528802 96.72936053187584 96.73781289788599 96.7450261117709 96.75182966284247 96.75910433490755 96.76524988893878 96.77116771026861 96.77737194904839 96.7827172239204 96.78775873317532 96.79261331291359 96.79774903002735 96.80213155081081 96.80634896189193 96.81032504646186 96.81456921156203 96.81822889650859 96.82167776451041 96.82499463051838 96.82818261838155 96.83118573758908 96.8341002934093 96.8368447235282 96.8394809049388 96.84201158787252 96.84441656445553 96.84646116143065 96.84866596473452 96.85076018791868 96.85276818773966 96.85447753831212 96.85629731524932 96.85786270078286 96.85952650029459 96.86095844222966 96.86247796637488 96.86377307043695 96.86516000495537 96.86633075562624 96.867458694726 96.86866459305405 96.86969355875468 96.87066396543821 96.87171078673897 96.87259559485761 96.87343852883949 96.87424964741082 96.87501430029306 96.87583773626262 96.87652722750275 96.87719069276004 96.87782244030444 96.87841799545484 96.8790593318914 96.87960174478846 96.88011308229758 96.88060511675421 96.88106896158648 96.88156404320439 96.88198249822668 96.882381145837 96.88276092346015 96.88316265645781 96.88350199111082 96.8838254246463 96.88417120684053 96.88446031006704 96.8847670883228 96.88502855211841 96.88530600097627 96.88554003642372 96.88578877835556 96.8859984483975 96.88622165627247 96.88643355490312 96.88661014023299 96.88680055443947 96.8869796997447 96.88714993832107 96.88731171296347 96.88746397502126 96.88759191971582 96.88772904655134 96.8878594859924 96.88799563417507 96.88811192707573 96.88822151310781 96.88832585909007 96.8884252155742 96.88851887899187 96.88861795659568 96.88870249547831 96.8887830322025 96.8888674564024 96.88894018368613 96.88900877070361 96.88908143561564 96.88914340287153 96.8892024660306 96.88926504082313 96.9807330030114 97.0417275290104 97.07225303880581 97.1129282975522 97.17391578924956 97.22474869742072 97.24510314431417 97.25529888434498 97.21470671365292 97.12332666505618 96.97100188024372 96.73742100686464 96.45304898577699 96.16867531215976 95.8944573059289 95.62023528943944 95.38664372710517 95.21399450445006 95.07181574674442 95.00073673560038 94.90934210364671 94.7773153529594 94.62497538111687 94.42184627897441 94.18824652419445 93.80228692597413 93.20302233603898 92.21778259909934 90.66373367411765 88.34788891923269 84.98584593789194 80.64870272115523 75.31614678225056 69.0694338786616 62.05076677061273 54.56486354556254 46.875813678423114 39.166447097822015 31.70085362540888 24.702493475802495 18.415141653213933 13.143516274204064 8.907932425495009 5.749019479698076 3.5753621857110973 2.2650733355711563 1.4626483341939291 0.975098941826311 0.6906951229681824 0.5078640851073009 0.38597672231756486 0.30471847825156306 0.2539320769018922 0.2133029528935185 0.17267382541004955 0.1625165479450617 0.14220198421455904 0.12188741932665408 0.11173013773093925 0.10157285571253578 0.10157285843699701 0.10157286133264558 0.091415577396096 0.09141557975653757 0.09141558172529046 0.1015728709382957 0.09141558583741054 0.10157287523600382 0.10157287700706699 0.11173016676873232 0.1015728806791883 0.11173017059116566 0.1117301723452885 0.11173017401386179 0.11173017558557549 0.10157288825580327 0.10157288954995629 0.10157289090266113 0.10157289205748989 0.1015728931461455 0.09141560476493514 0.09141560575229256 0.09141560658628438 0.08125831767935227 0.0914156082233565 0.08125831905914573 0.08125831966761148 0.0812583203122531 0.0711010307493491 0.07110103125922286 0.07110103168961038 0.06094374180364269 0.060943742180178256
70.61283323924613 70.61302307794405 71.57897734707213 72.42174879204647 73.33373009956713 74.21331670924768 75.07773765596734 75.90180302357454 76.71053475029755 77.4879281637136 78.23474423879189 78.9589860513484 79.66081470296197 80.34043467261893 80.99155629673879 81.69081381986857 82.29132256094715 82.8775503266239 83.43788636657938 84.03891716723865 84.55863977435126 85.05469883726921 85.5378470540242 86.05493268430587 86.50110848571143 86.93048577240287 87.38518841121459 87.78471956897697 88.16471691609055 88.5297967323316 88.92280886611745 89.26110207089505 89.58561945994553 89.89992792587776 90.20111206184595 90.48963077643376 90.76593492479276 91.03308012878209 91.29115885215968 91.5378888671143 91.77370834554064 92.00122419689217 92.21847545433303 92.4039721770938 92.60483290704295 92.79823734464749 92.96350812947738 93.14009737066743 93.30993920091132 93.45509468788173 93.60986668078253 93.74347730307773 93.88567339148095 94.00845628686274 94.12458927096354 94.2504074931456 94.35694479788447 94.45871352914199 94.56874016180879 94.6619365470605 94.75089177735023 94.83579126967139 94.9273862544774 95.00421689285332 95.07826390331466 95.14887742735446 95.21554081843097 95.28806842753045 95.34892538619174 95.40694452510598 95.46170378603951 95.51445470851382 95.56473735393708 95.61837688501159 95.66378920270488 95.7066388533007 95.74790675254904 95.78684255012328 95.82843494839084 95.86326349904786 95.89682117559326 95.93234415309058 95.96236987784768 95.99071456145799 96.0213631274473 96.04673911736239 96.07422479583532 96.09719916127221 96.12162913253975 96.14244765495212 96.16437872769686 96.1830551666239 96.2029453781152 96.22165831186317 96.23943866681859 96.25440855557733 96.27040310302971 96.28546195569037 96.29978358846292 96.3134038885355 96.3262319300225 96.3383184376198 96.34993739742633 96.36077654642945 96.37120240991733 96.38102903277853 96.39140984479296 96.40027390247225 96.40863153130105 96.41659483573353 96.42501987177764 96.43220976238355 96.43899131478405 96.44624246485064 96.45236814778508 96.45826683437137 96.46445101230249 96.46977900370847 96.47480421169621 96.47964309458706 96.48476220582099 96.48913055611726 96.49333433057859 96.49729755883631 96.50152800080997 96.50517585249408 96.5086135688911 96.51191971011085 96.5150973899017 96.51809079879311 96.52099593065896 96.52373148690965 96.52635914446452 96.52888164466235 96.53127884496966 96.53331683092418 96.53551450519467 96.53760195689634 96.53960346403031 96.54130728757129 96.54312118042326 96.54468150442332 96.54633992418883 96.54776723606831 96.54928184696874 96.55057276342819 96.55195521341847 96.55312217857222 96.55424647058224 96.55544846974641 96.5564741083789 96.55744137733961 96.55848481383775 96.55936676100885 96.56020696943942 96.56101546533174 96.56177764577758 96.56259841924093 96.56328568107308 96.56394700107506 96.56457670592054 96.56517033539689 96.56580959812969 96.56635025718339 96.56685994132862 96.56735038483605 96.56781272986773 96.56830621068372 96.56872331266928 96.56912067128837 96.5694992209347 96.56989965496481 96.57023789240971 96.57056028015191 96.57090494429048 96.57119311272768 96.57149889904352 96.57175951741944 96.57203606917135 96.60276906449255 96.63351687535473 96.69472572128659 96.73561506341213 96.73582663265299 96.75633631247094 96.76669317511943 96.76687209834411 96.70604167906946 96.66553611886755 96.61485416195472 96.52348065902747 96.44228285530255 96.30007727676947 96.1477101508309 96.0258234502145 95.8022612821937 95.57869343898395 95.2941189537322 94.93837010848823 94.41995553769618 93.66768702279856 92.54940450688619 90.94311157490998 88.84879246667231 86.20545195279226 83.05376402266847 79.53605233152938 75.8048277753463 71.93126379911743 68.03735441116662 64.22477521322645 60.65620103144565 57.484130884619226 54.75940399467035 52.400687779746704 50.26563970789373 48.08992112010879 45.700692808473214 42.813278430704386 39.5801829747066 36.01157440739532 32.158285048861075 28.101652369122487 23.912845573418593 19.67320045736527 15.545390879972636 11.732757077478588 8.469141224578104 5.835880160401629 3.9448118355729282 2.6129299713948284 1.7385646455090313 1.2098785252126 0.8641991036569245 0.6303571019691852 0.48801847321407976 0.38634801884084397 0.30501163478499765 0.2541763948733497 0.2135082009757839 0.18300705081174307 0.16267295439510296 0.14233885012890649 0.13217180271058412 0.12200475278872376 0.11183770152257623 0.10167064664203655 0.10167065511520094 0.10167066318722456 0.10167067187964808 0.10167067915800057 0.09150361748259966 0.09150362348736164 0.08133655984839418 0.08133656461322251 0.09150364029653069 0.08133657352031899 0.07116950586684018 0.07116950924427252 0.0610024392824091 0.061002441937768624 0.06100244474661509 0.06100244711916535 0.06100244938052334 0.050835376480274024 0.050835378182852935 0.05083537997024234 0.06100245779232742 0.0610024597321137 0.07116953826309388 0.07116954029200175 0.0711695420022048 0.08133662153128399 0.08133662328297347 0.09150370331456356 0.10167078367714341 0.10167078576247707 0.11183786628877218 0.11183786835171745 0.12200494945309015 0.11183787217783542 0.12200495338216268 0.12200495520417907 0.12200495692042862 0.12200495855379223 0.12200496010827284 0.12200496173308337 0.13217204338023153 0.13217204479684805 0.14233912661919806 0.14233912815656788 0.15250621013050608 0.15250621147010765 0.16267329371902903 0.17284037593434282 0.19317453925547057 0.20334162188207391 0.23384286673031238 0.26434411211251724 0.3050124388992004 0.37618201016945874 0.467685745262396
69.47016977573794 69.47035654244833 70.42067964936241 71.24981328808987 72.14703682890296 73.0123898859024 73.86282269211563 74.67355295696726 75.46919771134382 76.2340112719267 76.96874229951707 77.68126436341049 78.37173595822497 79.04035825404881 79.68094336722511 80.36888543979711 80.9596766923333 81.53641806554563 82.08768669536087 82.67899155946085 83.19030396679725 83.67833575562159 84.15366562280157 84.66238372511242 85.10133946802182 85.52376853135137 85.9711131295875 86.36417903683427 86.73802723138085 87.09719929193294 87.48385166665813 87.81667057919564 88.13593659754294 88.44515889451952 88.74146924066548 89.02531911846296 89.29715208728331 89.55997432262731 89.81387679199577 90.05661419880104 90.2886176243993 90.51245179299173 90.72618747029098 90.90868246775656 91.10629285061103 91.2965675995401 91.45916395709173 91.63289561468544 91.79998904856717 91.94279561588829 92.09506307394251 92.22651159666701 92.36640665468498 92.4872026657844 92.60145637508836 92.72523859504624 92.83005190316804 92.93017380331001 93.03841997472928 93.13010824736926 93.21762399581303 93.30114963661887 93.39126242282475 93.46684978063364 93.53969855545486 93.60916940485257 93.67475404270756 93.74610800326171 93.80598016893322 93.8630604367219 93.91693357817987 93.96883088029918 94.01829984725724 94.07107137842937 94.11574882975572 94.15790508330296 94.19850518155079 94.23681091641164 94.27773026260523 94.31199521440215 94.34500985749102 94.37995799884824 94.40949784452258 94.437383851815 94.46753645984654 94.49250181312243 94.51954271577884 94.54214530788816 94.56617995107862 94.58666158621662 94.60823776829359 94.62661198334133 94.64618032957232 94.66459044887837 94.68208308046903 94.6968107250895 94.71254644728094 94.7273616161812 94.7414514949544 94.75485139005893 94.76747184698031 94.77936276958265 94.79079371029624 94.8014574591777 94.81171461036872 94.82138221790088 94.8315950466456 94.84031566531553 94.84853805021392 94.85637249171022 94.86466119303407 94.87173473615857 94.87840654884465 94.88554036012353 94.89156691668451 94.89737015017346 94.90345425515963 94.90869602851099 94.91363991811366 94.91840049774956 94.92343677104732 94.92773443229105 94.93187018088136 94.93576927580919 94.93993126037567 94.94352008218308 94.94690216913224 94.95015481006594 94.95328106834559 94.9562260376147 94.95908415836533 94.96177544758925 94.9643605841441 94.9668422650081 94.98965935534399 95.00189435118448 94.9733677919717 94.96519145340599 94.95693013683945 94.95860602784315 94.93992899208493 94.94146340539123 94.96355615925604 94.96496007173921 94.94598735478567 94.88586852171653 94.78491181648263 94.60188762375519 94.2346453045938 93.55028098582802 92.39505748285663 90.79977339000334 88.75430983329545 86.23797043602859 83.32248501948867 80.0385527316814 76.43731886810689 72.65188446405597 68.81512681735148 65.09085792245529 61.65303826210044 58.665401033711504 56.12800538217933 54.03054287598558 52.42422956740953 51.237448871356904 50.43950362343318 49.97926447085855 49.72364762260857 49.5601186091944 49.41704540940479 49.263748819240284 49.06948544890431 48.85474568787845 48.629782171966966 48.39455516087291 48.138868325034714 47.903624734544536 47.71955603785271 47.535464985995006 47.30021167737444 46.91143218458825 46.205411054586 45.09003020067053 43.493639950682656 41.31392224968121 38.65320110541589 35.58311262660478 32.14459113583162 28.450208148138 24.602298815174336 20.73391345468405 16.978089205616275 13.508806054113984 10.47957121434254 7.921091107540842 5.915239781603306 4.400615422902522 3.26464576040874 2.4868643605396503 1.9239955050165045 1.5146360182770378 1.2280843281548226 1.0131703312389493 0.8596602835378225 0.7368522242285735 0.6447461085593819 0.5833420728703367 0.5219379812346513 0.48100193389669677 0.45029992158338156 0.4195978874483864 0.40936398866139007 0.37866186225411747 0.35819382633392377 0.3479598602821828 0.3479599981444133 0.32749188650760386 0.3274920041479134 0.3274921172778311 0.31725810418832384 0.31725820388097564 0.3274924373797343 0.3274925304953469 0.33772675448554806 0.34796098940724757 0.3684293752377161 0.38889776648165314 0.41960031760045097 0.45030287758462595 0.4912395935064737 0.5424104922809035 0.6140497177708054 0.6754548123182923 0.7777965846898012 0.9108408711359531 1.0848218826333706 1.320207940132266 1.606764908110831 2.046834558566954 2.650651063356006 3.500087942150963 4.6360818867018 6.160974783100751 8.054298379154936 10.27511613945089 12.813193756958082 15.586657921862765 18.534103570307348 21.542954914996205 24.459698780387455 27.15129091626335 29.43351594402606 31.21426629045848 32.329794422311764 32.83127138172497 32.82103895740464 32.36050236029616 31.592939761846104 30.600224879854395 29.515402138781713 28.491984513838993 27.642547832233983 27.120605135466974 27.018264290408577 27.417398658416996 28.277071727044596 29.535878193903166 31.12217894794037 32.964334455819824 34.98047140082545 37.09895022676876 39.19696083790449 41.21309783124359 43.03478529868543 44.60061793587129 45.8184879748508 46.66792691720851 47.14893492838223 47.25127771192903 47.00565781087212 46.453012008099684 45.65474546438633 44.68249753451601 43.63861017816768 42.59472276632901 41.642943114936976 40.885613083223596 40.466011480288394 40.45577769723889 40.85491179147319 41.6531794860413 42.77894146953872 44.12985581332729 45.57287789438243 46.96472899692899 48.305409157571084 49.59491829346578 50.833256485795026 51.94878427296071 52.86986231661773 53.58625644602387
54.73027979329501 54.73042693262616 55.479114458557696 56.13232599064517 56.83918039425973 57.52092645998048 58.190917991305376 58.829630900392274 59.45645907950384 60.05899769853318 60.63783657056484 61.1991786839017 61.7431489044368 62.269905718830735 62.77457416269285 63.31655156443218 63.7819912006835 64.23636200222577 64.6706647604953 65.13650903235758 65.53933331226999 65.9238165579077 66.29829292249484 66.69907334616829 67.0448932959951 67.37769312797305 67.7301220208996 68.03978884840654 68.33431549709336 68.61727993249647 68.92189402398013 69.1840968120614 69.43562230234085 69.67923510603036 69.91267556259709 70.13629936085897 70.35045594761566 70.55751366062705 70.75754416629017 70.94877856565378 71.1315564750354 71.30789844618518 71.47628458167556 71.62005855407855 71.77574079263646 71.92564384138537 72.05374118404191 72.19061118536408 72.32225143350932 72.43475790083242 72.55471788667418 72.65827621178481 72.76848892166791 72.86365494050344 72.9536667757676 73.05118540215933 73.13375986106861 73.21263831531589 73.29791726695015 73.37015150549527 73.43909852857163 73.50490204835539 73.57589508058666 73.63544462904855 73.69283665560377 73.74756747081967 73.79923663459937 73.85545101032488 73.90261975036985 73.9475889657444 73.9900315294355 74.03091747911255 74.0698903276235 74.11146501609043 74.14666299271028 74.1798747087479 74.21186044800709 74.24203863230389 74.27427588281536 74.65970469295888 75.06549116165694 75.46253972824016 75.8027509439154 76.07848967678879 76.64131831635336 77.09462921156718 77.50761034062202 77.91715729880428 78.30693618893713 78.63050983747037 78.85995209768811 78.95988654661056 78.90215835422951 78.60005829079897 77.95840255693159 76.90142440523114 75.46379071328414 73.66494304566099 71.47314209864975 68.96243107180423 66.22800562278664 63.36522766895814 60.45905292616949 57.63648479791544 55.0250058127479 52.76240543226452 50.94484374627289 49.51836204993513 48.43063342505373 47.70302481079361 47.25122311580275 47.032046725611906 46.96111579384545 46.97525304135936 46.99945055064481 47.02354009348249 47.058379762479355 47.07158780064511 47.095258666584115 47.118840745363144 47.142561872568514 47.16591826383778 47.210419027398345 47.26541759699887 47.352388661869924 47.449693556007354 47.568128439226626 47.707733651034424 47.84728463125874 48.00798146169775 48.16864411327669 48.3186166327726 48.47915849595132 48.61842528727928 48.75763600248672 48.88605575589071 49.00394586155286 49.132401534679936 49.250202306898025 49.36785569648432 49.453718799081265 49.507603638182246 49.48721947388475 49.37115908872302 49.12772834487777 48.70367472558716 48.09915097938058 47.27152501320868 46.24211334504346 45.000348112085526 43.53548539043219 41.932525379889704 40.21276010393707 38.41856216857722 36.61369679840743 34.840645312303295 33.1737382122457 31.644872010753943 30.296463897197967 29.14979423431747 28.226105038979455 27.55725841216957 27.100805020325488 26.86732781657305 26.878089177473715 27.11185704304647 27.558012484750886 28.184716334972205 28.99193968933753 29.96908075264263 31.116141324212837 32.401276736534626 33.81384020594343 35.27950758871942 36.70271324058989 38.168386865148086 39.64469653013886 41.09975612670883 42.53359035247693 43.882451903610246 45.146365433744656 46.282824356928245 47.21751059105271 48.01413231230025 48.683296542411824 49.29936882432516 49.74551282740436 50.02172867299103 50.19173767206303 50.23429798619744 50.19188283104783 50.10699076426024 49.979613395002346 49.88409987171508 49.79919630663124 49.714289096227986 49.69310173025056 49.72501408229439 49.820646423716326 49.96938416667332 50.20307865114944 50.5004944814129 50.819153869865595 51.18028972314864 51.55204444437463 51.93442241353847 52.31679517983098 52.66730520697308 52.99657647016708 53.2727402771419 53.506421020333526 53.6763799441204 53.803852594238 53.89946239261482 53.99507370202489 54.058819493770244 54.143805691386866 54.23941153036801 54.36687827703517 54.536826800417074 54.73863831087529 54.951067834020286 55.20597912247437 55.48213099945668 55.747660161022594 55.98132852479977 56.225617052830145 56.4274224681235 56.618606796099165 56.76730800946667 56.88414552442635 56.95850131981107 57.02223481531957 57.064727761281034 57.06473760286125 57.054125336832946 57.032893026331415 57.001038730199966 56.95856341732896 56.90546795550102 56.852371331207294 56.78865449618432 56.73555720192087 56.67183895640017 56.608120486200534 56.565643643620625 56.59751057960056 56.71434259387766 56.9267603816532 57.21352320793202 57.56400927902203 57.88263320408344 58.12691235134619 58.27560573316506 58.33933315923432 58.371198422921665 58.424304906814086 58.44554956142586 58.5092763608339 58.72169246329375 59.17838391173066 59.93245437729182 60.96266197150885 62.24776568992832 63.68155907444378 65.03038680321828 66.09245652543844 66.80404370926757 67.20763148404022 67.34570206560836 67.18639385149197 66.68722370074121 65.85881268450214 64.80736714330482 63.64971489567503 62.555786569101265 61.79109910422285 61.66365205475731 62.215928418857274 63.46916948011129 65.29592710909428 67.4837877951873 69.83095866849861 72.15688819279553 74.29164552043999 76.00157571377362 77.1698513821424 77.79647230952345 77.84957653798111 77.33978473914723 76.30957969686958 74.76958190216526 72.88972231562077 70.8611732080805 68.84324465577339 67.04835031876831 65.63580045258914 64.74366379261438 64.32945774344415 64.35069949263503 64.77552706624434 65.62518186837528
29.416376700567508 29.41645578486981 29.818859616478143 30.16994710526153 30.549866511625098 30.916290713348776 31.276397099540826 31.61969188276094 31.956598873058027 32.2804507346043 32.591564479553604 32.893274083929356 33.185646660528384 33.468767392604406 33.74001608911401 34.03131756743592 34.281481603195544 34.52569637261362 34.759124989964064 35.00950650887202 35.22601610478112 35.43266777971228 35.63394096610487 35.84935203218233 36.03522299708689 36.21409592191613 36.403519055027196 36.56995847547266 36.728260367566925 36.88034781269088 37.044071493571494 37.18499998900891 37.32018966097477 37.45112642997133 37.576595775888336 37.69678887400016 37.81189354462738 37.92318271960885 38.030694918128845 38.13347939412701 38.23171868424609 38.32649879264411 38.41700280635362 38.494278298967885 38.57795423470772 38.65852397721983 38.72737361036913 38.800938363429154 38.871692233919525 38.93216209880101 38.996638073450576 39.05229849969797 39.11153551809722 39.162685255860886 39.211064728131824 39.263478943080024 39.307860981657115 39.35025649530074 39.396092141955165 39.4349165291088 39.47197410694062 39.50734211772903 39.545499382539624 39.577506015001944 39.60835302472185 39.63776968920084 39.665540780291316 39.69575482740699 39.72110703519571 39.74527704463806 39.76808903183035 39.79006437166057 39.81101145976649 39.83335698224091 39.852275155933015 39.870125756250154 39.88731741977988 39.903537560454595 39.920864406003666 40.24474152134786 40.46066187143285 40.610254434330464 40.71721779772969 40.836993884719206 41.36200530097918 41.83113812039749 42.28796156989055 42.770000181540794 43.266406473602636 43.788395647067304 44.311119470221904 44.77857750702373 45.1657939446813 45.377095423683215 45.33146618896184 44.9468531399086 44.170863200591555 42.93485047520186 41.15764848309449 38.9471830608689 36.30328489101581 33.347520985930046 30.147523569281223 26.824850023673086 23.501327427857706 20.271623668594138 17.217182365777678 14.405330249251552 11.863445929403953 9.686349947948717 7.833640629212493 6.318796121217268 5.1149312727424165 4.195100307845209 3.5051612568347292 2.977539136791861 2.5852110751345414 2.3011002971816916 2.1117079150299385 1.9764411503485333 1.8817801133087344 1.8412495128775963 1.8277905420153877 1.8684848499197964 1.9227281197913861 2.0175867557540306 2.1801546231765827 2.4375234519107716 2.7897020213750863 3.331495057141508 4.171265701454205 5.444468625023231 7.313664411056522 9.927881683031726 13.314256551581163 17.174805425577958 21.11682273589026 24.842264492892674 28.120834425854643 30.816968886898678 32.94429735944867 34.48911870018411 35.424428375986174 35.65524813560479 35.14101998981596 33.89514556308732 32.364773057585914 30.929120945783712 29.981139579233773 29.751198435309654 30.456012981682296 31.93307015705146 34.01985815127342 36.499536029044776 39.08763092750137 41.60801374492476 43.83034415882948 45.659819268298286 46.94729964290562 47.67927240349798 47.8150751793605 47.314046181273994 46.31170688209436 44.916374450150556 43.29067083342749 41.67849132612033 40.24242909519068 39.13155863132017 38.413589988865375 38.21050070797391 38.508747765966326 39.3219033807378 40.52798930007995 42.032177366158955 43.72608654332132 45.54193226282104 47.39844792808014 49.119450380155975 50.61011656442976 51.8297626447993 52.67001428246933 53.04953747336211 52.98190788956303 52.50776012577829 51.70838137648154 50.651548599584316 49.40499937459605 48.022936213315326 46.69506617056873 45.448490441918715 44.37805687325624 43.57863599952962 43.0773228710963 42.90122549761727 43.063884484512286 43.565306863771745 44.35129173557466 45.408289341003254 46.69564796705559 48.10496802030482 49.6633413033124 51.221715189918996 52.7123401343262 54.053902989603515 55.205754993422154 56.08659579918733 56.65576395605152 56.92681403244644 56.89974922654924 56.56101073505769 55.97835631268053 55.15178814806925 54.20325755102901 53.227623197100996 52.29264181218268 51.466062549650566 50.85629522801736 50.43623827560411 50.2058919764792 50.1788076143323 50.38208875902518 50.82928303380284 51.506841525169826 52.441866187354904 53.64790669215019 55.16561888462974 57.02210327801275 59.095402000786244 61.1687011190322 62.93033000500467 64.32608348015526 65.41016782380365 66.23678359331882 66.81948430110971 67.1311665619942 67.09052371272048 66.61625258401003 65.73545253967521 64.5565318503554 63.55377327926454 63.20145698128683 63.635094145478945 64.65141955563783 65.73549944154153 66.48080633226608 66.751831546747 66.61632817516124 66.31821343766396 65.96589469673518 65.55937260234562 64.96313657606598 63.98747430797764 62.60528392683878 60.93852409786706 59.461476407842106 58.56711836303296 58.37740848150572 58.91944904222887 59.989975457277936 61.575437301385655 63.79779300919513 66.67059389507752 70.03122818097239 73.66288128945787 77.1319236141874 79.9911736373483 82.07802062626384 83.41956581089259 84.08356437882946 84.13777038382348 83.54153151935684 82.15933783833643 79.95053698872812 77.09129063125638 73.83906703949648 70.57329226010793 67.78180013930006 65.60009999915636 64.01464121303268 62.93056711626761 62.22591924361437 61.87359575935954 61.8464948013431 62.23947296636018 63.120284989886414 64.5295837165203 66.64353148766624 69.36727156649738 72.578845573788 76.00723468634071 79.3543182618308 82.34907726718319 84.73404388263734 86.52276909115992 87.63394708041194 88.09467979523086 87.89141634898903 86.92929997755242 85.27608553104729 83.09438417951209 80.6416639165065 78.18894365200349
50.0 50.0 50.0 50.0 50.0 50.0 50.0 50.0 50.0 50.0 50.0 50.0 50.0 50.0 50.0 50.0 50.0 50.0 50.0 50.0 50.0 50.0 50.0 50.0 50.0 50.0 50.0 50.0 50.0 50.0 50.0 50.0 50.0 50.0 50.0 50.0 50.0 50.0 50.0 50.0 50.0 50.0 50.0 50.0 50.0 50.0 50.0 50.0 50.0 50.0 50.0 50.0 50.0 50.0 50.0 50.0 50.0 50.0 50.0 50.0 50.0 50.0 50.0 50.0 50.0 50.0 50.0 50.0 50.0 50.0 50.0 50.0 50.0 50.0 50.0 50.0 50.0 50.0 50.0 50.0 50.0 50.0 50.0 50.0 50.0 50.0 50.0 50.0 50.0 50.0 50.0 50.0 50.0 50.0 50.0 50.0 50.0 50.0 50.0 50.0 50.0 50.0 50.0 50.0 50.0 50.0 50.0 50.0 50.0 50.0 50.0 50.0 50.0 50.0 50.0 50.0 50.0 50.0 50.0 50.0 50.0 50.0 50.0 50.0 50.0 50.0 50.0 50.0 50.0 50.0 50.0 50.0 50.0 50.0 50.0 50.0 50.0 50.0 50.0 50.0 50.0 50.0 50.0 50.0 50.0 50.0 50.0 50.0 50.0 50.0 50.0 50.0 50.0 50.0 50.0 50.0 50.0 50.0 50.0 50.0 50.0 50.0 50.0 50.0 50.0 50.0 50.0 50.0 50.0 50.0 50.0 50.0 50.0 50.0 50.0 50.0 50.0 50.0 50.0 50.0 50.0 50.0 50.0 50.0 50.0 50.0 50.0 50.0 50.0 50.0 50.0 50.0 50.0 50.0 50.0 50.0 50.0 50.0 50.0 50.0 50.0 50.0 50.0 50.0 50.0 50.0 50.0 50.0 50.0 50.0 50.0 50.0 50.0 50.0 50.0 50.0 50.0 50.0 50.0 50.0 50.0 50.0 50.0 50.0 50.0 50.0 50.0 50.0 50.0 50.0 50.0 50.0 50.0 50.0 50.0 50.0 50.0 50.0 50.0 50.0 50.0 50.0 50.0 50.0 50.0 50.0 50.0 50.0 50.0 50.0 50.0 50.0 50.0 50.0 50.0 50.0 50.0 50.0 50.0 50.0 50.0 50.0 50.0 50.0 50.0 50.0 50.0 50.0 50.0 50.0 50.0 50.0 50.0 50.0 50.0 50.0 50.0 50.0 50.0 50.0 50.0 50.0 50.0 50.0 50.0 50.0 50.0 50.0 50.0 50.0 50.0 50.0 50.0 50.0 50.0 50.0 50.0 50.0 50.0 50.0 50.0 50.0
50.0 50.0 50.0 50.0 50.0 50.0 50.0 50.0 50.0 50.0 50.0 50.0 50.0 50.0 50.0 50.0 50.0 50.0 50.0 50.0 50.0 50.0 50.0 50.0 50.0 50.0 50.0 50.0 50.0 50.0 50.0 50.0 50.0 50.0 50.0 50.0 50.0 50.0 50.0 50.0 50.0 50.0 50.0 50.0 50.0 50.0 50.0 50.0 50.0 50.0 50.0 50.0 50.0 50.0 50.0 50.0 50.0 50.0 50.0 50.0 50.0 50.0 50.0 50.0 50.0 50.0 50.0 50.0 50.0 50.0 50.0 50.0 50.0 50.0 50.0 50.0 50.0 50.0 50.0 50.0 50.0 50.0 50.0 50.0 50.0 50.0 50.0 50.0 50.0 50.0 50.0 50.0 50.0 50.0 50.0 50.0 50.0 50.0 50.0 50.0 50.0 50.0 50.0 50.0 50.0 50.0 50.0 50.0 50.0 50.0 50.0 50.0 50.0 50.0 50.0 50.0 50.0 50.0 50.0 50.0 50.0 50.0 50.0 50.0 50.0 50.0 50.0 50.0 50.0 50.0 50.0 50.0 50.0 50.0 50.0 50.0 50.0 50.0 50.0 50.0 50.0 50.0 50.0 50.0 50.0 50.0 50.0 50.0 50.0 50.0 50.0 50.0 50.0 50.0 50.0 50.0 50.0 50.0 50.0 50.0 50.0 50.0 50.0 50.0 50.0 50.0 50.0 50.0 50.0 50.0 50.0 50.0 50.0 50.0 50.0 50.0 50.0 50.0 50.0 50.0 50.0 50.0 50.0 50.0 50.0 50.0 50.0 50.0 50.0 50.0 50.0 50.0 50.0 50.0 50.0 50.0 50.0 50.0 50.0 50.0 50.0 50.0 50.0 50.0 50.0 50.0 50.0 50.0 50.0 50.0 50.0 50.0 50.0 50.0 50.0 50.0 50.0 50.0 50.0 50.0 50.0 50.0 50.0 50.0 50.0 50.0 50.0 50.0 50.0 50.0 50.0 50.0 50.0 50.0 50.0 50.0 50.0 50.0 50.0 50.0 50.0 50.0 50.0 50.0 50.0 50.0 50.0 50.0 50.0 50.0 50.0 50.0 50.0 50.0 50.0 50.0 50.0 50.0 50.0 50.0 50.0 50.0 50.0 50.0 50.0 50.0 50.0 50.0 50.0 50.0 50.0 50.0 50.0 50.0 50.0 50.0 50.0 50.0 50.0 50.0 50.0 50.0 50.0 50.0 50.0 50.0 50.0 50.0 50.0 50.0 50.0 50.0 50.0 50.0 50.0 50.0 50.0 50.0 50.0 50.0 50.0 50.0
50.0 50.0 50.0 50.0 50.0 50.0 50.0 50.0 50.0 50.0 50.0 50.0 50.0 50.0 50.0 50.0 50.0 50.0 50.0 50.0 50.0 50.0 50.0 50.0 50.0 50.0 50.0 50.0 50.0 50.0 50.0 50.0 50.0 50.0 50.0 50.0 50.0 50.0 50.0 50.0 50.0 50.0 50.0 50.0 50.0 50.0 50.0 50.0 50.0 50.0 50.0 50.0 50.0 50.0 50.0 50.0 50.0 50.0 50.0 50.0 50.0 50.0 50.0 50.0 50.0 50.0 50.0 50.0 50.0 50.0 50.0 50.0 50.0 50.0 50.0 50.0 50.0 50.0 50.0 50.0 50.0 50.0 50.0 50.0 50.0 50.0 50.0 50.0 50.0 50.0 50.0 50.0 50.0 50.0 50.0 50.0 50.0 50.0 50.0 50.0 50.0 50.0 50.0 50.0 50.0 50.0 50.0 50.0 50.0 50.0 50.0 50.0 50.0 50.0 50.0 50.0 50.0 50.0 50.0 50.0 50.0 50.0 50.0 50.0 50.0 50.0 50.0 50.0 50.0 50.0 50.0 50.0 50.0 50.0 50.0 50.0 50.0 50.0 50.0 50.0 50.0 50.0 50.0 50.0 50.0 50.0 50.0 50.0 50.0 50.0 50.0 50.0 50.0 50.0 50.0 50.0 50.0 50.0 50.0 50.0 50.0 50.0 50.0 50.0 50.0 50.0 50.0 50.0 50.0 50.0 50.0 50.0 50.0 50.0 50.0 50.0 50.0 50.0 50.0 50.0 50.0 50.0 50.0 50.0 50.0 50.0 50.0 50.0 50.0 50.0 50.0 50.0 50.0 50.0 50.0 50.0 50.0 50.0 50.0 50.0 50.0 50.0 50.0 50.0 50.0 50.0 50.0 50.0 50.0 50.0 50.0 50.0 50.0 50.0 50.0 50.0 50.0 50.0 50.0 50.0 50.0 50.0 50.0 50.0 50.0 50.0 50.0 50.0 50.0 50.0 50.0 50.0 50.0 50.0 50.0 50.0 50.0 50.0 50.0 50.0 50.0 50.0 50.0 50.0 50.0 50.0 50.0 50.0 50.0 50.0 50.0 50.0 50.0 50.0 50.0 50.0 50.0 50.0 50.0 50.0 50.0 50.0 50.0 50.0 50.0 50.0 50.0 50.0 50.0 50.0 50.0 50.0 50.0 50.0 50.0 50.0 50.0 50.0 50.0 50.0 50.0 50.0 50.0 50.0 50.0 50.0 50.0 50.0 50.0 50.0 50.0 50.0 50.0 50.0 50.0 50.0 50.0 50.0 50.0 50.0 50.0 50.0