4 302 9
300.00980000000004 300.01 301.04 301.96 302.98 303.99 305.01 306.01 307.02 308.02 309.01 310.0 310.99 311.98 312.96 314.05 315.02 316.0 316.97 318.05 319.02 319.98 320.95 322.03 323.0 323.97 325.04 326.02 326.99 327.96 329.05 330.03 331.01 332.0 332.99 333.98 334.97 335.97 336.98 337.99 339.0 340.02 341.04 341.95 342.98 344.02 344.95 345.99 347.04 347.98 349.03 349.98 351.04 352.0 352.95 354.03 354.99 355.95 357.04 358.01 358.98 359.95 361.05 362.02 363.0 363.98 364.95 366.06 367.04 368.02 368.99 369.97 370.95 372.05 373.03 374.0 374.98 375.95 377.04 378.0 378.97 380.05 381.01 381.96 383.04 383.98 385.05 385.99 387.04 387.98 389.02 389.95 390.99 392.02 393.05 393.96 394.98 395.99 397.0 398.01 399.01 400.0 401.0 401.98 402.97 403.95 405.04 406.02 406.99 407.96 409.04 410.01 410.97 412.05 413.01 413.98 415.05 416.02 416.98 417.95 419.03 420.0 420.98 421.95 423.04 424.03 425.01 426.0 427.0 427.99 429.0 430.0 431.01 432.03 433.05 433.96 434.99 436.02 437.06 437.99 439.03 439.97 441.02 441.97 443.03 443.98 445.05 446.0 446.96 448.04 449.01 449.97 451.06 452.03 453.0 453.98 454.95 456.05 457.02 458.0 458.98 459.95 461.05 462.03 463.0 463.98 464.95 466.04 467.01 467.98 468.95 470.03 470.99 471.95 473.03 473.98 475.04 475.99 477.05 477.99 479.04 479.97 481.01 482.05 482.96 483.99 485.01 486.03 487.05 488.06 488.95 489.95 490.95 492.05 493.04 494.02 495.0 495.98 496.95 498.03 499.0 499.97 501.04 502.01 502.97 504.04 505.0 505.96 507.03 507.99 508.96 510.03 511.0 511.97 513.05 514.02 515.0 515.98 516.96 517.95 519.05 520.05 521.05 522.05 522.95 523.96 524.98 526.0 527.03 528.06 528.98 530.02 530.95 532.0 533.05 533.99 535.05 536.0 536.95 538.02 538.98 540.06 541.02 541.98 542.95 544.03 545.0 545.97 546.94 548.04 549.01 549.98 550.96 552.05 553.02 553.99 554.97 556.06 557.02 557.99 558.96 560.04 561.0 561.96 563.03 563.99 565.05 566.0 567.06 568.0 569.05 569.98 571.03 571.95 572.99 574.02 575.04 575.95 576.96 577.98 578.98 579.98 580.98 581.97 582.96 583.95 585.04 586.02 586.99 587.96 589.04 590.0 590.97 592.03 592.99 593.95 595.02 595.97 597.04 597.99 598.95 600.02
0.0 13.54 26.89 39.77 51.58 60.9 70.0 80.0 90.0
71.04621016395508 71.04640116776291 72.01828385346005 72.86622769671244 73.78380616888882 74.6687911250516 75.53851734100292 76.36764030081241 77.18133551154482 77.96350007421718 78.7148996341819 79.44358638507431 80.14972241721287 80.83351346454663 81.48863126151679 82.19218038521053 82.79637466926383 83.38620033031759 83.9499753586079 84.55469490631351 85.07760724218844 85.57671080199597 86.0628242770298 86.58308345197726 87.03199759835246 87.46401013135127 87.92150344746943 88.32348667487035 88.70581620544317 89.0731366507707 89.46856084454765 89.8089302791267 90.1354393507316 90.45167684330286 90.75470945707075 91.04499891710968 91.32299884563508 91.59178361798111 91.85144626538978 92.09969055317852 92.33695734246406 92.56586954226188 92.7844541505615 92.9710893349243 93.17318282103754 93.3677742527981 93.53405936521106 93.71173239951312 93.88261661152673 94.02866297110008 94.18438485663707 94.31881549645519 94.46188429454403 94.58542075370688 94.70226648863779 94.82885690351769 94.93604806687371 95.03844139025932 95.14914329683194 95.24291166257191 95.33241284382228 95.4178333955487 95.50999053245954 95.58729270871683 95.66179417291137 95.73284107811558 95.79991360693788 95.87288634464566 95.93411680484175 95.99249202854743 96.04758736720244 96.10066204148657 96.1512532899957 96.20522202659778 96.25091305638466 96.2940256910437 96.33554686656555 96.37472162744773 96.41656929355862 96.45161159983884 96.48537523218569 96.52111622725911 96.55132623093068 96.57984487628777 96.61068154379724 96.63621327549419 96.66386764368347 96.68698301124962 96.7115629182347 96.7325092115749 96.75457488337798 96.77336594647879 96.79337823151243 96.81220601341629 96.8300954929486 96.84515725741967 96.86124996929159 96.87640124366878 96.89081077356828 96.90451466643113 96.9174214383261 96.92958212526521 96.94127239490082 96.95217806774735 96.96266791859347 96.9725548510528 96.982999373928 96.99191783358893 97.00032675625928 97.0083389344195 97.01681567800802 97.02404969561658 97.030872868898 97.03816852193908 97.04433180044235 97.0502666894374 97.05648882194265 97.0618495131912 97.06690556272832 97.07177414362293 97.076924672725 97.08131983319345 97.08554940776455 97.08953695981151 97.09379336556326 97.09746360545462 97.10092242038135 97.10424885260556 97.10744603498586 97.11045781552842 97.11338077725686 97.11613312262224 97.11877690707782 97.12131488878698 97.12372680159413 97.12577729541789 97.12798845762354 97.13008872078395 97.13210251190323 97.13381679243585 97.13564181781528 97.13721171809753 97.13888031619501 97.14031638801238 97.14184029463689 97.14313913392537 97.1445300685196 97.14570419576765 97.1468353879712 97.14804476424625 97.1490766976002 97.15004990304622 97.15109974349787 97.15198710350307 97.15283246860176 97.15364592653069 97.15441278475821 97.15523859561013 97.15593007542088 97.15659545418691 97.1572290237626 97.15782629656132 97.15846948268461 97.15901345996174 97.159526272226 97.1600197257656 97.16048490837875 97.16098141786799 97.16140107976182 97.16180087711689 97.1621817500616 97.16258464170261 97.16292495503508 97.16324932138942 97.16359610085856 97.16388603789142 97.16419370093033 97.16445591881707 97.16473416786877 97.16496887830088 97.16521833763255 97.16542861238658 97.16565246401828 97.1658649737885 97.16604206841042 97.16623303179298 97.16641269377351 97.16658342333716 97.1667456645559 97.16689836575468 97.16702667945619 97.16716420178099 97.16729501742412 97.16743155827353 97.16754818657606 97.16765808866664 97.16776273559451 97.16786237863396 97.16795631218751 97.1680556755423 97.16814045824464 97.16822122724582 97.16830589493465 97.16837883197208 97.16844761680227 97.16852049128812 97.16858263726458 97.16864187076845 97.16870462603377 97.16875814252091 97.1688096695062 97.1688636836453 97.16891021413439 97.16895454178776 97.21978485466742 97.25029495112538 97.27064686742513 97.3011536532081 97.36212880696631 97.41294595896369 97.4434515684318 97.4739523202998 97.44351131480518 97.38259872125062 97.24042841755772 97.01700592732462 96.7427986864418 96.42796319924012 96.11312663175514 95.79828882170494 95.55454491269765 95.38189940381487 95.29050490644246 95.28036548773845 95.26006843927112 95.20929872332462 95.10774629098844 94.89446742153063 94.62024742781836 94.32571472511174 94.09212053561454 93.92962430014062 93.57414793188683 92.43660111330622 90.08024335058025 86.00739417063089 80.54306748210485 73.93102611120354 66.72989148431458 59.163112804950075 51.31194288198313 43.227166231023865 34.908782914893536 26.67165268785449 19.125180865711716 12.756892463046174 8.13556641053373 5.007283979872525 3.148596566784397 2.011039189382785 1.3406928512805294 0.9445790978042548 0.680503247465377 0.5179950284667418 0.4062706265179911 0.32501651209984855 0.2640759253661271 0.23360563328578812 0.20313533975138734 0.19297857794003 0.18282181589192972 0.17266505249151679 0.16250828889402444 0.15235152411923522 0.15235152765101434 0.15235153097241877 0.1421947651574309 0.14219476763679276 0.132038000955433 0.12188123380928578 0.12188123582088331 0.11172446792317631 0.1117244695916644 0.11172447116329787 0.10156770241729965 0.1015677037113866 0.09141093455762012 0.10156770621879217 0.1015677073073922 0.10156770834445503 0.09141093849731652 0.09141093933126576 0.08125416900818815 0.08125416974955936 0.08125417038791118 0.08125417099634587 0.08125417164095457 0.07109740066193858 0.07109740117178631 0.07109740160215185 0.060940630300088665 0.06094063067660501
70.84189413879645 70.84208459331195 71.81117232053342 72.65667763096033 73.57161731373789 74.4540572135472 75.32128225451663 76.14802080695063 76.95937597771801 77.73929117685506 78.4885298478569 79.21512102770922 79.91922634058808 80.60105092878901 81.25428472569808 81.95581056961204 82.55826730039885 83.14639672974194 83.7085504432204 84.31153092709646 84.83293946185763 85.33060769027668 85.8153231910517 86.33408619489542 86.78170934553962 87.21247948878454 87.66865713703427 88.06948433352217 88.4507143536523 88.81697845194634 89.21126547740229 89.5506560711706 89.8762261618568 90.19155421270924 90.49371535959668 90.78316999975594 91.06037045086714 91.32838224691812 91.58729815160993 91.8348285338148 92.07141298681277 92.29966687660834 92.51762287518726 92.70372133058258 92.90523363245394 93.09926545452137 93.26507236108588 93.4422344399399 93.61262721992806 93.75825357663837 93.91352763425307 94.04757167591312 94.19022903406616 94.31341022476022 94.4299199325327 94.55614629632063 94.66302919731643 94.7651280560601 94.87551160401125 94.96901030892444 95.05825410099727 95.14342899869717 95.23532110838335 95.31240097759073 95.38668818907568 95.45753077625594 95.52441041664048 95.59717329797903 95.65822767046801 95.7164350176093 95.77137191205493 95.82429395319423 95.87473971044099 95.92855324273702 95.97411287340255 96.01710152393734 96.05850329208303 96.09756539345231 96.13929271325927 96.17423424421713 96.20790077847613 96.24353898892484 96.27366211410063 96.30209874500193 96.33284673184399 96.35830503890753 96.38587987814553 96.40892877010363 96.43343798973068 96.4543240453272 96.47632626025701 96.49506328366573 96.51501801699432 96.53379165360946 96.55162968624064 96.56664813580664 96.58269456795561 96.59780227001346 96.6121703607163 96.62583484366677 96.6387044980248 96.65083021303207 96.66248686357076 96.67336117367856 96.68382085761465 96.69367935704797 96.70409384336818 96.71298665515536 96.72137139528802 96.72936053187584 96.73781289788599 96.7450261117709 96.75182966284247 96.75910433490755 96.76524988893878 96.77116771026861 96.77737194904839 96.7827172239204 96.78775873317532 96.79261331291359 96.79774903002735 96.80213155081081 96.80634896189193 96.81032504646186 96.81456921156203 96.81822889650859 96.82167776451041 96.82499463051838 96.82818261838155 96.83118573758908 96.8341002934093 96.8368447235282 96.8394809049388 96.84201158787252 96.84441656445553 96.84646116143065 96.84866596473452 96.85076018791868 96.85276818773966 96.85447753831212 96.85629731524932 96.85786270078286 96.85952650029459 96.86095844222966 96.86247796637488 96.86377307043695 96.86516000495537 96.86633075562624 96.867458694726 96.86866459305405 96.86969355875468 96.87066396543821 96.87171078673897 96.87259559485761 96.87343852883949 96.87424964741082 96.87501430029306 96.87583773626262 96.87652722750275 96.87719069276004 96.87782244030444 96.87841799545484 96.8790593318914 96.87960174478846 96.88011308229758 96.88060511675421 96.88106896158648 96.88156404320439 96.88198249822668 96.882381145837 96.88276092346015 96.88316265645781 96.88350199111082 96.8838254246463 96.88417120684053 96.88446031006704 96.8847670883228 96.88502855211841 96.88530600097627 96.88554003642372 96.88578877835556 96.8859984483975 96.88622165627247 96.88643355490312 96.88661014023299 96.88680055443947 96.8869796997447 96.88714993832107 96.88731171296347 96.88746397502126 96.88759191971582 96.88772904655134 96.8878594859924 96.88799563417507 96.88811192707573 96.88822151310781 96.88832585909007 96.8884252155742 96.88851887899187 96.88861795659568 96.88870249547831 96.8887830322025 96.8888674564024 96.88894018368613 96.9804230781715 97.0414387289938 97.07197227185691 97.11266010878691 97.17366586073538 97.22450526862433 97.24487119141149 97.25508243659786 97.21450023385337 97.12312979793084 96.97081861829041 96.73724277694258 96.45287918597806 96.16851354768215 95.89430318393592 95.62009130623382 95.3865099407251 95.21386701692013 95.07169422494881 95.0006206103541 94.90922865355026 94.77720930865917 94.6248744189734 94.42175204933079 94.18815692817518 93.80220187576812 93.20294134377404 92.21770625645773 90.6636617777674 88.34782360265753 84.98578610824316 80.64864835965011 75.31609846594576 69.06939155097467 62.050730444653084 54.564833796863326 46.87578879825332 39.16642778049334 31.70083869636807 24.702482368002972 18.415133583042604 13.143510920883967 8.90792896908452 5.749017350843135 3.5753608978135194 2.26507258062146 1.4626478697723224 0.9750986463483703 0.6906949198223837 0.5078639468339626 0.3859766222049504 0.30471840295706853 0.2539320161006018 0.21330290562252688 0.1726737889364823 0.1625165146600273 0.14220195651739612 0.12188739691290824 0.11173011818231923 0.10157283847649975 0.10157284246566356 0.10157284586754216 0.09141556449499055 0.09141556723440485 0.0914155701412822 0.10157285843699701 0.09141557519938101 0.10157286377344 0.10157286639615286 0.11173015544202168 0.1015728709382957 0.11173016046794622 0.1117301627596042 0.1117301647077737 0.11173016676873232 0.1015728806791883 0.10157288235560515 0.10157288395026227 0.10157288546714709 0.10157288689597772 0.09141559943022293 0.09141560059496065 0.09141560181239501 0.08125831364599191 0.09141560383153094 0.08125831534660902 0.08125831622426005 0.08125831696558612 0.07110102796943323 0.07110102861816617 0.07110102917675251 0.06094373975070861 0.06094374023418982 0.060943740642299224 0.06094374107933387 0.06094374144823746 0.06094374180364269 0.060943742180178256
70.61283323924613 70.61302307794405 71.57897734707213 72.42174879204647 73.33373009956713 74.21331670924768 75.07773765596734 75.90180302357454 76.71053475029755 77.4879281637136 78.23474423879189 78.9589860513484 79.66081470296197 80.34043467261893 80.99155629673879 81.69081381986857 82.29132256094715 82.8775503266239 83.43788636657938 84.03891716723865 84.55863977435126 85.05469883726921 85.5378470540242 86.05493268430587 86.50110848571143 86.93048577240287 87.38518841121459 87.78471956897697 88.16471691609055 88.5297967323316 88.92280886611745 89.26110207089505 89.58561945994553 89.89992792587776 90.20111206184595 90.48963077643376 90.76593492479276 91.03308012878209 91.29115885215968 91.5378888671143 91.77370834554064 92.00122419689217 92.21847545433303 92.4039721770938 92.60483290704295 92.79823734464749 92.96350812947738 93.14009737066743 93.30993920091132 93.45509468788173 93.60986668078253 93.74347730307773 93.88567339148095 94.00845628686274 94.12458927096354 94.2504074931456 94.35694479788447 94.45871352914199 94.56874016180879 94.6619365470605 94.75089177735023 94.83579126967139 94.9273862544774 95.00421689285332 95.07826390331466 95.14887742735446 95.21554081843097 95.28806842753045 95.34892538619174 95.40694452510598 95.46170378603951 95.51445470851382 95.56473735393708 95.61837688501159 95.66378920270488 95.7066388533007 95.74790675254904 95.78684255012328 95.82843494839084 95.86326349904786 95.89682117559326 95.93234415309058 95.96236987784768 95.99071456145799 96.0213631274473 96.04673911736239 96.07422479583532 96.09719916127221 96.12162913253975 96.14244765495212 96.16437872769686 96.1830551666239 96.2029453781152 96.22165831186317 96.23943866681859 96.25440855557733 96.27040310302971 96.28546195569037 96.29978358846292 96.3134038885355 96.3262319300225 96.3383184376198 96.34993739742633 96.36077654642945 96.37120240991733 96.38102903277853 96.39140984479296 96.40027390247225 96.40863153130105 96.41659483573353 96.42501987177764 96.43220976238355 96.43899131478405 96.44624246485064 96.45236814778508 96.45826683437137 96.46445101230249 96.46977900370847 96.47480421169621 96.47964309458706 96.48476220582099 96.48913055611726 96.49333433057859 96.49729755883631 96.50152800080997 96.50517585249408 96.5086135688911 96.51191971011085 96.5150973899017 96.51809079879311 96.52099593065896 96.52373148690965 96.52635914446452 96.52888164466235 96.53127884496966 96.53331683092418 96.53551450519467 96.53760195689634 96.53960346403031 96.54130728757129 96.54312118042326 96.54468150442332 96.54633992418883 96.54776723606831 96.54928184696874 96.55057276342819 96.55195521341847 96.55312217857222 96.55424647058224 96.55544846974641 96.5564741083789 96.55744137733961 96.55848481383775 96.55936676100885 96.56020696943942 96.56101546533174 96.56177764577758 96.56259841924093 96.56328568107308 96.56394700107506 96.56457670592054 96.56517033539689 96.56580959812969 96.56635025718339 96.56685994132862 96.56735038483605 96.56781272986773 96.56830621068372 96.56872331266928 96.56912067128837 96.5694992209347 96.56989965496481 96.57023789240971 96.57056028015191 96.60140422998717 96.63219186614135 96.6934967921679 96.73442381390105 96.73470083147336 96.75526764752428 96.76568265330104 96.76589206342193 96.7051151322308 96.66465997091588 96.61400272957984 96.52269226776464 96.4415369536554 96.29937203365705 96.14703145520933 96.02518126482819 95.80163874552515 95.57810469351668 95.29356253327283 94.93785739541705 94.4194624014973 93.66722203044152 92.54896780928316 90.94269647296858 88.84840612316114 86.20510423216604 83.05343919344854 79.53575650416023 75.80456566825363 71.93102262292099 68.03713698172966 64.22458407775699 60.65602559247145 57.483972135435614 54.75926315505957 52.400556580267896 50.26551981228297 48.089814092983225 45.70059574219375 42.813191649007955 39.58010817356499 36.01150805933649 32.15822843613195 28.10160509958175 23.912807140588153 19.67317083381898 15.545369076484317 11.732741367810835 8.469130399232645 5.835873026846205 3.9448071201331905 2.6129270478436672 1.738562790510259 1.209877317796872 0.8641982815925756 0.630356530426602 0.4880180491321081 0.386347699002007 0.3050113929107395 0.254176206957919 0.21350805066698209 0.18300692745527988 0.1626728500382501 0.1423387628996656 0.13217172533414187 0.12200468627187651 0.11183764216273188 0.10167059649693934 0.10167060723493321 0.10167061746968008 0.10167062732393647 0.10167063774779658 0.09150358197783288 0.09150358960368084 0.08133653054977966 0.08133653750371847 0.0915036112422005 0.08133654887342193 0.07116948493461463 0.0711694898673449 0.06100242345991688 0.061002426864353795 0.06100243014023924 0.061002433600148724 0.06100243649509073 0.05083536606867425 0.05083536828147386 0.05083537062217924 0.06100244711916535 0.06100244938052334 0.07116952707238364 0.07116952945599411 0.07116953195833928 0.0813366103897699 0.0813366129761516 0.09150369205254925 0.10167077184571677 0.10167077428886398 0.11183785460551549 0.11183785701408852 0.12200493775275144 0.11183786204485775 0.12200494291497248 0.12200494504229693 0.12200494729278268 0.12200494945309015 0.12200495146672954 0.12200495338216268 0.13217203480452736 0.13217203666379768 0.1423391183127576 0.14233912012631833 0.1525062021663542 0.15250620390026712 0.16267328590381297 0.17284036803759764 0.19317453106962784 0.20334161350734148 0.23384285758749843 0.26434410229342215 0.30501242811942847 0.37618199749749526 0.46768573032877 0.6100248697312496 0.8337006612779388 1.2200497555968015 1.8809100508472938 2.9281194485993485
69.47016977573794 69.47035654244833 70.42067964936241 71.24981328808987 72.14703682890296 73.0123898859024 73.86282269211563 74.67355295696726 75.46919771134382 76.2340112719267 76.96874229951707 77.68126436341049 78.37173595822497 79.04035825404881 79.68094336722511 80.36888543979711 80.9596766923333 81.53641806554563 82.08768669536087 82.67899155946085 83.19030396679725 83.67833575562159 84.15366562280157 84.66238372511242 85.10133946802182 85.52376853135137 85.9711131295875 86.36417903683427 86.73802723138085 87.09719929193294 87.48385166665813 87.81667057919564 88.13593659754294 88.44515889451952 88.74146924066548 89.02531911846296 89.29715208728331 89.55997432262731 89.81387679199577 90.05661419880104 90.2886176243993 90.51245179299173 90.72618747029098 90.90868246775656 91.10629285061103 91.2965675995401 91.45916395709173 91.63289561468544 91.79998904856717 91.94279561588829 92.09506307394251 92.22651159666701 92.36640665468498 92.4872026657844 92.60145637508836 92.72523859504624 92.83005190316804 92.93017380331001 93.03841997472928 93.13010824736926 93.21762399581303 93.30114963661887 93.39126242282475 93.46684978063364 93.53969855545486 93.60916940485257 93.67475404270756 93.74610800326171 93.80598016893322 93.8630604367219 93.91693357817987 93.96883088029918 94.01829984725724 94.07107137842937 94.11574882975572 94.15790508330296 94.19850518155079 94.23681091641164 94.27773026260523 94.31199521440215 94.34500985749102 94.37995799884824 94.40949784452258 94.437383851815 94.46753645984654 94.49250181312243 94.51954271577884 94.54214530788816 94.56617995107862 94.58666158621662 94.60823776829359 94.62661198334133 94.64618032957232 94.66459044887837 94.68208308046903 94.6968107250895 94.71254644728094 94.7273616161812 94.7414514949544 94.75485139005893 94.76747184698031 94.77936276958265 94.79079371029624 94.8014574591777 94.81171461036872 94.82138221790088 94.8315950466456 94.84031566531553 94.84853805021392 94.85637249171022 94.86466119303407 94.87173473615857 94.87840654884465 94.88554036012353 94.89156691668451 94.89737015017346 94.90345425515963 94.90869602851099 94.91363991811366 94.91840049774956 94.92343677104732 94.92773443229105 94.93187018088136 94.93576927580919 94.93993126037567 94.94352008218308 94.94690216913224 94.95015481006594 94.95328106834559 94.97668192430957 94.989768911971 94.96177544758925 94.95413176460681 94.94638409131895 94.94874199184824 94.93028745332096 94.93244863307812 94.95496144247703 94.95693013683945 94.93814522068351 94.87854541730557 94.77777122710607 94.59524243142441 94.22832172599851 93.54430629146611 92.38941047564161 90.79461436306855 88.74938062388627 86.23339746222766 83.31837887647356 80.03478844196064 76.43388632221377 72.64878946465274 68.81233402732465 65.08833687940162 61.65076453699572 58.66333990239047 56.126138913429145 54.02882819265662 52.422648190023324 51.23597719142521 50.438123442379904 49.977972340303346 49.722425726214766 49.558958382776574 49.41594579584232 49.262684204343145 49.06850391846166 48.85381637175001 48.62888367352711 48.393706303805196 48.13807113537729 47.90286994500961 47.718826799869554 47.53479338989616 47.29956311134586 46.91083596980424 46.2048420586346 45.08950544773301 43.49315956737971 41.31349081383829 38.65280963376742 35.58277170250179 32.14429978672405 28.449957426564186 24.602097866790597 20.733753094935818 16.977964868431787 13.5087106970066 10.479501130824934 7.921039635168444 5.915203344919733 4.400589727796865 3.2646281297442132 2.486851372153552 1.92398595376961 1.5146288714139955 1.2280787226704712 1.0131659256440917 0.8596568159890149 0.7368493423467464 0.6447437104827931 0.5833400558735408 0.5219362312443072 0.48100039674140066 0.4502985814730172 0.41959667382435956 0.40936285815462237 0.37866088834670786 0.3581929294975401 0.3479590303144312 0.34795922373768634 0.32749119092911205 0.3274913403278854 0.3274914983624446 0.3172575196690489 0.317257645366965 0.32749188650760386 0.3274920041479134 0.3377262459427633 0.3479605013678391 0.3684288819262943 0.3888972693884345 0.41959980469716307 0.4503023393140641 0.49123904386905526 0.5424099135444155 0.6140491049710313 0.675454169795848 0.7777958794643538 0.9108400796265869 1.084820984561807 1.3202068932072317 1.6067637202116956 2.04683311760474 2.6506492766765373 3.500085696798233 4.636079045580748 6.160971176323058 8.054293987960964 10.275110685750695 12.813187437347972 15.586650581560356 18.534095236205083 21.542945474105643 24.459688818015568 27.15128038115798 29.433505044830802 31.214255046624743 32.32978364678053 32.83126095710584 32.82102901185697 32.36049284249318 31.592931160211585 30.600216942928828 29.51539484566547 28.49197769174135 27.642541706249183 27.12059940683258 27.018258756794513 27.41739331823724 28.277066527204433 29.53587302622261 31.1221736667755 32.96432927250229 34.9804660748299 37.0989449911461 39.19695546869338 41.213092608798384 43.03478000208703 44.600612745698456 45.818482804205175 46.66792204199595 47.148930148631536 47.251273180506686 47.005653551963476 46.4530080227491 45.654741661769116 44.68249400853414 43.63860692303776 42.59471974936855 41.642940264586386 40.88561043044685 40.46600899026026 40.45577533637356 40.854909486589484 41.653177310836455 42.77893934615134 44.12985369322294 45.57287581224507 46.96472700678118 48.305407168087214 49.59491635439825 50.83325459758736 51.948782436982974 52.86986053565813 53.58625473496656 54.15937012154786 54.67108035979807 55.27489831723026 56.2164447745221 57.60829593863032
54.73027979329501 54.73042693262616 55.479114458557696 56.13232599064517 56.83918039425973 57.52092645998048 58.190917991305376 58.829630900392274 59.45645907950384 60.05899769853318 60.63783657056484 61.1991786839017 61.7431489044368 62.269905718830735 62.77457416269285 63.31655156443218 63.7819912006835 64.23636200222577 64.6706647604953 65.13650903235758 65.53933331226999 65.9238165579077 66.29829292249484 66.69907334616829 67.0448932959951 67.37769312797305 67.7301220208996 68.03978884840654 68.33431549709336 68.61727993249647 68.92189402398013 69.1840968120614 69.43562230234085 69.67923510603036 69.91267556259709 70.13629936085897 70.35045594761566 70.55751366062705 70.75754416629017 70.94877856565378 71.1315564750354 71.30789844618518 71.47628458167556 71.62005855407855 71.77574079263646 71.92564384138537 72.05374118404191 72.19061118536408 72.32225143350932 72.43475790083242 72.55471788667418 72.65827621178481 72.76848892166791 72.86365494050344 72.9536667757676 73.05118540215933 73.13375986106861 73.21263831531589 73.29791726695015 73.37015150549527 73.43909852857163 73.50490204835539 73.57589508058666 73.63544462904855 73.69283665560377 73.74756747081967 73.79923663459937 73.85545101032488 73.90261975036985 73.9475889657444 73.9900315294355 74.03091747911255 74.0698903276235 74.11146501609043 74.50435120805535 74.91662147798917 75.3174571204022 75.66409811234944 75.94987319628974 76.51512802336849 76.97429333927141 77.39314853157694 77.80783554357347 78.20028465736803 78.53148034151556 78.76348130300815 78.87054405571749 78.81542915156412 78.51834800370209 77.87983534527454 76.82949604260483 75.39532100525653 73.60181223791562 71.4151579704634 68.90947041110257 66.17862427825258 63.320557274993334 60.41859494301302 57.60000294481493 54.99200462675589 52.732407548021726 50.91678384501134 49.4925054711072 48.40659359383669 47.6805664775718 47.22966625274623 47.01214773506455 46.94226229011191 46.95693420305669 46.98201887900122 47.00733215268259 47.04265147120956 47.05656521619066 47.081315929237796 47.10552017499742 47.12961620467915 47.153854383277896 47.19889432613705 47.25440011285552 47.341649945014716 47.43965656814176 47.558525457485025 47.69854653363802 47.83846037882149 47.99974314604161 48.16074912931366 48.31104878522079 48.47190647036133 48.61148261117236 48.75097476311691 48.8798162498103 48.9979644940418 49.12667955315583 49.24473251259577 49.36272750088467 49.448696571322245 49.50290284931131 49.48274061217442 49.36698442058112 49.123670603792036 48.69991587191622 48.095527446057375 47.26820448353034 46.23901028632016 44.997474114024634 43.532824585765724 41.93014287363663 40.210526780103606 38.41652493280534 36.61189247061606 34.839006723416595 33.1722484899406 31.643523926520327 30.29523434686313 29.148665229590602 28.225064078056125 27.556290224320612 27.099903815920825 26.86647516996525 26.877278399656653 27.111078316220677 27.55725841216957 28.1839876661222 28.991227248713216 29.968379161924467 31.115448936986354 32.40057652831405 33.81316383215957 35.278836501091305 36.70203511025263 38.16771737857369 39.64404000573051 41.09910854177169 42.532940365087676 43.88183191843675 45.14574640059669 46.282236131354175 47.216929131614336 48.01357352897583 48.68275883982317 49.29885399751652 49.74500901511059 50.02124941157405 50.19128274893408 50.233855289181484 50.19147287026296 50.10660322794486 49.979247374754955 49.88374774559459 49.79886326792385 49.71396604573316 49.69279563077017 49.72472373892923 49.82037736815316 49.96912318675623 50.20282942915396 50.50025619306292 50.818921910247475 51.18006717456598 51.551836502663626 51.934219294292525 52.31660059210094 52.66712310149707 52.996398779521 53.27257003151692 53.50626178310978 53.67622469323301 53.803704008575444 53.899323764749084 53.99493851056408 54.05869055051561 54.143685190962756 54.23929632822217 54.36676807641286 54.53672373326078 54.73853745990016 54.950971095966196 55.20588626098549 55.482041828332044 55.747576217213094 55.98125000710587 56.22554176909613 56.42735034199815 56.61853758769211 56.767240152536814 56.88408187797905 56.95844054671856 57.02217790915773 57.064673478792116 57.06468586246293 57.054075757509025 57.03284581155798 57.00099352837031 56.95852130723064 56.905427894310556 56.85233300969225 56.78861806551099 56.73552243277962 56.671805779389764 56.60808962352005 56.565613620401656 56.59748266507691 56.71431588510997 56.92673478379028 57.213498134927256 57.563985833350316 57.88261074475944 58.12689082702104 58.27558474144237 58.33931371471517 58.371179888838576 58.42428720287395 58.4455323715436 58.50926043083768 58.72167723236966 59.178369289031934 59.93244002711359 60.96264846130918 62.2477525414499 63.681546031815756 65.03037413702921 66.09244437176802 66.80403202104367 67.20762007948582 67.34569147615878 67.18638362194329 66.6872142894469 65.85880366314281 64.80735893103878 63.649707061850016 62.55577928948589 61.79109213105787 61.66364561300104 62.21592211168135 63.46916339338462 65.29592119301095 67.48378200554005 69.83095285222687 72.15688249875663 74.29163997881166 76.00157033062439 77.1698461000678 77.79646726186348 77.84957174759954 77.3397802258533 76.30957539176404 74.7695779975616 72.88971869764633 70.86116980373941 68.84324151045762 67.0483474775696 65.63579774934392 64.74366126125955 64.3294553539184 64.3506972183479 64.77552488423379 65.62517977290426 66.85717906405964 68.53524695698285 70.58503859185547 72.97469199412441 75.59800041092333
29.416376700567508 29.41645578486981 29.818859616478143 30.16994710526153 30.549866511625098 30.916290713348776 31.276397099540826 31.61969188276094 31.956598873058027 32.2804507346043 32.591564479553604 32.893274083929356 33.185646660528384 33.468767392604406 33.74001608911401 34.03131756743592 34.281481603195544 34.52569637261362 34.759124989964064 35.00950650887202 35.22601610478112 35.43266777971228 35.63394096610487 35.84935203218233 36.03522299708689 36.21409592191613 36.403519055027196 36.56995847547266 36.728260367566925 36.88034781269088 37.044071493571494 37.18499998900891 37.32018966097477 37.45112642997133 37.576595775888336 37.69678887400016 37.81189354462738 37.92318271960885 38.030694918128845 38.13347939412701 38.23171868424609 38.32649879264411 38.41700280635362 38.494278298967885 38.57795423470772 38.65852397721983 38.72737361036913 38.800938363429154 38.871692233919525 38.93216209880101 38.996638073450576 39.05229849969797 39.11153551809722 39.162685255860886 39.211064728131824 39.263478943080024 39.307860981657115 39.35025649530074 39.396092141955165 39.4349165291088 39.47197410694062 39.50734211772903 39.545499382539624 39.577506015001944 39.60835302472185 39.63776968920084 39.665540780291316 39.69575482740699 39.72110703519571 39.74527704463806 39.76808903183035 39.79006437166057 39.81101145976649 39.83335698224091 40.160999416150744 40.38042039375015 40.53217805842907 40.642740849718656 40.76795583664639 41.293902563682465 41.76584451244681 42.2255114883973 42.70999168465561 43.207479017869126 43.73324729869003 44.256912882533946 44.72791089859638 45.11614773248282 45.32992274244965 45.285780710784024 44.904812910139604 44.130786150683434 42.89805533658015 41.124258453001815 38.91727302847424 36.27621620606806 33.32401208436066 30.127349452391485 26.80787084388032 23.487232532890406 20.260098306639126 17.207699317020243 14.397808341383186 11.857557192924041 9.681789665331484 7.830066780597736 6.316122674641143 5.112877778607593 4.193464353609151 3.503861224188153 2.9765128470237454 2.5843470217398252 2.3003659163127272 2.1110827355608146 1.9758824073276853 1.8812633637003116 1.840778566587946 1.8273443536442846 1.8680493094495605 1.9222920777362447 2.01715997757555 2.1797144968624482 2.437054056020517 2.789187529590421 3.3309233624555 4.170582018605647 5.443615891409851 7.3125703557323165 9.926463988679311 13.312437565732123 17.172613342350424 21.1142452398289 24.839371351625296 28.117711287822463 30.813767705846537 32.94095173107697 34.485843929170365 35.42122227312668 35.652233241256944 35.138117491259415 33.8925296025249 32.36233486831886 30.926948368021584 29.979127706722416 29.74929834141706 30.45415156907286 31.931255796036005 34.01796876691323 36.497600554205064 39.08570468391091 41.60605688022524 43.82837588377661 45.65787414169312 46.94539433579812 47.67742573098001 47.813311789592795 47.31238386480141 46.31016684244616 44.914949009013604 43.28936496992784 41.67729420564265 40.24132793768148 39.13054695011366 38.41264602297943 38.20960618161675 38.50789088063523 39.32105361422335 40.527178624057704 42.03137782908656 43.72527864703256 45.54113344173569 47.39766299993826 49.11867643356397 50.609343153644005 51.82903037750358 52.6692920873506 53.04886324712228 52.98125544452686 52.50714904609512 51.70781026210565 50.65101965214057 49.4044990109523 48.02247610245815 46.69464294024051 45.44808992052387 44.37769439904726 43.578298954662884 43.07700739902072 42.900922662803424 43.06359648909294 43.565023770234745 44.35101854056606 45.40802420290773 46.69539578799404 48.10471677785356 49.66309476072269 51.221473498463865 52.712099533423654 54.053667945613675 55.20553231400615 56.08637644049387 56.65555322990777 56.926617199049964 56.899558449071236 56.56082998098775 55.978189718879655 55.15162862978467 54.20310786236272 53.22748629718633 52.292510883226555 51.46593979074331 50.85618204415329 50.436131151232495 50.20579021009653 50.17871278323723 50.38199593459737 50.8291935519033 51.50675488596755 52.44178190255723 53.647825910111145 55.165541511025154 57.02202692781721 59.09532646442137 61.16862634876487 62.93025478109256 64.3260115070836 65.41009803302461 66.2367174913651 66.81942073946563 67.1311056943999 67.09046541189144 66.61619743563676 65.73540041145449 64.55648412299466 63.55372853769738 63.20141438015116 63.63505332272399 64.65137993543404 65.73546095845381 66.48077008700892 66.75179611702806 66.61629531924498 66.31818220609756 65.96586503430719 65.55934387189222 64.96311011674891 63.98744947988435 62.605260744178075 60.93850214692236 59.46145658931224 58.567099766741165 58.37739079177629 58.91943171296428 59.98995912413998 61.57542133027222 63.79777724506228 66.67057793152463 70.03121266104847 73.66286572978605 77.13190781678854 79.99115805719603 82.07800553302532 83.41955121557008 84.08355011057506 84.13775715398623 83.54151879963615 82.15932624352611 79.95052603708028 77.09128086239497 73.83905795159512 70.5732840474956 67.78179249008063 65.60009314617504 64.0146347235112 62.93056108119318 62.22591360568656 61.873590451028385 61.846489650103216 62.23946805492359 63.12028028156213 64.52957914592588 66.64352692609073 69.36726706574832 72.57884110773463 76.00723025081 79.35431378495232 82.34907296676448 84.73403967675488 86.52276493439811 87.63394307658503 88.09467606218614 87.89141272913447 86.92929657878115 85.27608236345644 83.0943812427843 80.64166120003365 78.18894115536027 75.993688896978 74.24561776968189 72.90407483460127 71.92840733806361 71.2508606104392
50.0 50.0 50.0 50.0 50.0 50.0 50.0 50.0 50.0 50.0 50.0 50.0 50.0 50.0 50.0 50.0 50.0 50.0 50.0 50.0 50.0 50.0 50.0 50.0 50.0 50.0 50.0 50.0 50.0 50.0 50.0 50.0 50.0 50.0 50.0 50.0 50.0 50.0 50.0 50.0 50.0 50.0 50.0 50.0 50.0 50.0 50.0 50.0 50.0 50.0 50.0 50.0 50.0 50.0 50.0 50.0 50.0 50.0 50.0 50.0 50.0 50.0 50.0 50.0 50.0 50.0 50.0 50.0 50.0 50.0 50.0 50.0 50.0 50.0 50.0 50.0 50.0 50.0 50.0 50.0 50.0 50.0 50.0 50.0 50.0 50.0 50.0 50.0 50.0 50.0 50.0 50.0 50.0 50.0 50.0 50.0 50.0 50.0 50.0 50.0 50.0 50.0 50.0 50.0 50.0 50.0 50.0 50.0 50.0 50.0 50.0 50.0 50.0 50.0 50.0 50.0 50.0 50.0 50.0 50.0 50.0 50.0 50.0 50.0 50.0 50.0 50.0 50.0 50.0 50.0 50.0 50.0 50.0 50.0 50.0 50.0 50.0 50.0 50.0 50.0 50.0 50.0 50.0 50.0 50.0 50.0 50.0 50.0 50.0 50.0 50.0 50.0 50.0 50.0 50.0 50.0 50.0 50.0 50.0 50.0 50.0 50.0 50.0 50.0 50.0 50.0 50.0 50.0 50.0 50.0 50.0 50.0 50.0 50.0 50.0 50.0 50.0 50.0 50.0 50.0 50.0 50.0 50.0 50.0 50.0 50.0 50.0 50.0 50.0 50.0 50.0 50.0 50.0 50.0 50.0 50.0 50.0 50.0 50.0 50.0 50.0 50.0 50.0 50.0 50.0 50.0 50.0 50.0 50.0 50.0 50.0 50.0 50.0 50.0 50.0 50.0 50.0 50.0 50.0 50.0 50.0 50.0 50.0 50.0 50.0 50.0 50.0 50.0 50.0 50.0 50.0 50.0 50.0 50.0 50.0 50.0 50.0 50.0 50.0 50.0 50.0 50.0 50.0 50.0 50.0 50.0 50.0 50.0 50.0 50.0 50.0 50.0 50.0 50.0 50.0 50.0 50.0 50.0 50.0 50.0 50.0 50.0 50.0 50.0 50.0 50.0 50.0 50.0 50.0 50.0 50.0 50.0 50.0 50.0 50.0 50.0 50.0 50.0 50.0 50.0 50.0 50.0 50.0 50.0 50.0 50.0 50.0 50.0 50.0 50.0 50.0 50.0 50.0 50.0 50.0 50.0 50.0 50.0 50.0 50.0 50.0 50.0
50.0 50.0 50.0 50.0 50.0 50.0 50.0 50.0 50.0 50.0 50.0 50.0 50.0 50.0 50.0 50.0 50.0 50.0 50.0 50.0 50.0 50.0 50.0 50.0 50.0 50.0 50.0 50.0 50.0 50.0 50.0 50.0 50.0 50.0 50.0 50.0 50.0 50.0 50.0 50.0 50.0 50.0 50.0 50.0 50.0 50.0 50.0 50.0 50.0 50.0 50.0 50.0 50.0 50.0 50.0 50.0 50.0 50.0 50.0 50.0 50.0 50.0 50.0 50.0 50.0 50.0 50.0 50.0 50.0 50.0 50.0 50.0 50.0 50.0 50.0 50.0 50.0 50.0 50.0 50.0 50.0 50.0 50.0 50.0 50.0 50.0 50.0 50.0 50.0 50.0 50.0 50.0 50.0 50.0 50.0 50.0 50.0 50.0 50.0 50.0 50.0 50.0 50.0 50.0 50.0 50.0 50.0 50.0 50.0 50.0 50.0 50.0 50.0 50.0 50.0 50.0 50.0 50.0 50.0 50.0 50.0 50.0 50.0 50.0 50.0 50.0 50.0 50.0 50.0 50.0 50.0 50.0 50.0 50.0 50.0 50.0 50.0 50.0 50.0 50.0 50.0 50.0 50.0 50.0 50.0 50.0 50.0 50.0 50.0 50.0 50.0 50.0 50.0 50.0 50.0 50.0 50.0 50.0 50.0 50.0 50.0 50.0 50.0 50.0 50.0 50.0 50.0 50.0 50.0 50.0 50.0 50.0 50.0 50.0 50.0 50.0 50.0 50.0 50.0 50.0 50.0 50.0 50.0 50.0 50.0 50.0 50.0 50.0 50.0 50.0 50.0 50.0 50.0 50.0 50.0 50.0 50.0 50.0 50.0 50.0 50.0 50.0 50.0 50.0 50.0 50.0 50.0 50.0 50.0 50.0 50.0 50.0 50.0 50.0 50.0 50.0 50.0 50.0 50.0 50.0 50.0 50.0 50.0 50.0 50.0 50.0 50.0 50.0 50.0 50.0 50.0 50.0 50.0 50.0 50.0 50.0 50.0 50.0 50.0 50.0 50.0 50.0 50.0 50.0 50.0 50.0 50.0 50.0 50.0 50.0 50.0 50.0 50.0 50.0 50.0 50.0 50.0 50.0 50.0 50.0 50.0 50.0 50.0 50.0 50.0 50.0 50.0 50.0 50.0 50.0 50.0 50.0 50.0 50.0 50.0 50.0 50.0 50.0 50.0 50.0 50.0 50.0 50.0 50.0 50.0 50.0 50.0 50.0 50.0 50.0 50.0 50.0 50.0 50.0 50.0 50.0 50.0 50.0 50.0 50.0 50.0 50.0
50.0 50.0 50.0 50.0 50.0 50.0 50.0 50.0 50.0 50.0 50.0 50.0 50.0 50.0 50.0 50.0 50.0 50.0 50.0 50.0 50.0 50.0 50.0 50.0 50.0 50.0 50.0 50.0 50.0 50.0 50.0 50.0 50.0 50.0 50.0 50.0 50.0 50.0 50.0 50.0 50.0 50.0 50.0 50.0 50.0 50.0 50.0 50.0 50.0 50.0 50.0 50.0 50.0 50.0 50.0 50.0 50.0 50.0 50.0 50.0 50.0 50.0 50.0 50.0 50.0 50.0 50.0 50.0 50.0 50.0 50.0 50.0 50.0 50.0 50.0 50.0 50.0 50.0 50.0 50.0 50.0 50.0 50.0 50.0 50.0 50.0 50.0 50.0 50.0 50.0 50.0 50.0 50.0 50.0 50.0 50.0 50.0 50.0 50.0 50.0 50.0 50.0 50.0 50.0 50.0 50.0 50.0 50.0 50.0 50.0 50.0 50.0 50.0 50.0 50.0 50.0 50.0 50.0 50.0 50.0 50.0 50.0 50.0 50.0 50.0 50.0 50.0 50.0 50.0 50.0 50.0 50.0 50.0 50.0 50.0 50.0 50.0 50.0 50.0 50.0 50.0 50.0 50.0 50.0 50.0 50.0 50.0 50.0 50.0 50.0 50.0 50.0 50.0 50.0 50.0 50.0 50.0 50.0 50.0 50.0 50.0 50.0 50.0 50.0 50.0 50.0 50.0 50.0 50.0 50.0 50.0 50.0 50.0 50.0 50.0 50.0 50.0 50.0 50.0 50.0 50.0 50.0 50.0 50.0 50.0 50.0 50.0 50.0 50.0 50.0 50.0 50.0 50.0 50.0 50.0 50.0 50.0 50.0 50.0 50.0 50.0 50.0 50.0 50.0 50.0 50.0 50.0 50.0 50.0 50.0 50.0 50.0 50.0 50.0 50.0 50.0 50.0 50.0 50.0 50.0 50.0 50.0 50.0 50.0 50.0 50.0 50.0 50.0 50.0 50.0 50.0 50.0 50.0 50.0 50.0 50.0 50.0 50.0 50.0 50.0 50.0 50.0 50.0 50.0 50.0 50.0 50.0 50.0 50.0 50.0 50.0 50.0 50.0 50.0 50.0 50.0 50.0 50.0 50.0 50.0 50.0 50.0 50.0 50.0 50.0 50.0 50.0 50.0 50.0 50.0 50.0 50.0 50.0 50.0 50.0 50.0 50.0 50.0 50.0 50.0 50.0 50.0 50.0 50.0 50.0 50.0 50.0 50.0 50.0 50.0 50.0 50.0 50.0 50.0 50.0 50.0 50.0 50.0 50.0 50.0 50.0 50.0