4 302 9
300.00980000000004 300.01 301.04 301.96 302.98 303.99 305.01 306.01 307.02 308.02 309.01 310.0 310.99 311.98 312.96 314.05 315.02 316.0 316.97 318.05 319.02 319.98 320.95 322.03 323.0 323.97 325.04 326.02 326.99 327.96 329.05 330.03 331.01 332.0 332.99 333.98 334.97 335.97 336.98 337.99 339.0 340.02 341.04 341.95 342.98 344.02 344.95 345.99 347.04 347.98 349.03 349.98 351.04 352.0 352.95 354.03 354.99 355.95 357.04 358.01 358.98 359.95 361.05 362.02 363.0 363.98 364.95 366.06 367.04 368.02 368.99 369.97 370.95 372.05 373.03 374.0 374.98 375.95 377.04 378.0 378.97 380.05 381.01 381.96 383.04 383.98 385.05 385.99 387.04 387.98 389.02 389.95 390.99 392.02 393.05 393.96 394.98 395.99 397.0 398.01 399.01 400.0 401.0 401.98 402.97 403.95 405.04 406.02 406.99 407.96 409.04 410.01 410.97 412.05 413.01 413.98 415.05 416.02 416.98 417.95 419.03 420.0 420.98 421.95 423.04 424.03 425.01 426.0 427.0 427.99 429.0 430.0 431.01 432.03 433.05 433.96 434.99 436.02 437.06 437.99 439.03 439.97 441.02 441.97 443.03 443.98 445.05 446.0 446.96 448.04 449.01 449.97 451.06 452.03 453.0 453.98 454.95 456.05 457.02 458.0 458.98 459.95 461.05 462.03 463.0 463.98 464.95 466.04 467.01 467.98 468.95 470.03 470.99 471.95 473.03 473.98 475.04 475.99 477.05 477.99 479.04 479.97 481.01 482.05 482.96 483.99 485.01 486.03 487.05 488.06 488.95 489.95 490.95 492.05 493.04 494.02 495.0 495.98 496.95 498.03 499.0 499.97 501.04 502.01 502.97 504.04 505.0 505.96 507.03 507.99 508.96 510.03 511.0 511.97 513.05 514.02 515.0 515.98 516.96 517.95 519.05 520.05 521.05 522.05 522.95 523.96 524.98 526.0 527.03 528.06 528.98 530.02 530.95 532.0 533.05 533.99 535.05 536.0 536.95 538.02 538.98 540.06 541.02 541.98 542.95 544.03 545.0 545.97 546.94 548.04 549.01 549.98 550.96 552.05 553.02 553.99 554.97 556.06 557.02 557.99 558.96 560.04 561.0 561.96 563.03 563.99 565.05 566.0 567.06 568.0 569.05 569.98 571.03 571.95 572.99 574.02 575.04 575.95 576.96 577.98 578.98 579.98 580.98 581.97 582.96 583.95 585.04 586.02 586.99 587.96 589.04 590.0 590.97 592.03 592.99 593.95 595.02 595.97 597.04 597.99 598.95 600.02
0.0 13.54 26.89 39.77 51.58 60.9 70.0 80.0 90.0
71.04621016395508 71.04640116776291 72.01828385346005 72.86622769671244 73.78380616888882 74.6687911250516 75.53851734100292 76.36764030081241 77.18133551154482 77.96350007421718 78.7148996341819 79.44358638507431 80.14972241721287 80.83351346454663 81.48863126151679 82.19218038521053 82.79637466926383 83.38620033031759 83.9499753586079 84.55469490631351 85.07760724218844 85.57671080199597 86.0628242770298 86.58308345197726 87.03199759835246 87.46401013135127 87.92150344746943 88.32348667487035 88.70581620544317 89.0731366507707 89.46856084454765 89.8089302791267 90.1354393507316 90.45167684330286 90.75470945707075 91.04499891710968 91.32299884563508 91.59178361798111 91.85144626538978 92.09969055317852 92.33695734246406 92.56586954226188 92.7844541505615 92.9710893349243 93.17318282103754 93.3677742527981 93.53405936521106 93.71173239951312 93.88261661152673 94.02866297110008 94.18438485663707 94.31881549645519 94.46188429454403 94.58542075370688 94.70226648863779 94.82885690351769 94.93604806687371 95.03844139025932 95.14914329683194 95.24291166257191 95.33241284382228 95.4178333955487 95.50999053245954 95.58729270871683 95.66179417291137 95.73284107811558 95.79991360693788 95.87288634464566 95.93411680484175 95.99249202854743 96.04758736720244 96.10066204148657 96.1512532899957 96.20522202659778 96.25091305638466 96.2940256910437 96.33554686656555 96.37472162744773 96.41656929355862 96.45161159983884 96.48537523218569 96.52111622725911 96.55132623093068 96.57984487628777 96.61068154379724 96.63621327549419 96.66386764368347 96.68698301124962 96.7115629182347 96.7325092115749 96.75457488337798 96.77336594647879 96.79337823151243 96.81220601341629 96.8300954929486 96.84515725741967 96.86124996929159 96.87640124366878 96.89081077356828 96.90451466643113 96.9174214383261 96.92958212526521 96.94127239490082 96.95217806774735 96.96266791859347 96.9725548510528 96.982999373928 96.99191783358893 97.00032675625928 97.0083389344195 97.01681567800802 97.02404969561658 97.030872868898 97.03816852193908 97.04433180044235 97.0502666894374 97.05648882194265 97.0618495131912 97.06690556272832 97.07177414362293 97.076924672725 97.08131983319345 97.08554940776455 97.08953695981151 97.09379336556326 97.09746360545462 97.10092242038135 97.10424885260556 97.10744603498586 97.11045781552842 97.11338077725686 97.11613312262224 97.11877690707782 97.12131488878698 97.12372680159413 97.12577729541789 97.12798845762354 97.13008872078395 97.13210251190323 97.13381679243585 97.13564181781528 97.13721171809753 97.13888031619501 97.14031638801238 97.14184029463689 97.14313913392537 97.1445300685196 97.14570419576765 97.1468353879712 97.14804476424625 97.1490766976002 97.15004990304622 97.15109974349787 97.15198710350307 97.15283246860176 97.15364592653069 97.15441278475821 97.15523859561013 97.15593007542088 97.15659545418691 97.1572290237626 97.15782629656132 97.15846948268461 97.15901345996174 97.159526272226 97.1600197257656 97.16048490837875 97.16098141786799 97.16140107976182 97.16180087711689 97.1621817500616 97.16258464170261 97.16292495503508 97.16324932138942 97.16359610085856 97.16388603789142 97.16419370093033 97.16445591881707 97.16473416786877 97.16496887830088 97.16521833763255 97.16542861238658 97.16565246401828 97.1658649737885 97.16604206841042 97.16623303179298 97.16641269377351 97.16658342333716 97.1667456645559 97.16689836575468 97.16702667945619 97.16716420178099 97.16729501742412 97.16743155827353 97.16754818657606 97.16765808866664 97.16776273559451 97.16786237863396 97.16795631218751 97.1680556755423 97.16814045824464 97.16822122724582 97.16830589493465 97.16837883197208 97.16844761680227 97.16852049128812 97.16858263726458 97.16864187076845 97.16870462603377 97.16875814252091 97.1688096695062 97.1688636836453 97.16891021413439 97.16895454178776 97.16900143173875 97.16904144098346 97.16907993950677 97.16911659710252 97.16915150179916 97.16918506823124 97.16922046645686 97.16925100013633 97.16928004468848 97.16930767273725 97.16933138403749 97.16935675321552 97.1693811058466 97.1694042476438 97.16942644890642 97.22023119183203 97.25071933876275 97.27105213399372 97.3015387980941 97.36249691562317 97.41329740921731 97.44378194490893 97.47426753039471 97.44381038661723 97.38288238921452 97.2407012790158 97.01726417920877 96.74304405913057 96.42819499243825 96.11334538349816 95.79849535265225 95.55474307478688 95.38208659829088 95.2906837443758 95.28053455317428 95.26022918414195 95.20945221213574 95.10789111543876 94.89460540408797 94.62037945165743 94.32583892717193 94.0922386764807 93.92973553634947 93.57425417153259 92.43670114291871 90.08033621533293 86.00747776245093 80.54314242567462 73.93109161642508 66.72994778483321 59.163159986682444 51.3119818477636 43.227197629162966 34.908807026228416 26.67167010935716 19.125192750582972 12.756900042236875 8.135571002688526 5.007286651547128 3.148598165130861 2.011040164993389 1.3406934725572852 0.9445795114029338 0.6805035308332223 0.5179952345174679 0.40627077936428596 0.3250166288556888 0.26407601509114403 0.2336057091462074 0.20313540211508704 0.1929786345928693 0.18282186668049583 0.17266509860883802 0.16250832995006745 0.15235156096108826 0.15235156251668253 0.1523515641621942 0.14219479451530231 0.14219479576432928 0.13203802584303398 0.12188125558186677 0.1218812564945188 0.11172448600631253 0.1117244867544749 0.11172448755566418 0.10156771657450264 0.10156771716681445 0.09141094601490751
70.84189413879645 70.84208459331195 71.81117232053342 72.65667763096033 73.57161731373789 74.4540572135472 75.32128225451663 76.14802080695063 76.95937597771801 77.73929117685506 78.4885298478569 79.21512102770922 79.91922634058808 80.60105092878901 81.25428472569808 81.95581056961204 82.55826730039885 83.14639672974194 83.7085504432204 84.31153092709646 84.83293946185763 85.33060769027668 85.8153231910517 86.33408619489542 86.78170934553962 87.21247948878454 87.66865713703427 88.06948433352217 88.4507143536523 88.81697845194634 89.21126547740229 89.5506560711706 89.8762261618568 90.19155421270924 90.49371535959668 90.78316999975594 91.06037045086714 91.32838224691812 91.58729815160993 91.8348285338148 92.07141298681277 92.29966687660834 92.51762287518726 92.70372133058258 92.90523363245394 93.09926545452137 93.26507236108588 93.4422344399399 93.61262721992806 93.75825357663837 93.91352763425307 94.04757167591312 94.19022903406616 94.31341022476022 94.4299199325327 94.55614629632063 94.66302919731643 94.7651280560601 94.87551160401125 94.96901030892444 95.05825410099727 95.14342899869717 95.23532110838335 95.31240097759073 95.38668818907568 95.45753077625594 95.52441041664048 95.59717329797903 95.65822767046801 95.7164350176093 95.77137191205493 95.82429395319423 95.87473971044099 95.92855324273702 95.97411287340255 96.01710152393734 96.05850329208303 96.09756539345231 96.13929271325927 96.17423424421713 96.20790077847613 96.24353898892484 96.27366211410063 96.30209874500193 96.33284673184399 96.35830503890753 96.38587987814553 96.40892877010363 96.43343798973068 96.4543240453272 96.47632626025701 96.49506328366573 96.51501801699432 96.53379165360946 96.55162968624064 96.56664813580664 96.58269456795561 96.59780227001346 96.6121703607163 96.62583484366677 96.6387044980248 96.65083021303207 96.66248686357076 96.67336117367856 96.68382085761465 96.69367935704797 96.70409384336818 96.71298665515536 96.72137139528802 96.72936053187584 96.73781289788599 96.7450261117709 96.75182966284247 96.75910433490755 96.76524988893878 96.77116771026861 96.77737194904839 96.7827172239204 96.78775873317532 96.79261331291359 96.79774903002735 96.80213155081081 96.80634896189193 96.81032504646186 96.81456921156203 96.81822889650859 96.82167776451041 96.82499463051838 96.82818261838155 96.83118573758908 96.8341002934093 96.8368447235282 96.8394809049388 96.84201158787252 96.84441656445553 96.84646116143065 96.84866596473452 96.85076018791868 96.85276818773966 96.85447753831212 96.85629731524932 96.85786270078286 96.85952650029459 96.86095844222966 96.86247796637488 96.86377307043695 96.86516000495537 96.86633075562624 96.867458694726 96.86866459305405 96.86969355875468 96.87066396543821 96.87171078673897 96.87259559485761 96.87343852883949 96.87424964741082 96.87501430029306 96.87583773626262 96.87652722750275 96.87719069276004 96.87782244030444 96.87841799545484 96.8790593318914 96.87960174478846 96.88011308229758 96.88060511675421 96.88106896158648 96.88156404320439 96.88198249822668 96.882381145837 96.88276092346015 96.88316265645781 96.88350199111082 96.8838254246463 96.88417120684053 96.88446031006704 96.8847670883228 96.88502855211841 96.88530600097627 96.88554003642372 96.88578877835556 96.8859984483975 96.88622165627247 96.88643355490312 96.88661014023299 96.88680055443947 96.8869796997447 96.88714993832107 96.88731171296347 96.88746397502126 96.88759191971582 96.88772904655134 96.8878594859924 96.88799563417507 96.88811192707573 96.88822151310781 96.88832585909007 96.8884252155742 96.88851887899187 96.88861795659568 96.88870249547831 96.8887830322025 96.8888674564024 96.88894018368613 96.88900877070361 96.88908143561564 96.88914340287153 96.8892024660306 96.88926504082313 96.88931840340656 96.88936978220957 96.88942364101379 96.88947003768962 96.8895142378647 96.8895609929687 96.88960088715407 96.88963927496259 96.88967582713774 96.8897106314548 96.98115910260469 97.04213778870064 97.07263997020542 97.11329791503586 97.17426893822919 97.22507883901787 97.24541870336543 97.25560031791224 97.21499449915501 97.12360148249876 96.97126381244811 96.73766492568699 96.45328104541497 96.16889420926525 95.8946657430087 95.62043628815599 95.38683334325871 95.21417491837836 95.07198601722396 95.00089733980035 94.90949497354633 94.77746159837523 94.62511441988485 94.42197902000562 94.18837129872186 93.80240410336374 93.20313462908138 92.21788724095593 90.66383193220112 88.34798036699429 84.98592951596304 80.64877837494612 75.31621315284548 69.06949198223836 62.05081702417356 54.564905644341934 46.875847654895715 39.166474163356824 31.700874687995544 24.702509099619114 18.415152567414342 13.143523695250755 8.907937257718377 5.74902244465388 3.575363914372791 2.2650743869842973 1.462648980492607 0.9750993546132326 0.69069539688217 0.5078642785626789 0.3859768620605886 0.30471858399793667 0.2539321594336 0.21330301943192098 0.17267387659221534 0.16251659350127312 0.14220202241374974 0.12188745028320458 0.1117301647077737 0.10157287888066574 0.1015728806791883 0.10157288235560515 0.09141559555523604 0.09141559692043237 0.09141559820637994 0.10157288825580327 0.09141560059496065 0.10157289090266113 0.10157289205748989 0.11173018246076004 0.10157289418326128 0.11173018480835757 0.1117301858276809 0.11173018680910936 0.11173018782854682 0.10157289882393217 0.10157289958451436 0.10157290039031637 0.10157290107049871 0.1015729017988898 0.09141561217235619 0.09141561270546403 0.09141561327026738
70.61283323924613 70.61302307794405 71.57897734707213 72.42174879204647 73.33373009956713 74.21331670924768 75.07773765596734 75.90180302357454 76.71053475029755 77.4879281637136 78.23474423879189 78.9589860513484 79.66081470296197 80.34043467261893 80.99155629673879 81.69081381986857 82.29132256094715 82.8775503266239 83.43788636657938 84.03891716723865 84.55863977435126 85.05469883726921 85.5378470540242 86.05493268430587 86.50110848571143 86.93048577240287 87.38518841121459 87.78471956897697 88.16471691609055 88.5297967323316 88.92280886611745 89.26110207089505 89.58561945994553 89.89992792587776 90.20111206184595 90.48963077643376 90.76593492479276 91.03308012878209 91.29115885215968 91.5378888671143 91.77370834554064 92.00122419689217 92.21847545433303 92.4039721770938 92.60483290704295 92.79823734464749 92.96350812947738 93.14009737066743 93.30993920091132 93.45509468788173 93.60986668078253 93.74347730307773 93.88567339148095 94.00845628686274 94.12458927096354 94.2504074931456 94.35694479788447 94.45871352914199 94.56874016180879 94.6619365470605 94.75089177735023 94.83579126967139 94.9273862544774 95.00421689285332 95.07826390331466 95.14887742735446 95.21554081843097 95.28806842753045 95.34892538619174 95.40694452510598 95.46170378603951 95.51445470851382 95.56473735393708 95.61837688501159 95.66378920270488 95.7066388533007 95.74790675254904 95.78684255012328 95.82843494839084 95.86326349904786 95.89682117559326 95.93234415309058 95.96236987784768 95.99071456145799 96.0213631274473 96.04673911736239 96.07422479583532 96.09719916127221 96.12162913253975 96.14244765495212 96.16437872769686 96.1830551666239 96.2029453781152 96.22165831186317 96.23943866681859 96.25440855557733 96.27040310302971 96.28546195569037 96.29978358846292 96.3134038885355 96.3262319300225 96.3383184376198 96.34993739742633 96.36077654642945 96.37120240991733 96.38102903277853 96.39140984479296 96.40027390247225 96.40863153130105 96.41659483573353 96.42501987177764 96.43220976238355 96.43899131478405 96.44624246485064 96.45236814778508 96.45826683437137 96.46445101230249 96.46977900370847 96.47480421169621 96.47964309458706 96.48476220582099 96.48913055611726 96.49333433057859 96.49729755883631 96.50152800080997 96.50517585249408 96.5086135688911 96.51191971011085 96.5150973899017 96.51809079879311 96.52099593065896 96.52373148690965 96.52635914446452 96.52888164466235 96.53127884496966 96.53331683092418 96.53551450519467 96.53760195689634 96.53960346403031 96.54130728757129 96.54312118042326 96.54468150442332 96.54633992418883 96.54776723606831 96.54928184696874 96.55057276342819 96.55195521341847 96.55312217857222 96.55424647058224 96.55544846974641 96.5564741083789 96.55744137733961 96.55848481383775 96.55936676100885 96.56020696943942 96.56101546533174 96.56177764577758 96.56259841924093 96.56328568107308 96.56394700107506 96.56457670592054 96.56517033539689 96.56580959812969 96.56635025718339 96.56685994132862 96.56735038483605 96.56781272986773 96.56830621068372 96.56872331266928 96.56912067128837 96.5694992209347 96.56989965496481 96.57023789240971 96.57056028015191 96.57090494429048 96.57119311272768 96.57149889904352 96.57175951741944 96.57203606917135 96.57226934788619 96.57251728553335 96.57272627762605 96.57294876377841 96.57315997725388 96.57333599161095 96.5735257901302 96.57370435618517 96.57387404431041 96.57403529586904 96.60468738786633 96.63531532168275 96.69645290288662 96.73725034717711 96.7373862837217 96.75783608000968 96.76811237227206 96.76821658890003 96.70731457248486 96.66674052168624 96.61600489660029 96.5245870611581 96.44333199520183 96.30107913220203 96.1486474833871 96.0267123120796 95.80311156636127 95.57949993208585 95.29488341447436 94.93910125175387 94.42063813755296 93.66833212592294 92.55001642461445 90.94367717773594 88.84931888403719 86.20594328375482 83.05420929890451 79.53645939167254 75.80519812680228 71.93159460869948 68.03765334362615 64.22504673391198 60.65644280793713 57.48434967258268 54.759603001034236 52.40086571434656 50.26580281921825 48.09007017025453 45.700828096612945 42.81339957395689 39.58028988630261 36.01166520887348 32.15836241956179 28.10171633350947 23.91289755060102 19.673241811457636 15.545421782173499 11.732779309008786 8.469156392530103 5.83589002629211 3.94481818945734 2.612934003256554 1.7385672000976626 1.2098802260957051 0.8642002484922806 0.6303578894084061 0.48801906118942356 0.3863484572397389 0.3050119653456028 0.2541766579680614 0.21350841094726097 0.183007222484401 0.16267309774684385 0.14233896986922925 0.13217190975364054 0.12200484691983376 0.11183778258464863 0.10167071690039874 0.10167072266691454 0.1016707274918179 0.1016707321373485 0.10167073656294771 0.09150366711992262 0.09150367067874801 0.08133659917403113 0.08133660236843844 0.09150368072913527 0.08133660795238774 0.07116953409104866 0.07116953635413266 0.06100246136836618 0.06100246310743006 0.06100246457331839 0.06100246614846299 0.0610024674622301 0.0508353907303131 0.050835391838571706 0.050835392881238534 0.06100247252114847 0.06100247364639134 0.07116955384763592 0.07116955502225891 0.0711695561395949 0.08133663680278606 0.08133663794695242 0.09150371891534416 0.10167080009022737 0.10167080144423614 0.1118378828601959 0.11183788405887142 0.12200496567359834 0.1118378864087319 0.12200496810440488 0.12200496917608614 0.12200497028927175 0.1220049712477714 0.12200497216134983 0.12200497312924434 0.13217205510843744 0.13217205605625862 0.1423391381529602 0.14233913898303846 0.15250622128121608
69.47016977573794 69.47035654244833 70.42067964936241 71.24981328808987 72.14703682890296 73.0123898859024 73.86282269211563 74.67355295696726 75.46919771134382 76.2340112719267 76.96874229951707 77.68126436341049 78.37173595822497 79.04035825404881 79.68094336722511 80.36888543979711 80.9596766923333 81.53641806554563 82.08768669536087 82.67899155946085 83.19030396679725 83.67833575562159 84.15366562280157 84.66238372511242 85.10133946802182 85.52376853135137 85.9711131295875 86.36417903683427 86.73802723138085 87.09719929193294 87.48385166665813 87.81667057919564 88.13593659754294 88.44515889451952 88.74146924066548 89.02531911846296 89.29715208728331 89.55997432262731 89.81387679199577 90.05661419880104 90.2886176243993 90.51245179299173 90.72618747029098 90.90868246775656 91.10629285061103 91.2965675995401 91.45916395709173 91.63289561468544 91.79998904856717 91.94279561588829 92.09506307394251 92.22651159666701 92.36640665468498 92.4872026657844 92.60145637508836 92.72523859504624 92.83005190316804 92.93017380331001 93.03841997472928 93.13010824736926 93.21762399581303 93.30114963661887 93.39126242282475 93.46684978063364 93.53969855545486 93.60916940485257 93.67475404270756 93.74610800326171 93.80598016893322 93.8630604367219 93.91693357817987 93.96883088029918 94.01829984725724 94.07107137842937 94.11574882975572 94.15790508330296 94.19850518155079 94.23681091641164 94.27773026260523 94.31199521440215 94.34500985749102 94.37995799884824 94.40949784452258 94.437383851815 94.46753645984654 94.49250181312243 94.51954271577884 94.54214530788816 94.56617995107862 94.58666158621662 94.60823776829359 94.62661198334133 94.64618032957232 94.66459044887837 94.68208308046903 94.6968107250895 94.71254644728094 94.7273616161812 94.7414514949544 94.75485139005893 94.76747184698031 94.77936276958265 94.79079371029624 94.8014574591777 94.81171461036872 94.82138221790088 94.8315950466456 94.84031566531553 94.84853805021392 94.85637249171022 94.86466119303407 94.87173473615857 94.87840654884465 94.88554036012353 94.89156691668451 94.89737015017346 94.90345425515963 94.90869602851099 94.91363991811366 94.91840049774956 94.92343677104732 94.92773443229105 94.93187018088136 94.93576927580919 94.93993126037567 94.94352008218308 94.94690216913224 94.95015481006594 94.95328106834559 94.9562260376147 94.95908415836533 94.96177544758925 94.9643605841441 94.9668422650081 94.96920067359612 94.97120568067155 94.9733677919717 94.97542146433494 94.9773905828935 94.97906683500278 94.98085137527119 94.98238644996253 94.98401803302448 94.9854222480098 95.0073748466099 95.01887653236808 94.98954245511926 94.98045888073972 94.97133308547662 94.9725153790283 94.95306018171755 94.95401138823878 94.9755019451981 94.97636943369925 94.95673105499873 94.89613117279639 94.7945544838209 94.61117235981146 94.24346735878171 93.55851501100592 92.40281087249242 90.80704147447338 88.76104260437985 86.24420745431942 83.3282259159508 80.04380368918586 76.44209617915315 72.65617889907774 68.8190019061623 65.09434533823779 61.65618111237604 58.66827419624107 56.13057928826698 54.03289845663976 52.42642551914704 51.23948777553196 50.44142899109186 49.98105174183198 49.725353375064614 49.56173453760469 49.41858982908723 49.26519078023732 49.070862902932426 48.856060866545874 48.631006363680946 48.39572413146953 48.139967699199445 47.90467362816709 47.72054392434984 47.536408938165835 47.30109198158727 46.91227012649145 46.20619214186707 45.09075717759562 43.49431412202715 41.314528166850614 38.65373815763961 35.58358098937691 32.14499164088982 28.45054700535073 24.602580819466368 20.734139006954585 16.978265836740423 13.508937749852654 10.479668218365838 7.921161410457167 5.915289694401947 4.4006507251621905 3.264670902232427 2.4868823390829218 1.9240087558562664 1.514646032740517 1.22809196598417 1.0131763341393953 0.859665183201417 0.7368561747152105 0.6447494083264128 0.5833449228416693 0.521940381610737 0.4810040472518144 0.4503018252995565 0.4195995599716129 0.4093655467246679 0.3786632383852448 0.35819504263618734 0.34796098940724757 0.3479610766133986 0.3274928559845501 0.32749293081010816 0.32749300187972796 0.3172589041395976 0.3172589671831699 0.32749318281109624 0.32749324233614174 0.33772746440478213 0.3479616811081169 0.36843007334718236 0.3888984629846985 0.4196010269588794 0.4503036028847299 0.4912403515099934 0.5424112892807049 0.6140505810201059 0.6754557071173581 0.7777975563097523 0.9108419685369814 1.0848231136082722 1.3202093709259992 1.606766571252487 2.0468365714960766 2.650653549841151 3.500091026521698 4.636085786732894 6.160979772739673 8.054304593339461 10.275123587048588 12.813202611372189 15.586668277903557 18.53411529274483 21.542967682974417 24.459712590737965 27.15130564483292 29.43353112384485 31.21428138232991 32.32980942931845 32.831285888839766 32.82105285147738 32.3605151937359 31.592951796215694 30.600235958677818 29.51541238150398 28.491993774158406 27.642556455138394 27.120613174272535 27.01827186409739 27.417406023450937 28.277078908758707 29.53588532523328 31.122186046713775 32.964341674274074 34.980478640879795 37.098957596246166 39.1969681973996 41.21310526145121 43.034792635833746 44.600625135911066 45.8184950419201 46.667933832165104 47.148941550250036 47.25128399396709 47.00566379214338 46.45301761354827 45.654750692730204 44.6825024306556 43.63861471853731 42.59472697433393 41.642947004694214 40.885616711183616 40.466014927488125 40.45578097537701 40.854914898942695 41.65318253157318
54.73027979329501 54.73042693262616 55.479114458557696 56.13232599064517 56.83918039425973 57.52092645998048 58.190917991305376 58.829630900392274 59.45645907950384 60.05899769853318 60.63783657056484 61.1991786839017 61.7431489044368 62.269905718830735 62.77457416269285 63.31655156443218 63.7819912006835 64.23636200222577 64.6706647604953 65.13650903235758 65.53933331226999 65.9238165579077 66.29829292249484 66.69907334616829 67.0448932959951 67.37769312797305 67.7301220208996 68.03978884840654 68.33431549709336 68.61727993249647 68.92189402398013 69.1840968120614 69.43562230234085 69.67923510603036 69.91267556259709 70.13629936085897 70.35045594761566 70.55751366062705 70.75754416629017 70.94877856565378 71.1315564750354 71.30789844618518 71.47628458167556 71.62005855407855 71.77574079263646 71.92564384138537 72.05374118404191 72.19061118536408 72.32225143350932 72.43475790083242 72.55471788667418 72.65827621178481 72.76848892166791 72.86365494050344 72.9536667757676 73.05118540215933 73.13375986106861 73.21263831531589 73.29791726695015 73.37015150549527 73.43909852857163 73.50490204835539 73.57589508058666 73.63544462904855 73.69283665560377 73.74756747081967 73.79923663459937 73.85545101032488 73.90261975036985 73.9475889657444 73.9900315294355 74.03091747911255 74.0698903276235 74.11146501609043 74.14666299271028 74.1798747087479 74.21186044800709 74.24203863230389 74.27427588281536 74.3012706404934 74.3272803747342 74.35481336566988 74.37808557047414 74.40005484140524 74.42380979521334 74.44347810427806 74.46478158133917 74.48258845001662 74.50152352316805 74.8771373764912 75.27492812543169 75.65975465075756 75.99278673349835 76.2615266695999 76.81537954903739 77.26132095440909 77.66587663757751 78.06980380561427 78.45207240580787 78.77032712041286 78.99268041092768 79.08734735809605 79.02271586459378 78.71369904006545 78.06513729135227 77.00258647356404 75.55864465739349 73.75278201271648 71.5539284119281 69.0363179691214 66.2959261490123 63.42698341959072 60.51493376686589 57.687604717081406 55.071348963879004 52.80468815370084 50.98344750641925 49.554065047737964 48.463875104518195 47.73421853487701 47.28049869551324 47.05980821150069 46.987578209332405 47.00012001282174 47.023405235487594 47.04640830547542 47.07992364043045 47.09214999102107 47.11492823384152 47.13761788003531 47.16026571072903 47.18283192721314 47.22657677873602 47.28088782304409 47.36698712020373 47.463529920648725 47.58138764113517 47.72042888902039 47.85943349849025 48.01952931509647 48.17968568274598 48.32910395904044 48.4891935930555 48.627937339000304 48.76672926043302 48.894794443280766 49.01229159400017 49.140300485428966 49.25767251610945 49.37508700358605 49.460558767959306 49.51414683373657 49.49344463809102 49.3770906810072 49.13328743800209 48.70894241009912 48.10404420661748 47.27616449391831 46.24644243683741 45.00430891258195 43.53913869820007 41.93588187655401 40.21581058462877 38.42134072741553 36.616219472117486 34.84293104513728 33.175811561603766 31.646742531355375 30.298169939076914 29.151356012049614 28.227543904354164 27.55860804041539 27.102047803256163 26.868499156971744 26.87921504974913 27.11293591172039 27.559064424246003 28.185724227463883 28.992934247755816 29.970057907063918 31.117113789901637 32.40222512918497 33.81478941113626 35.28045731950043 36.70363718380787 38.16930882262486 39.64560191816833 41.10065604341302 42.534470879520185 43.88332331479236 45.14720565272626 46.28365107050575 47.21830878754365 48.01490643389906 48.68405115581096 49.300091857442915 49.74620399754085 50.02238708406804 50.192363035276784 50.23489630358445 50.19245815640623 50.10753584927573 49.9801333566536 49.884586185853735 49.79965727228526 49.71473033083304 49.69352104068802 49.72541298226415 49.821030104519785 49.96974541546105 50.203424407129134 50.500828380350704 50.819469929614854 51.18059295960804 51.552338267039495 51.934700849614245 52.31706293365471 52.66756251793518 52.99682019972759 53.272974339024735 53.506647227433014 53.67659389894443 53.80405737484709 53.899658273783054 53.99525705060752 54.05899491391213 54.14397350497319 54.23957209574755 54.36703211202994 54.53697411199464 54.73877633175754 54.9512000426445 55.20610478115685 55.48225159593005 55.747777345508794 55.981439808348185 56.225723590577 56.42752352777202 56.61870251310473 56.76739944422414 56.88423329907459 56.95858501272424 57.022314978868046 57.064803356959914 57.06480888787157 57.0541940768926 57.03295774300151 57.001100505869175 56.95862237440413 56.90552391834041 56.85242466247323 56.788704539859474 56.735604929817534 56.671884853684844 56.60816416142708 56.56568464346448 56.59754969067665 56.71438027585209 56.92679638665269 57.21355711697656 57.56404178061382 57.88266460326784 58.126942329280126 58.275633908997904 58.3393602394796 58.37122421533361 58.42432963947242 58.44557273960246 58.50929864816334 58.721713723505545 59.17840444838971 59.932473856232306 60.96268098839579 62.24778414075869 63.681576925490994 65.03040427208948 66.09247331137483 66.80405983886038 67.20764681367854 67.34571681281554 67.18640775734067 66.68723694774647 65.85882504994068 64.807378827265 63.649725747533495 62.555796667709146 61.79110863491667 61.66366119168507 62.21593715682037 63.469177918311445 65.295935417725 67.48379593840313 69.83096666548253 72.15689609947526 74.29165325009797 76.00158322209822 77.16985859037423 77.79647921274612 77.84958316979456 77.33979100600233 76.3095855010601 74.76958736905033
29.416376700567508 29.41645578486981 29.818859616478143 30.16994710526153 30.549866511625098 30.916290713348776 31.276397099540826 31.61969188276094 31.956598873058027 32.2804507346043 32.591564479553604 32.893274083929356 33.185646660528384 33.468767392604406 33.74001608911401 34.03131756743592 34.281481603195544 34.52569637261362 34.759124989964064 35.00950650887202 35.22601610478112 35.43266777971228 35.63394096610487 35.84935203218233 36.03522299708689 36.21409592191613 36.403519055027196 36.56995847547266 36.728260367566925 36.88034781269088 37.044071493571494 37.18499998900891 37.32018966097477 37.45112642997133 37.576595775888336 37.69678887400016 37.81189354462738 37.92318271960885 38.030694918128845 38.13347939412701 38.23171868424609 38.32649879264411 38.41700280635362 38.494278298967885 38.57795423470772 38.65852397721983 38.72737361036913 38.800938363429154 38.871692233919525 38.93216209880101 38.996638073450576 39.05229849969797 39.11153551809722 39.162685255860886 39.211064728131824 39.263478943080024 39.307860981657115 39.35025649530074 39.396092141955165 39.4349165291088 39.47197410694062 39.50734211772903 39.545499382539624 39.577506015001944 39.60835302472185 39.63776968920084 39.665540780291316 39.69575482740699 39.72110703519571 39.74527704463806 39.76808903183035 39.79006437166057 39.81101145976649 39.83335698224091 39.852275155933015 39.870125756250154 39.88731741977988 39.903537560454595 39.920864406003666 39.935373521685094 39.94935320794284 39.96415161270373 39.97665993434506 39.988467956375764 40.00123574547465 40.011807048795156 40.02325722059453 40.03282803877511 40.0430052431815 40.361946942706524 40.5735494052854 40.716385876639734 40.81929494582075 40.935243476527084 41.45594316357249 41.921584178568594 42.37431127224944 42.85379034214609 43.346597614500034 43.86625822886206 44.38569902535217 44.85086122063878 45.23480442278698 45.4427020814341 45.39353059569524 45.00597969918699 44.22638361044228 42.9860465090342 41.204169100301534 38.98891138266509 36.3405159413899 33.38002147974947 30.17538819633754 26.848641970209336 23.5211207118871 20.287868936595448 17.230228788723934 14.415716567638244 11.871588727443948 9.692683997599657 7.838494141048614 6.3225259008370385 5.117813517643085 4.197321039674906 3.5069477677885144 2.9789871561468915 2.58639461507284 2.302105482360173 2.1125898802646286 1.9772287737506509 1.8824867938380987 1.8419097835899492 1.8284161027641306 1.869096415086464 1.9233208853759158 2.0181750854977256 2.1807623223081025 2.4381720876339594 2.7904103524691983 3.332296415902011 4.17222186953544 5.4456503210817 7.315178326207472 9.929824043844343 13.316739649186234 17.177875529174546 21.120419086134973 24.84625835066462 28.12509975891971 30.82148289632489 32.94885390189117 34.49367697066314 35.42888453428115 35.659531859111304 35.14499640413815 33.898811588994384 32.36806559364563 30.932156495408005 29.983946352020244 29.753817049753216 30.458568717257695 31.935626245493356 34.022438847553815 36.50217579749792 39.09032405459728 41.61074345335355 43.83308354307807 45.66251820898511 46.94994331972434 47.681826947290844 47.81751262001941 47.31636340645639 46.31383063446114 44.918332678535435 43.29248419767946 41.680149848389625 40.24396522195483 39.13295798562495 38.41490775372379 38.21174657734223 38.50995127110313 39.323054341685015 40.52912698150461 42.03330888004239 43.72718729085586 45.543032328304676 47.39953039285161 49.12052589539167 50.61116429108363 51.83079187249228 52.67099452407541 53.05048505539753 52.98280353129492 52.50860669717843 51.70918288008146 50.65229146400585 49.405685813597685 48.023568315283654 46.69564796705559 45.44903175777531 44.37856555753019 43.57911006634377 43.07777102494165 42.90164373654669 43.064283104834466 43.565693523649976 44.35166597181455 45.40865361169436 46.6960075814929 48.10531579047791 49.663683342041665 51.222053857420576 52.71266796837571 54.05422325184212 55.20606964053699 56.08689649631483 56.65605391642435 56.92709215363055 56.90001090667644 56.56125924445666 55.97859297028861 55.15200798389165 54.20346385179672 53.22781663667444 52.292819379895825 51.46622955633106 50.85645285227706 50.43638758241834 50.20603403766378 50.17894315429206 50.3822157950742 50.82940532568623 51.50695876395352 52.441980175480545 53.6480194628452 55.165728546654236 57.02221132496221 59.09550783869792 61.168804528233466 62.93043136650416 64.32618273802929 65.41026393531237 66.23687671095318 66.81957281926228 67.13125042194174 67.09060454485268 66.61632817516124 65.73552378138697 64.5565986719898 63.553835780281304 63.20151626841296 63.63515022241911 64.65147394262941 65.73555267928688 66.48085762462931 66.75187992973169 66.61637420962909 66.31825750061364 65.96593641880031 65.55941145776931 64.96317325532742 63.987509018812204 62.60531621441419 60.93855356120162 59.46150400896949 58.567144242015814 58.37743319431147 58.91947240834323 59.98999830863466 61.57545959479689 63.79781514892652 66.67061556401373 70.03125002673676 73.66290312383718 77.13194523560543 79.99119512508008 82.07804147215921 83.41958595224264 84.083583557762 84.13778880811921 83.54154881029673 82.15935415878162 79.95055199998342 77.09130452985478 73.83907962857259 70.57330365301088 67.78181059400296 65.60010971936194 64.01465020361735 62.9305754828608 62.22592716159956 61.8736032255979 61.84650188395278 62.23947978632694 63.120291557222636 64.52959009150736 66.64353771266235 69.36727772176005 72.57885175660088 76.00724084521906 79.35432429760748 82.34908328825392
50.0 50.0 50.0 50.0 50.0 50.0 50.0 50.0 50.0 50.0 50.0 50.0 50.0 50.0 50.0 50.0 50.0 50.0 50.0 50.0 50.0 50.0 50.0 50.0 50.0 50.0 50.0 50.0 50.0 50.0 50.0 50.0 50.0 50.0 50.0 50.0 50.0 50.0 50.0 50.0 50.0 50.0 50.0 50.0 50.0 50.0 50.0 50.0 50.0 50.0 50.0 50.0 50.0 50.0 50.0 50.0 50.0 50.0 50.0 50.0 50.0 50.0 50.0 50.0 50.0 50.0 50.0 50.0 50.0 50.0 50.0 50.0 50.0 50.0 50.0 50.0 50.0 50.0 50.0 50.0 50.0 50.0 50.0 50.0 50.0 50.0 50.0 50.0 50.0 50.0 50.0 50.0 50.0 50.0 50.0 50.0 50.0 50.0 50.0 50.0 50.0 50.0 50.0 50.0 50.0 50.0 50.0 50.0 50.0 50.0 50.0 50.0 50.0 50.0 50.0 50.0 50.0 50.0 50.0 50.0 50.0 50.0 50.0 50.0 50.0 50.0 50.0 50.0 50.0 50.0 50.0 50.0 50.0 50.0 50.0 50.0 50.0 50.0 50.0 50.0 50.0 50.0 50.0 50.0 50.0 50.0 50.0 50.0 50.0 50.0 50.0 50.0 50.0 50.0 50.0 50.0 50.0 50.0 50.0 50.0 50.0 50.0 50.0 50.0 50.0 50.0 50.0 50.0 50.0 50.0 50.0 50.0 50.0 50.0 50.0 50.0 50.0 50.0 50.0 50.0 50.0 50.0 50.0 50.0 50.0 50.0 50.0 50.0 50.0 50.0 50.0 50.0 50.0 50.0 50.0 50.0 50.0 50.0 50.0 50.0 50.0 50.0 50.0 50.0 50.0 50.0 50.0 50.0 50.0 50.0 50.0 50.0 50.0 50.0 50.0 50.0 50.0 50.0 50.0 50.0 50.0 50.0 50.0 50.0 50.0 50.0 50.0 50.0 50.0 50.0 50.0 50.0 50.0 50.0 50.0 50.0 50.0 50.0 50.0 50.0 50.0 50.0 50.0 50.0 50.0 50.0 50.0 50.0 50.0 50.0 50.0 50.0 50.0 50.0 50.0 50.0 50.0 50.0 50.0 50.0 50.0 50.0 50.0 50.0 50.0 50.0 50.0 50.0 50.0 50.0 50.0 50.0 50.0 50.0 50.0 50.0 50.0 50.0 50.0 50.0 50.0 50.0 50.0 50.0 50.0 50.0 50.0 50.0 50.0 50.0 50.0 50.0 50.0 50.0 50.0 50.0 50.0 50.0 50.0 50.0 50.0 50.0
50.0 50.0 50.0 50.0 50.0 50.0 50.0 50.0 50.0 50.0 50.0 50.0 50.0 50.0 50.0 50.0 50.0 50.0 50.0 50.0 50.0 50.0 50.0 50.0 50.0 50.0 50.0 50.0 50.0 50.0 50.0 50.0 50.0 50.0 50.0 50.0 50.0 50.0 50.0 50.0 50.0 50.0 50.0 50.0 50.0 50.0 50.0 50.0 50.0 50.0 50.0 50.0 50.0 50.0 50.0 50.0 50.0 50.0 50.0 50.0 50.0 50.0 50.0 50.0 50.0 50.0 50.0 50.0 50.0 50.0 50.0 50.0 50.0 50.0 50.0 50.0 50.0 50.0 50.0 50.0 50.0 50.0 50.0 50.0 50.0 50.0 50.0 50.0 50.0 50.0 50.0 50.0 50.0 50.0 50.0 50.0 50.0 50.0 50.0 50.0 50.0 50.0 50.0 50.0 50.0 50.0 50.0 50.0 50.0 50.0 50.0 50.0 50.0 50.0 50.0 50.0 50.0 50.0 50.0 50.0 50.0 50.0 50.0 50.0 50.0 50.0 50.0 50.0 50.0 50.0 50.0 50.0 50.0 50.0 50.0 50.0 50.0 50.0 50.0 50.0 50.0 50.0 50.0 50.0 50.0 50.0 50.0 50.0 50.0 50.0 50.0 50.0 50.0 50.0 50.0 50.0 50.0 50.0 50.0 50.0 50.0 50.0 50.0 50.0 50.0 50.0 50.0 50.0 50.0 50.0 50.0 50.0 50.0 50.0 50.0 50.0 50.0 50.0 50.0 50.0 50.0 50.0 50.0 50.0 50.0 50.0 50.0 50.0 50.0 50.0 50.0 50.0 50.0 50.0 50.0 50.0 50.0 50.0 50.0 50.0 50.0 50.0 50.0 50.0 50.0 50.0 50.0 50.0 50.0 50.0 50.0 50.0 50.0 50.0 50.0 50.0 50.0 50.0 50.0 50.0 50.0 50.0 50.0 50.0 50.0 50.0 50.0 50.0 50.0 50.0 50.0 50.0 50.0 50.0 50.0 50.0 50.0 50.0 50.0 50.0 50.0 50.0 50.0 50.0 50.0 50.0 50.0 50.0 50.0 50.0 50.0 50.0 50.0 50.0 50.0 50.0 50.0 50.0 50.0 50.0 50.0 50.0 50.0 50.0 50.0 50.0 50.0 50.0 50.0 50.0 50.0 50.0 50.0 50.0 50.0 50.0 50.0 50.0 50.0 50.0 50.0 50.0 50.0 50.0 50.0 50.0 50.0 50.0 50.0 50.0 50.0 50.0 50.0 50.0 50.0 50.0 50.0 50.0 50.0 50.0 50.0 50.0
50.0 50.0 50.0 50.0 50.0 50.0 50.0 50.0 50.0 50.0 50.0 50.0 50.0 50.0 50.0 50.0 50.0 50.0 50.0 50.0 50.0 50.0 50.0 50.0 50.0 50.0 50.0 50.0 50.0 50.0 50.0 50.0 50.0 50.0 50.0 50.0 50.0 50.0 50.0 50.0 50.0 50.0 50.0 50.0 50.0 50.0 50.0 50.0 50.0 50.0 50.0 50.0 50.0 50.0 50.0 50.0 50.0 50.0 50.0 50.0 50.0 50.0 50.0 50.0 50.0 50.0 50.0 50.0 50.0 50.0 50.0 50.0 50.0 50.0 50.0 50.0 50.0 50.0 50.0 50.0 50.0 50.0 50.0 50.0 50.0 50.0 50.0 50.0 50.0 50.0 50.0 50.0 50.0 50.0 50.0 50.0 50.0 50.0 50.0 50.0 50.0 50.0 50.0 50.0 50.0 50.0 50.0 50.0 50.0 50.0 50.0 50.0 50.0 50.0 50.0 50.0 50.0 50.0 50.0 50.0 50.0 50.0 50.0 50.0 50.0 50.0 50.0 50.0 50.0 50.0 50.0 50.0 50.0 50.0 50.0 50.0 50.0 50.0 50.0 50.0 50.0 50.0 50.0 50.0 50.0 50.0 50.0 50.0 50.0 50.0 50.0 50.0 50.0 50.0 50.0 50.0 50.0 50.0 50.0 50.0 50.0 50.0 50.0 50.0 50.0 50.0 50.0 50.0 50.0 50.0 50.0 50.0 50.0 50.0 50.0 50.0 50.0 50.0 50.0 50.0 50.0 50.0 50.0 50.0 50.0 50.0 50.0 50.0 50.0 50.0 50.0 50.0 50.0 50.0 50.0 50.0 50.0 50.0 50.0 50.0 50.0 50.0 50.0 50.0 50.0 50.0 50.0 50.0 50.0 50.0 50.0 50.0 50.0 50.0 50.0 50.0 50.0 50.0 50.0 50.0 50.0 50.0 50.0 50.0 50.0 50.0 50.0 50.0 50.0 50.0 50.0 50.0 50.0 50.0 50.0 50.0 50.0 50.0 50.0 50.0 50.0 50.0 50.0 50.0 50.0 50.0 50.0 50.0 50.0 50.0 50.0 50.0 50.0 50.0 50.0 50.0 50.0 50.0 50.0 50.0 50.0 50.0 50.0 50.0 50.0 50.0 50.0 50.0 50.0 50.0 50.0 50.0 50.0 50.0 50.0 50.0 50.0 50.0 50.0 50.0 50.0 50.0 50.0 50.0 50.0 50.0 50.0 50.0 50.0 50.0 50.0 50.0 50.0 50.0 50.0 50.0 50.0 50.0 50.0 50.0 50.0 50.0