4 302 9
300.00980000000004 300.01 301.04 301.96 302.98 303.99 305.01 306.01 307.02 308.02 309.01 310.0 310.99 311.98 312.96 314.05 315.02 316.0 316.97 318.05 319.02 319.98 320.95 322.03 323.0 323.97 325.04 326.02 326.99 327.96 329.05 330.03 331.01 332.0 332.99 333.98 334.97 335.97 336.98 337.99 339.0 340.02 341.04 341.95 342.98 344.02 344.95 345.99 347.04 347.98 349.03 349.98 351.04 352.0 352.95 354.03 354.99 355.95 357.04 358.01 358.98 359.95 361.05 362.02 363.0 363.98 364.95 366.06 367.04 368.02 368.99 369.97 370.95 372.05 373.03 374.0 374.98 375.95 377.04 378.0 378.97 380.05 381.01 381.96 383.04 383.98 385.05 385.99 387.04 387.98 389.02 389.95 390.99 392.02 393.05 393.96 394.98 395.99 397.0 398.01 399.01 400.0 401.0 401.98 402.97 403.95 405.04 406.02 406.99 407.96 409.04 410.01 410.97 412.05 413.01 413.98 415.05 416.02 416.98 417.95 419.03 420.0 420.98 421.95 423.04 424.03 425.01 426.0 427.0 427.99 429.0 430.0 431.01 432.03 433.05 433.96 434.99 436.02 437.06 437.99 439.03 439.97 441.02 441.97 443.03 443.98 445.05 446.0 446.96 448.04 449.01 449.97 451.06 452.03 453.0 453.98 454.95 456.05 457.02 458.0 458.98 459.95 461.05 462.03 463.0 463.98 464.95 466.04 467.01 467.98 468.95 470.03 470.99 471.95 473.03 473.98 475.04 475.99 477.05 477.99 479.04 479.97 481.01 482.05 482.96 483.99 485.01 486.03 487.05 488.06 488.95 489.95 490.95 492.05 493.04 494.02 495.0 495.98 496.95 498.03 499.0 499.97 501.04 502.01 502.97 504.04 505.0 505.96 507.03 507.99 508.96 510.03 511.0 511.97 513.05 514.02 515.0 515.98 516.96 517.95 519.05 520.05 521.05 522.05 522.95 523.96 524.98 526.0 527.03 528.06 528.98 530.02 530.95 532.0 533.05 533.99 535.05 536.0 536.95 538.02 538.98 540.06 541.02 541.98 542.95 544.03 545.0 545.97 546.94 548.04 549.01 549.98 550.96 552.05 553.02 553.99 554.97 556.06 557.02 557.99 558.96 560.04 561.0 561.96 563.03 563.99 565.05 566.0 567.06 568.0 569.05 569.98 571.03 571.95 572.99 574.02 575.04 575.95 576.96 577.98 578.98 579.98 580.98 581.97 582.96 583.95 585.04 586.02 586.99 587.96 589.04 590.0 590.97 592.03 592.99 593.95 595.02 595.97 597.04 597.99 598.95 600.02
0.0 13.54 26.89 39.77 51.58 60.9 70.0 80.0 90.0
71.04621016395508 71.04640116776291 72.01828385346005 72.86622769671244 73.78380616888882 74.6687911250516 75.53851734100292 76.36764030081241 77.18133551154482 77.96350007421718 78.7148996341819 79.44358638507431 80.14972241721287 80.83351346454663 81.48863126151679 82.19218038521053 82.79637466926383 83.38620033031759 83.9499753586079 84.55469490631351 85.07760724218844 85.57671080199597 86.0628242770298 86.58308345197726 87.03199759835246 87.46401013135127 87.92150344746943 88.32348667487035 88.70581620544317 89.0731366507707 89.46856084454765 89.8089302791267 90.1354393507316 90.45167684330286 90.75470945707075 91.04499891710968 91.32299884563508 91.59178361798111 91.85144626538978 92.09969055317852 92.33695734246406 92.56586954226188 92.7844541505615 92.9710893349243 93.17318282103754 93.3677742527981 93.53405936521106 93.71173239951312 93.88261661152673 94.02866297110008 94.18438485663707 94.31881549645519 94.46188429454403 94.58542075370688 94.70226648863779 94.82885690351769 94.93604806687371 95.03844139025932 95.14914329683194 95.24291166257191 95.33241284382228 95.4178333955487 95.50999053245954 95.58729270871683 95.66179417291137 95.73284107811558 95.79991360693788 95.87288634464566 95.93411680484175 95.99249202854743 96.04758736720244 96.10066204148657 96.1512532899957 96.20522202659778 96.25091305638466 96.2940256910437 96.33554686656555 96.37472162744773 96.41656929355862 96.45161159983884 96.48537523218569 96.52111622725911 96.55132623093068 96.57984487628777 96.61068154379724 96.63621327549419 96.66386764368347 96.68698301124962 96.7115629182347 96.7325092115749 96.75457488337798 96.77336594647879 96.79337823151243 96.81220601341629 96.8300954929486 96.84515725741967 96.86124996929159 96.87640124366878 96.89081077356828 96.90451466643113 96.9174214383261 96.92958212526521 96.94127239490082 96.95217806774735 96.96266791859347 96.9725548510528 96.982999373928 96.99191783358893 97.00032675625928 97.0083389344195 97.01681567800802 97.02404969561658 97.030872868898 97.03816852193908 97.04433180044235 97.0502666894374 97.05648882194265 97.0618495131912 97.06690556272832 97.07177414362293 97.076924672725 97.08131983319345 97.08554940776455 97.08953695981151 97.09379336556326 97.09746360545462 97.10092242038135 97.10424885260556 97.10744603498586 97.11045781552842 97.11338077725686 97.11613312262224 97.11877690707782 97.12131488878698 97.12372680159413 97.12577729541789 97.12798845762354 97.13008872078395 97.13210251190323 97.13381679243585 97.13564181781528 97.13721171809753 97.13888031619501 97.14031638801238 97.14184029463689 97.14313913392537 97.1445300685196 97.14570419576765 97.1468353879712 97.14804476424625 97.1490766976002 97.15004990304622 97.15109974349787 97.15198710350307 97.15283246860176 97.15364592653069 97.15441278475821 97.15523859561013 97.15593007542088 97.15659545418691 97.1572290237626 97.15782629656132 97.15846948268461 97.15901345996174 97.159526272226 97.1600197257656 97.16048490837875 97.16098141786799 97.16140107976182 97.16180087711689 97.1621817500616 97.16258464170261 97.16292495503508 97.16324932138942 97.16359610085856 97.16388603789142 97.16419370093033 97.16445591881707 97.16473416786877 97.16496887830088 97.16521833763255 97.16542861238658 97.16565246401828 97.1658649737885 97.16604206841042 97.16623303179298 97.16641269377351 97.16658342333716 97.1667456645559 97.16689836575468 97.16702667945619 97.16716420178099 97.16729501742412 97.16743155827353 97.16754818657606 97.16765808866664 97.16776273559451 97.16786237863396 97.16795631218751 97.1680556755423 97.16814045824464 97.16822122724582 97.16830589493465 97.16837883197208 97.16844761680227 97.16852049128812 97.16858263726458 97.16864187076845 97.16870462603377 97.16875814252091 97.1688096695062 97.1688636836453 97.16891021413439 97.16895454178776 97.16900143173875 97.16904144098346 97.16907993950677 97.16911659710252 97.16915150179916 97.16918506823124 97.16922046645686 97.16925100013633 97.16928004468848 97.16930767273725 97.16933138403749 97.16935675321552 97.1693811058466 97.1694042476438 97.16942644890642 97.16944753575608 97.16946547404109 97.16948478290884 97.16950121934931 97.16951888084361 97.2203193411561 97.25080384849939 97.27113266005941 97.30161595828571 97.36256889685131 97.41336598778364 97.44384762723291 97.4743300614673 97.44387010295476 97.38293939944842 97.24075429456029 97.01731567287037 96.74309177390273 96.42824040386954 96.11338860214137 95.79853733498526 95.55478199400183 95.38212360797581 95.29071903041348 95.28056887462412 95.26026093441861 95.20948244314874 95.10791993537808 94.89463331429818 94.62040521343046 94.32586339291882 94.09226192623352 93.92975802681448 93.5742749089331 92.43672066815328 90.08035466470156 86.00749451442243 80.54315723666876 73.93110455161964 66.72995910833073 59.1631692895092 51.31198966033495 43.227203729640905 34.90881180804762 26.671673489140783 19.125195104457333 12.756901526757199 8.13557192079301 5.007287174638487 3.1485984843218637 2.0110403578532154 1.3406935940297164 0.9445795924413998 0.680503587512865 0.5179952753934719 0.4062708096691986 0.325016651876437 0.26407603316645817 0.23360572430322196 0.2031354146147844 0.19297864585446453 0.18282187699463304 0.17266510762572423 0.1625083380163763 0.15235156828042382 0.15235156947733344 0.1523515706181485 0.1421948003716705 0.14219480132387716 0.13203803074760315 0.12188125988940317 0.12188126060017733 0.11172448957377586
70.84189413879645 70.84208459331195 71.81117232053342 72.65667763096033 73.57161731373789 74.4540572135472 75.32128225451663 76.14802080695063 76.95937597771801 77.73929117685506 78.4885298478569 79.21512102770922 79.91922634058808 80.60105092878901 81.25428472569808 81.95581056961204 82.55826730039885 83.14639672974194 83.7085504432204 84.31153092709646 84.83293946185763 85.33060769027668 85.8153231910517 86.33408619489542 86.78170934553962 87.21247948878454 87.66865713703427 88.06948433352217 88.4507143536523 88.81697845194634 89.21126547740229 89.5506560711706 89.8762261618568 90.19155421270924 90.49371535959668 90.78316999975594 91.06037045086714 91.32838224691812 91.58729815160993 91.8348285338148 92.07141298681277 92.29966687660834 92.51762287518726 92.70372133058258 92.90523363245394 93.09926545452137 93.26507236108588 93.4422344399399 93.61262721992806 93.75825357663837 93.91352763425307 94.04757167591312 94.19022903406616 94.31341022476022 94.4299199325327 94.55614629632063 94.66302919731643 94.7651280560601 94.87551160401125 94.96901030892444 95.05825410099727 95.14342899869717 95.23532110838335 95.31240097759073 95.38668818907568 95.45753077625594 95.52441041664048 95.59717329797903 95.65822767046801 95.7164350176093 95.77137191205493 95.82429395319423 95.87473971044099 95.92855324273702 95.97411287340255 96.01710152393734 96.05850329208303 96.09756539345231 96.13929271325927 96.17423424421713 96.20790077847613 96.24353898892484 96.27366211410063 96.30209874500193 96.33284673184399 96.35830503890753 96.38587987814553 96.40892877010363 96.43343798973068 96.4543240453272 96.47632626025701 96.49506328366573 96.51501801699432 96.53379165360946 96.55162968624064 96.56664813580664 96.58269456795561 96.59780227001346 96.6121703607163 96.62583484366677 96.6387044980248 96.65083021303207 96.66248686357076 96.67336117367856 96.68382085761465 96.69367935704797 96.70409384336818 96.71298665515536 96.72137139528802 96.72936053187584 96.73781289788599 96.7450261117709 96.75182966284247 96.75910433490755 96.76524988893878 96.77116771026861 96.77737194904839 96.7827172239204 96.78775873317532 96.79261331291359 96.79774903002735 96.80213155081081 96.80634896189193 96.81032504646186 96.81456921156203 96.81822889650859 96.82167776451041 96.82499463051838 96.82818261838155 96.83118573758908 96.8341002934093 96.8368447235282 96.8394809049388 96.84201158787252 96.84441656445553 96.84646116143065 96.84866596473452 96.85076018791868 96.85276818773966 96.85447753831212 96.85629731524932 96.85786270078286 96.85952650029459 96.86095844222966 96.86247796637488 96.86377307043695 96.86516000495537 96.86633075562624 96.867458694726 96.86866459305405 96.86969355875468 96.87066396543821 96.87171078673897 96.87259559485761 96.87343852883949 96.87424964741082 96.87501430029306 96.87583773626262 96.87652722750275 96.87719069276004 96.87782244030444 96.87841799545484 96.8790593318914 96.87960174478846 96.88011308229758 96.88060511675421 96.88106896158648 96.88156404320439 96.88198249822668 96.882381145837 96.88276092346015 96.88316265645781 96.88350199111082 96.8838254246463 96.88417120684053 96.88446031006704 96.8847670883228 96.88502855211841 96.88530600097627 96.88554003642372 96.88578877835556 96.8859984483975 96.88622165627247 96.88643355490312 96.88661014023299 96.88680055443947 96.8869796997447 96.88714993832107 96.88731171296347 96.88746397502126 96.88759191971582 96.88772904655134 96.8878594859924 96.88799563417507 96.88811192707573 96.88822151310781 96.88832585909007 96.8884252155742 96.88851887899187 96.88861795659568 96.88870249547831 96.8887830322025 96.8888674564024 96.88894018368613 96.88900877070361 96.88908143561564 96.88914340287153 96.8892024660306 96.88926504082313 96.88931840340656 96.88936978220957 96.88942364101379 96.88947003768962 96.8895142378647 96.8895609929687 96.88960088715407 96.88963927496259 96.88967582713774 96.8897106314548 96.8897441013559 96.88977939778265 96.88980984365278 96.88983880467808 96.88986635327358 96.98130513528444 97.04227389721679 97.07276994655741 97.11342204643414 97.17438772046283 97.22519505737439 97.24552750929517 97.25570408696802 97.21509151635802 97.12369387084517 96.97135173603412 96.73774898958533 96.45336089448698 96.16897047126886 95.89473663905217 95.62050360455535 95.38689763908926 95.21423599957069 95.07204428004009 95.00095295556406 94.9095467181192 94.77751190322124 94.62516109006998 94.42202348663919 94.18841365177491 93.80244521093803 93.20317259049189 92.21792302288391 90.66386550492055 88.34801219123615 84.98595784181106 80.64880398263749 75.3162359754385 69.06951229681822 62.05083391841003 54.56491979710417 46.87585923769879 39.16648354134785 31.7008817133653 24.702514317484738 18.4151563390248 13.143526255259955 8.907938895789636 5.749023450519237 3.5753645210812595 2.2650747431450333 1.4626492031900962 0.975099492225024 0.6906954914938395 0.5078643429182803 0.38597690956552366 0.3047186194580351 0.25393218809000956 0.21330304171484066 0.17267389409713177 0.16251660908670126 0.14220203529784722 0.12188746074031472 0.11173017401386179 0.10157288689597772 0.10157288825580327 0.10157288954995629 0.09141560181239501 0.09141560285174088 0.09141560383153094 0.10157289418326128 0.09141560575229256 0.10157289620698265 0.10157289709919033 0.11173018782854682 0.10157289882393217 0.11173018954296579 0.11173019042934801 0.11173019117754858 0.11173019197877876 0.1015729024137291 0.10157290300607115 0.10157290363363043
70.61283323924613 70.61302307794405 71.57897734707213 72.42174879204647 73.33373009956713 74.21331670924768 75.07773765596734 75.90180302357454 76.71053475029755 77.4879281637136 78.23474423879189 78.9589860513484 79.66081470296197 80.34043467261893 80.99155629673879 81.69081381986857 82.29132256094715 82.8775503266239 83.43788636657938 84.03891716723865 84.55863977435126 85.05469883726921 85.5378470540242 86.05493268430587 86.50110848571143 86.93048577240287 87.38518841121459 87.78471956897697 88.16471691609055 88.5297967323316 88.92280886611745 89.26110207089505 89.58561945994553 89.89992792587776 90.20111206184595 90.48963077643376 90.76593492479276 91.03308012878209 91.29115885215968 91.5378888671143 91.77370834554064 92.00122419689217 92.21847545433303 92.4039721770938 92.60483290704295 92.79823734464749 92.96350812947738 93.14009737066743 93.30993920091132 93.45509468788173 93.60986668078253 93.74347730307773 93.88567339148095 94.00845628686274 94.12458927096354 94.2504074931456 94.35694479788447 94.45871352914199 94.56874016180879 94.6619365470605 94.75089177735023 94.83579126967139 94.9273862544774 95.00421689285332 95.07826390331466 95.14887742735446 95.21554081843097 95.28806842753045 95.34892538619174 95.40694452510598 95.46170378603951 95.51445470851382 95.56473735393708 95.61837688501159 95.66378920270488 95.7066388533007 95.74790675254904 95.78684255012328 95.82843494839084 95.86326349904786 95.89682117559326 95.93234415309058 95.96236987784768 95.99071456145799 96.0213631274473 96.04673911736239 96.07422479583532 96.09719916127221 96.12162913253975 96.14244765495212 96.16437872769686 96.1830551666239 96.2029453781152 96.22165831186317 96.23943866681859 96.25440855557733 96.27040310302971 96.28546195569037 96.29978358846292 96.3134038885355 96.3262319300225 96.3383184376198 96.34993739742633 96.36077654642945 96.37120240991733 96.38102903277853 96.39140984479296 96.40027390247225 96.40863153130105 96.41659483573353 96.42501987177764 96.43220976238355 96.43899131478405 96.44624246485064 96.45236814778508 96.45826683437137 96.46445101230249 96.46977900370847 96.47480421169621 96.47964309458706 96.48476220582099 96.48913055611726 96.49333433057859 96.49729755883631 96.50152800080997 96.50517585249408 96.5086135688911 96.51191971011085 96.5150973899017 96.51809079879311 96.52099593065896 96.52373148690965 96.52635914446452 96.52888164466235 96.53127884496966 96.53331683092418 96.53551450519467 96.53760195689634 96.53960346403031 96.54130728757129 96.54312118042326 96.54468150442332 96.54633992418883 96.54776723606831 96.54928184696874 96.55057276342819 96.55195521341847 96.55312217857222 96.55424647058224 96.55544846974641 96.5564741083789 96.55744137733961 96.55848481383775 96.55936676100885 96.56020696943942 96.56101546533174 96.56177764577758 96.56259841924093 96.56328568107308 96.56394700107506 96.56457670592054 96.56517033539689 96.56580959812969 96.56635025718339 96.56685994132862 96.56735038483605 96.56781272986773 96.56830621068372 96.56872331266928 96.56912067128837 96.5694992209347 96.56989965496481 96.57023789240971 96.57056028015191 96.57090494429048 96.57119311272768 96.57149889904352 96.57175951741944 96.57203606917135 96.57226934788619 96.57251728553335 96.57272627762605 96.57294876377841 96.57315997725388 96.57333599161095 96.5735257901302 96.57370435618517 96.57387404431041 96.57403529586904 96.57418706560117 96.57431459659804 96.57445128004626 96.5745812977231 96.57471700568286 96.60533344880234 96.63594327573502 96.69704853719564 96.73781519735003 96.73790871517086 96.75834142912186 96.76859275838454 96.76867319526998 96.70775598664547 96.6671608620117 96.61639461108442 96.52496457720831 96.44369070904865 96.3014121094528 96.14896985841038 96.02701918910172 95.80339668105633 95.57977638226963 95.2951465832218 94.93934543301741 94.4208745460822 93.66855554790149 92.55022240091974 90.94387033855237 88.84949898027206 86.20610620152512 83.0543623190323 79.53659941107814 75.80532563826962 71.9317102176601 68.0377557936374 64.22513681411847 60.65652402446903 57.484423149777435 54.75966993714839 52.40092835191462 50.265859060607134 48.09012148103928 45.70087370445914 42.813440299991875 39.580325773645775 36.01169650258897 32.158389041936566 28.101738618191124 23.912915229684742 19.67325566134009 15.545432260619732 11.732786835746797 8.469161582669935 5.835893442759637 3.9448203401687345 2.6129353901183716 1.738568057578825 1.2098807958708913 0.8642006370914087 0.6303581656538181 0.4880192599584027 0.3863486071487542 0.30501207829120547 0.25417674952623176 0.2135084821097091 0.18300728059306137 0.16267314704063798 0.14233901173368035 0.13217194573936328 0.1220048785648182 0.11183781021924248 0.10167074124435849 0.10167074519860891 0.1016707489675389 0.10167075296054805 0.10167075636570587 0.0915036839464362 0.09150368668849111 0.0813366129761516 0.08133661515782158 0.09150369466114508 0.08133661943109119 0.07116954383987349 0.0711695453726018 0.06100246887637572 0.06100247020628605 0.06100247145748624 0.06100247252114847 0.06100247364639134 0.05083539560545423 0.050835396444470646 0.05083539724256778 0.06100247760208954 0.06100247846021431 0.0711695591563788 0.07116956006315917 0.0711695610109653 0.08133664208014248 0.08133664295190648 0.09150372425519873 0.10167080582611991 0.10167080675367074 0.11183788841141229 0.11183788943183244 0.1220049712477714 0.111837891147904 0.12200497312924434 0.12200497394624994 0.1220049748211618 0.12200497555968016 0.1220049762711758 0.12200497702497287
69.47016977573794 69.47035654244833 70.42067964936241 71.24981328808987 72.14703682890296 73.0123898859024 73.86282269211563 74.67355295696726 75.46919771134382 76.2340112719267 76.96874229951707 77.68126436341049 78.37173595822497 79.04035825404881 79.68094336722511 80.36888543979711 80.9596766923333 81.53641806554563 82.08768669536087 82.67899155946085 83.19030396679725 83.67833575562159 84.15366562280157 84.66238372511242 85.10133946802182 85.52376853135137 85.9711131295875 86.36417903683427 86.73802723138085 87.09719929193294 87.48385166665813 87.81667057919564 88.13593659754294 88.44515889451952 88.74146924066548 89.02531911846296 89.29715208728331 89.55997432262731 89.81387679199577 90.05661419880104 90.2886176243993 90.51245179299173 90.72618747029098 90.90868246775656 91.10629285061103 91.2965675995401 91.45916395709173 91.63289561468544 91.79998904856717 91.94279561588829 92.09506307394251 92.22651159666701 92.36640665468498 92.4872026657844 92.60145637508836 92.72523859504624 92.83005190316804 92.93017380331001 93.03841997472928 93.13010824736926 93.21762399581303 93.30114963661887 93.39126242282475 93.46684978063364 93.53969855545486 93.60916940485257 93.67475404270756 93.74610800326171 93.80598016893322 93.8630604367219 93.91693357817987 93.96883088029918 94.01829984725724 94.07107137842937 94.11574882975572 94.15790508330296 94.19850518155079 94.23681091641164 94.27773026260523 94.31199521440215 94.34500985749102 94.37995799884824 94.40949784452258 94.437383851815 94.46753645984654 94.49250181312243 94.51954271577884 94.54214530788816 94.56617995107862 94.58666158621662 94.60823776829359 94.62661198334133 94.64618032957232 94.66459044887837 94.68208308046903 94.6968107250895 94.71254644728094 94.7273616161812 94.7414514949544 94.75485139005893 94.76747184698031 94.77936276958265 94.79079371029624 94.8014574591777 94.81171461036872 94.82138221790088 94.8315950466456 94.84031566531553 94.84853805021392 94.85637249171022 94.86466119303407 94.87173473615857 94.87840654884465 94.88554036012353 94.89156691668451 94.89737015017346 94.90345425515963 94.90869602851099 94.91363991811366 94.91840049774956 94.92343677104732 94.92773443229105 94.93187018088136 94.93576927580919 94.93993126037567 94.94352008218308 94.94690216913224 94.95015481006594 94.95328106834559 94.9562260376147 94.95908415836533 94.96177544758925 94.9643605841441 94.9668422650081 94.96920067359612 94.97120568067155 94.9733677919717 94.97542146433494 94.9773905828935 94.97906683500278 94.98085137527119 94.98238644996253 94.98401803302448 94.9854222480098 94.98691234933517 94.98818237606388 94.98954245511926 94.9906905363339 94.9917966349456 95.01344298746572 95.02468425728568 94.99493984142337 94.98573416906638 94.97636943369925 94.97719586772611 94.9575261250324 94.95827564873251 94.97954811202356 94.9802241068634 94.96040897978068 94.89963101123972 94.79788508220885 94.6143186442352 94.24645831208849 93.56133728963994 92.40546501065563 90.80952630439158 88.7633374324789 86.24632684983433 83.33017671581045 80.04558484000088 76.44374816778664 72.65763226010858 68.82031100774667 65.09554806310645 61.6572626018734 58.66924577113606 56.13146371907216 54.03372418611672 52.427166226749705 51.24019036534267 50.44207007806184 49.98166724044253 49.725932080131216 49.56228194850732 49.419105906294426 49.26568973298175 49.07133305854757 48.85650368750721 48.63143493523446 48.39611942469195 48.1403400250907 47.905024455388656 47.720880780555696 47.53672684630967 47.301399352782646 46.91255909839024 46.20646194047647 45.09100069078655 43.49454128515849 41.314733264636324 38.65392054751603 35.583743408286 32.14513141839939 28.450661764704126 24.602677042298485 20.734216126052505 16.978324541962962 13.508983043720386 10.479701708728033 7.921184984216756 5.915306803540667 4.400662878109943 3.2646792988936073 2.4868885656898136 1.9240133450897163 1.5146494036874458 1.2280945744035143 1.013178387832607 0.8596668078543066 0.736857532308365 0.6447505433710151 0.5833459040826516 0.521941220476959 0.48100477154002297 0.4503024568799674 0.41960012179851 0.4093660699806876 0.3786637012491875 0.35819547080595243 0.34796137873375227 0.3479614478783155 0.32749318281109624 0.32749324233614174 0.3274932988167584 0.31725917983387125 0.3172592298267404 0.3274934425134303 0.3274934844557108 0.3377277021635474 0.34796191565291207 0.3684303097001014 0.38889870131273374 0.41960127260320723 0.45030384838985665 0.4912406122446641 0.5424115568041361 0.6140508701981391 0.6754560108449945 0.777797897168509 0.9108423395207045 1.0848235345359651 1.320209859798109 1.6067671500334366 2.046837253707614 2.650654391479666 3.5000920871320194 4.636087150289108 6.160981450155928 8.054306682423213 10.275126125983649 12.813205679355756 15.586671732133416 18.534119207671957 21.542972095193207 24.459717354840098 27.151310637658096 29.43353627361937 31.214286679124672 32.32981451286396 32.83129088760914 32.821057483378596 32.3605196264893 31.592955799614835 30.60023972486788 29.515415816212208 28.491996989498457 27.642559342846532 27.120615923640745 27.018274455164093 27.417408507582497 28.277081334738803 29.535887785299025 31.122188502625562 32.96434413317967 34.98048111852777 37.09896013557301 39.19697074061235 41.21310779745103 43.034795147202 44.60062765211427 45.81849743464544 46.6679361485877 47.148943815398624 47.251286152787706 47.005665784025894 46.45301952674049 45.65475247774471 44.6825040903928 43.638616260816484 42.594728409168205 41.642948334390965
54.73027979329501 54.73042693262616 55.479114458557696 56.13232599064517 56.83918039425973 57.52092645998048 58.190917991305376 58.829630900392274 59.45645907950384 60.05899769853318 60.63783657056484 61.1991786839017 61.7431489044368 62.269905718830735 62.77457416269285 63.31655156443218 63.7819912006835 64.23636200222577 64.6706647604953 65.13650903235758 65.53933331226999 65.9238165579077 66.29829292249484 66.69907334616829 67.0448932959951 67.37769312797305 67.7301220208996 68.03978884840654 68.33431549709336 68.61727993249647 68.92189402398013 69.1840968120614 69.43562230234085 69.67923510603036 69.91267556259709 70.13629936085897 70.35045594761566 70.55751366062705 70.75754416629017 70.94877856565378 71.1315564750354 71.30789844618518 71.47628458167556 71.62005855407855 71.77574079263646 71.92564384138537 72.05374118404191 72.19061118536408 72.32225143350932 72.43475790083242 72.55471788667418 72.65827621178481 72.76848892166791 72.86365494050344 72.9536667757676 73.05118540215933 73.13375986106861 73.21263831531589 73.29791726695015 73.37015150549527 73.43909852857163 73.50490204835539 73.57589508058666 73.63544462904855 73.69283665560377 73.74756747081967 73.79923663459937 73.85545101032488 73.90261975036985 73.9475889657444 73.9900315294355 74.03091747911255 74.0698903276235 74.11146501609043 74.14666299271028 74.1798747087479 74.21186044800709 74.24203863230389 74.27427588281536 74.3012706404934 74.3272803747342 74.35481336566988 74.37808557047414 74.40005484140524 74.42380979521334 74.44347810427806 74.46478158133917 74.48258845001662 74.50152352316805 74.51765945065097 74.53465768868256 74.54913333965321 74.56454975604849 74.57905369326214 74.95267538802463 75.34540108966762 75.7284645022617 76.05796836236638 76.32344571121183 76.87441632915915 77.31897201547018 77.72066714253083 78.12208153253552 78.50176123974215 78.81759788701967 79.03761697637535 79.13093186973099 79.06400003605569 78.7527900790935 78.10190725856984 77.03773248121792 75.59062662010409 73.78240347285067 71.58184302915653 69.06193241598925 66.31878472015622 63.44818966622837 60.534252871417856 57.704688418011045 55.08692212337885 52.819192662985834 50.99649115320684 49.56616481838113 48.47517458084663 47.74504629981013 47.29050200974475 47.06931049263054 46.99662838860521 47.00878962552018 47.03147597983258 47.05412061572401 47.08729863422215 47.0991955871548 47.121657172539905 47.14405867342554 47.1662857162698 47.18859171460192 47.232077447664444 47.28613948586415 47.371907982303874 47.46835052612545 47.58590596318525 47.724748237526704 47.86348068214266 48.02349585128207 48.183404382976796 48.332745090097234 48.49259989562535 48.631200716486575 48.76984400160661 48.897782981204934 49.015076513945516 49.143029775817475 49.260284660041386 49.37752033427917 49.462885054772556 49.516370449328335 49.495553168498034 49.37909467997566 49.13519049988596 48.71073883137651 48.105734338007 47.27773665771516 46.24791013485202 45.005666508942554 43.54038929748943 41.937029403576595 40.21685032424255 38.4222849069682 36.61707669564556 34.84370637704516 33.17652852341337 31.647375569632985 30.298746282545608 29.151894631197695 28.22803903382404 27.559064424246003 27.102474841178534 26.868909760740735 26.87959481317462 27.113307681098593 27.55941468706489 28.186071324483553 28.99327166834322 29.97038892728756 31.1174387452117 32.40255329556163 33.8151133959243 35.280777094073926 36.70396064276921 38.16962058713201 39.64590854662642 41.10095704178901 42.53477112757481 43.88361679227987 45.14749902757213 46.28393617021413 47.21858449591647 48.01516573899415 48.68430542402349 49.30033659797667 49.74643872785238 50.02261540795547 50.19258128898121 50.23509893322867 50.19265446347296 50.107722220552695 49.98030617140862 49.88475344296088 49.79981641936172 49.71487828427575 49.693664772168454 49.72555030521562 49.82115824310465 49.969870528722865 50.2035441546271 50.500940773351225 50.81957786818307 51.18069670190125 51.55243569410408 51.93479653476527 52.31715503486353 52.66765110972498 52.99690537658668 53.27305455661827 53.50672227432011 53.67666576974 53.80412614784748 53.89972415873255 53.995321594037144 54.05905539942683 54.14403127510662 54.239626224965 54.36708382840083 54.53702356052346 54.73882389911336 54.95124553412267 55.206148559638414 55.48229261460497 55.747816591717964 55.981477542834604 56.22575966014584 56.427558108162785 56.61873565902724 56.7674303937602 56.88426349140669 56.95861310534769 57.02234183268336 57.06482901690721 57.06483389571538 57.05421731492737 57.03297987264736 57.00112161331538 56.958642891737604 56.90554288497678 56.85244271431945 56.788721748179405 56.73562161677938 56.671900283428876 56.608178844159106 56.565698620581024 56.59756324235125 56.71439284457444 56.926808411195324 57.2135688348947 57.564052992559716 57.88267524725044 58.12695249933568 58.275643797871155 58.33936941277192 58.37123310271893 58.424337884659565 58.44558074549512 58.50930606235108 58.72172095080715 59.17841133498001 59.93248061965101 60.96268735692506 62.24779045116465 63.681583032588236 65.03041016411586 66.09247898165731 66.80406540301996 67.2076521171637 67.34572183632736 67.18641251611682 66.68724151231382 65.85882932305186 64.8073828151106 63.6497294619211 62.55580019687708 61.791111861761 61.66366425243979 62.21594014582368 63.469180818096554 65.29593818466459 67.48379871775913 69.8309693957414 72.15689877975228 74.29165587571909 76.00158578226667 77.16986105447722
29.416376700567508 29.41645578486981 29.818859616478143 30.16994710526153 30.549866511625098 30.916290713348776 31.276397099540826 31.61969188276094 31.956598873058027 32.2804507346043 32.591564479553604 32.893274083929356 33.185646660528384 33.468767392604406 33.74001608911401 34.03131756743592 34.281481603195544 34.52569637261362 34.759124989964064 35.00950650887202 35.22601610478112 35.43266777971228 35.63394096610487 35.84935203218233 36.03522299708689 36.21409592191613 36.403519055027196 36.56995847547266 36.728260367566925 36.88034781269088 37.044071493571494 37.18499998900891 37.32018966097477 37.45112642997133 37.576595775888336 37.69678887400016 37.81189354462738 37.92318271960885 38.030694918128845 38.13347939412701 38.23171868424609 38.32649879264411 38.41700280635362 38.494278298967885 38.57795423470772 38.65852397721983 38.72737361036913 38.800938363429154 38.871692233919525 38.93216209880101 38.996638073450576 39.05229849969797 39.11153551809722 39.162685255860886 39.211064728131824 39.263478943080024 39.307860981657115 39.35025649530074 39.396092141955165 39.4349165291088 39.47197410694062 39.50734211772903 39.545499382539624 39.577506015001944 39.60835302472185 39.63776968920084 39.665540780291316 39.69575482740699 39.72110703519571 39.74527704463806 39.76808903183035 39.79006437166057 39.81101145976649 39.83335698224091 39.852275155933015 39.870125756250154 39.88731741977988 39.903537560454595 39.920864406003666 39.935373521685094 39.94935320794284 39.96415161270373 39.97665993434506 39.988467956375764 40.00123574547465 40.011807048795156 40.02325722059453 40.03282803877511 40.0430052431815 40.05167796554 40.0608141617201 40.06859452029943 40.076880520549544 40.0846760823908 40.402665128797686 40.61153467298833 40.75336216397086 40.85430706010397 40.96848003963969 41.48780430148075 41.95286533943152 42.40420483699332 42.882486440251135 43.37405185279398 43.89258275651676 44.41094871758717 44.87557823224692 45.2584366328598 45.465269975743084 45.41491169729587 45.0265216131592 44.24510346120015 43.00331107083439 41.22024366998873 39.003377383002665 36.3530460064679 33.39118179244458 30.185021545383364 26.856592970637163 23.52777205003939 20.293441653595632 17.234636984508672 14.419236498121393 11.874356618693199 9.694882632187554 7.840152560950227 6.32380254051841 5.11879924901262 4.198095274884839 3.507549673982319 2.979475501038718 2.58679976960059 2.3024499071844606 2.1128915996629596 1.9774989384850965 1.8827270931824418 1.8421346325087078 1.8286290657254696 1.8693040225279094 1.9235206953580715 2.0183800602622743 2.1809694071993877 2.43839277540249 2.79064632064384 3.3325716721259546 4.172543898253755 5.44606059822082 7.31569220793833 9.930490425475986 13.317590192126316 17.178925471874177 21.121619166246596 24.84763833111726 28.12659123841758 30.82300185790836 32.95040359090102 34.495226036593465 35.430393883264095 35.660979122691955 35.146357662595555 33.900061801858875 32.369202842801705 30.933185140965893 29.984897936103522 29.754714601003684 30.459443595942293 31.93650012705874 34.02331846372748 36.50307281481599 39.09123919946977 41.61166938398402 43.834030818982356 45.66343160858223 46.95083641964564 47.68270794730329 47.818351370275344 47.317146988237816 46.31456038603397 44.919019119433635 43.29309585624413 41.68072136168657 40.24447670392987 39.13343989387673 38.415354827504885 38.212168627274096 38.51035342964651 39.323452601502396 40.52951529741144 42.03368986102849 43.72757264641375 45.54340432092037 47.39989699202569 49.120885626839915 50.61152155199005 51.83113850008165 52.67133678988515 53.05081183769472 52.98311289863406 52.50889027055728 51.709452948023426 50.652542917266516 49.405918937154674 48.023787515694615 46.695851015836986 45.4492150829499 44.3787391259576 43.57927215562346 43.07791997361277 42.90178758067513 43.06442072736304 43.56582317726165 44.3517942527348 45.408779013374556 46.696127682589115 48.10543623561765 49.663801802124624 51.222167855557046 52.71277992802257 54.05433281894077 55.20617397266805 56.086999831523734 56.656153656179605 56.927187910349495 56.900102356770866 56.56134441349706 55.97867148425583 55.1520818302072 54.20353313532332 53.22788170038957 52.292881888310305 51.466287140853105 50.856507114716194 50.436437916189156 50.20608179590579 50.17898865140585 50.38225957662993 50.829447404927095 51.50699960900958 52.44201894644739 53.64805723083333 55.16576573130761 57.0222479054888 59.095544054105325 61.1688403378929 62.93046567611978 64.32621688031018 65.41029619640021 66.23690790422997 66.81960286557131 67.13127984126089 67.09063187069309 66.61635402329904 65.73554812318072 64.55662192622609 63.553856962802975 63.20153633622993 63.63516950537392 64.65149295779071 65.73557057674616 66.48087486808936 66.75189642380953 66.61639016020347 66.31827219769329 65.96595035266388 65.55942488500327 64.96318590842753 63.98752078540826 62.6053271680188 60.938563901949415 59.46151335870792 58.56715315923118 58.37744143288031 58.91948047915082 59.99000591045387 61.57546717332942 63.797822573077596 66.6706230878361 70.03125734262345 73.66291059145757 77.13195263260019 79.99120237261664 82.07804851389417 83.41959290032169 84.08359019295992 84.13779508420026 83.54155472749846 82.15935978237502 79.95055718740663 77.09130927357727 73.8390839375772 70.57330763449706 67.78181413369268 65.60011297550732 64.01465327903516 62.9305783580382 62.2259297984464 61.873605773895136 61.84650430203417 62.23948209822028 63.120293788024675 64.5295922652334 66.64353984065045
50.0 50.0 50.0 50.0 50.0 50.0 50.0 50.0 50.0 50.0 50.0 50.0 50.0 50.0 50.0 50.0 50.0 50.0 50.0 50.0 50.0 50.0 50.0 50.0 50.0 50.0 50.0 50.0 50.0 50.0 50.0 50.0 50.0 50.0 50.0 50.0 50.0 50.0 50.0 50.0 50.0 50.0 50.0 50.0 50.0 50.0 50.0 50.0 50.0 50.0 50.0 50.0 50.0 50.0 50.0 50.0 50.0 50.0 50.0 50.0 50.0 50.0 50.0 50.0 50.0 50.0 50.0 50.0 50.0 50.0 50.0 50.0 50.0 50.0 50.0 50.0 50.0 50.0 50.0 50.0 50.0 50.0 50.0 50.0 50.0 50.0 50.0 50.0 50.0 50.0 50.0 50.0 50.0 50.0 50.0 50.0 50.0 50.0 50.0 50.0 50.0 50.0 50.0 50.0 50.0 50.0 50.0 50.0 50.0 50.0 50.0 50.0 50.0 50.0 50.0 50.0 50.0 50.0 50.0 50.0 50.0 50.0 50.0 50.0 50.0 50.0 50.0 50.0 50.0 50.0 50.0 50.0 50.0 50.0 50.0 50.0 50.0 50.0 50.0 50.0 50.0 50.0 50.0 50.0 50.0 50.0 50.0 50.0 50.0 50.0 50.0 50.0 50.0 50.0 50.0 50.0 50.0 50.0 50.0 50.0 50.0 50.0 50.0 50.0 50.0 50.0 50.0 50.0 50.0 50.0 50.0 50.0 50.0 50.0 50.0 50.0 50.0 50.0 50.0 50.0 50.0 50.0 50.0 50.0 50.0 50.0 50.0 50.0 50.0 50.0 50.0 50.0 50.0 50.0 50.0 50.0 50.0 50.0 50.0 50.0 50.0 50.0 50.0 50.0 50.0 50.0 50.0 50.0 50.0 50.0 50.0 50.0 50.0 50.0 50.0 50.0 50.0 50.0 50.0 50.0 50.0 50.0 50.0 50.0 50.0 50.0 50.0 50.0 50.0 50.0 50.0 50.0 50.0 50.0 50.0 50.0 50.0 50.0 50.0 50.0 50.0 50.0 50.0 50.0 50.0 50.0 50.0 50.0 50.0 50.0 50.0 50.0 50.0 50.0 50.0 50.0 50.0 50.0 50.0 50.0 50.0 50.0 50.0 50.0 50.0 50.0 50.0 50.0 50.0 50.0 50.0 50.0 50.0 50.0 50.0 50.0 50.0 50.0 50.0 50.0 50.0 50.0 50.0 50.0 50.0 50.0 50.0 50.0 50.0 50.0 50.0 50.0 50.0 50.0 50.0 50.0 50.0 50.0 50.0 50.0 50.0 50.0
50.0 50.0 50.0 50.0 50.0 50.0 50.0 50.0 50.0 50.0 50.0 50.0 50.0 50.0 50.0 50.0 50.0 50.0 50.0 50.0 50.0 50.0 50.0 50.0 50.0 50.0 50.0 50.0 50.0 50.0 50.0 50.0 50.0 50.0 50.0 50.0 50.0 50.0 50.0 50.0 50.0 50.0 50.0 50.0 50.0 50.0 50.0 50.0 50.0 50.0 50.0 50.0 50.0 50.0 50.0 50.0 50.0 50.0 50.0 50.0 50.0 50.0 50.0 50.0 50.0 50.0 50.0 50.0 50.0 50.0 50.0 50.0 50.0 50.0 50.0 50.0 50.0 50.0 50.0 50.0 50.0 50.0 50.0 50.0 50.0 50.0 50.0 50.0 50.0 50.0 50.0 50.0 50.0 50.0 50.0 50.0 50.0 50.0 50.0 50.0 50.0 50.0 50.0 50.0 50.0 50.0 50.0 50.0 50.0 50.0 50.0 50.0 50.0 50.0 50.0 50.0 50.0 50.0 50.0 50.0 50.0 50.0 50.0 50.0 50.0 50.0 50.0 50.0 50.0 50.0 50.0 50.0 50.0 50.0 50.0 50.0 50.0 50.0 50.0 50.0 50.0 50.0 50.0 50.0 50.0 50.0 50.0 50.0 50.0 50.0 50.0 50.0 50.0 50.0 50.0 50.0 50.0 50.0 50.0 50.0 50.0 50.0 50.0 50.0 50.0 50.0 50.0 50.0 50.0 50.0 50.0 50.0 50.0 50.0 50.0 50.0 50.0 50.0 50.0 50.0 50.0 50.0 50.0 50.0 50.0 50.0 50.0 50.0 50.0 50.0 50.0 50.0 50.0 50.0 50.0 50.0 50.0 50.0 50.0 50.0 50.0 50.0 50.0 50.0 50.0 50.0 50.0 50.0 50.0 50.0 50.0 50.0 50.0 50.0 50.0 50.0 50.0 50.0 50.0 50.0 50.0 50.0 50.0 50.0 50.0 50.0 50.0 50.0 50.0 50.0 50.0 50.0 50.0 50.0 50.0 50.0 50.0 50.0 50.0 50.0 50.0 50.0 50.0 50.0 50.0 50.0 50.0 50.0 50.0 50.0 50.0 50.0 50.0 50.0 50.0 50.0 50.0 50.0 50.0 50.0 50.0 50.0 50.0 50.0 50.0 50.0 50.0 50.0 50.0 50.0 50.0 50.0 50.0 50.0 50.0 50.0 50.0 50.0 50.0 50.0 50.0 50.0 50.0 50.0 50.0 50.0 50.0 50.0 50.0 50.0 50.0 50.0 50.0 50.0 50.0 50.0 50.0 50.0 50.0 50.0 50.0 50.0
50.0 50.0 50.0 50.0 50.0 50.0 50.0 50.0 50.0 50.0 50.0 50.0 50.0 50.0 50.0 50.0 50.0 50.0 50.0 50.0 50.0 50.0 50.0 50.0 50.0 50.0 50.0 50.0 50.0 50.0 50.0 50.0 50.0 50.0 50.0 50.0 50.0 50.0 50.0 50.0 50.0 50.0 50.0 50.0 50.0 50.0 50.0 50.0 50.0 50.0 50.0 50.0 50.0 50.0 50.0 50.0 50.0 50.0 50.0 50.0 50.0 50.0 50.0 50.0 50.0 50.0 50.0 50.0 50.0 50.0 50.0 50.0 50.0 50.0 50.0 50.0 50.0 50.0 50.0 50.0 50.0 50.0 50.0 50.0 50.0 50.0 50.0 50.0 50.0 50.0 50.0 50.0 50.0 50.0 50.0 50.0 50.0 50.0 50.0 50.0 50.0 50.0 50.0 50.0 50.0 50.0 50.0 50.0 50.0 50.0 50.0 50.0 50.0 50.0 50.0 50.0 50.0 50.0 50.0 50.0 50.0 50.0 50.0 50.0 50.0 50.0 50.0 50.0 50.0 50.0 50.0 50.0 50.0 50.0 50.0 50.0 50.0 50.0 50.0 50.0 50.0 50.0 50.0 50.0 50.0 50.0 50.0 50.0 50.0 50.0 50.0 50.0 50.0 50.0 50.0 50.0 50.0 50.0 50.0 50.0 50.0 50.0 50.0 50.0 50.0 50.0 50.0 50.0 50.0 50.0 50.0 50.0 50.0 50.0 50.0 50.0 50.0 50.0 50.0 50.0 50.0 50.0 50.0 50.0 50.0 50.0 50.0 50.0 50.0 50.0 50.0 50.0 50.0 50.0 50.0 50.0 50.0 50.0 50.0 50.0 50.0 50.0 50.0 50.0 50.0 50.0 50.0 50.0 50.0 50.0 50.0 50.0 50.0 50.0 50.0 50.0 50.0 50.0 50.0 50.0 50.0 50.0 50.0 50.0 50.0 50.0 50.0 50.0 50.0 50.0 50.0 50.0 50.0 50.0 50.0 50.0 50.0 50.0 50.0 50.0 50.0 50.0 50.0 50.0 50.0 50.0 50.0 50.0 50.0 50.0 50.0 50.0 50.0 50.0 50.0 50.0 50.0 50.0 50.0 50.0 50.0 50.0 50.0 50.0 50.0 50.0 50.0 50.0 50.0 50.0 50.0 50.0 50.0 50.0 50.0 50.0 50.0 50.0 50.0 50.0 50.0 50.0 50.0 50.0 50.0 50.0 50.0 50.0 50.0 50.0 50.0 50.0 50.0 50.0 50.0 50.0 50.0 50.0 50.0 50.0 50.0 50.0