4 302 9
300.00980000000004 300.01 301.04 301.96 302.98 303.99 305.01 306.01 307.02 308.02 309.01 310.0 310.99 311.98 312.96 314.05 315.02 316.0 316.97 318.05 319.02 319.98 320.95 322.03 323.0 323.97 325.04 326.02 326.99 327.96 329.05 330.03 331.01 332.0 332.99 333.98 334.97 335.97 336.98 337.99 339.0 340.02 341.04 341.95 342.98 344.02 344.95 345.99 347.04 347.98 349.03 349.98 351.04 352.0 352.95 354.03 354.99 355.95 357.04 358.01 358.98 359.95 361.05 362.02 363.0 363.98 364.95 366.06 367.04 368.02 368.99 369.97 370.95 372.05 373.03 374.0 374.98 375.95 377.04 378.0 378.97 380.05 381.01 381.96 383.04 383.98 385.05 385.99 387.04 387.98 389.02 389.95 390.99 392.02 393.05 393.96 394.98 395.99 397.0 398.01 399.01 400.0 401.0 401.98 402.97 403.95 405.04 406.02 406.99 407.96 409.04 410.01 410.97 412.05 413.01 413.98 415.05 416.02 416.98 417.95 419.03 420.0 420.98 421.95 423.04 424.03 425.01 426.0 427.0 427.99 429.0 430.0 431.01 432.03 433.05 433.96 434.99 436.02 437.06 437.99 439.03 439.97 441.02 441.97 443.03 443.98 445.05 446.0 446.96 448.04 449.01 449.97 451.06 452.03 453.0 453.98 454.95 456.05 457.02 458.0 458.98 459.95 461.05 462.03 463.0 463.98 464.95 466.04 467.01 467.98 468.95 470.03 470.99 471.95 473.03 473.98 475.04 475.99 477.05 477.99 479.04 479.97 481.01 482.05 482.96 483.99 485.01 486.03 487.05 488.06 488.95 489.95 490.95 492.05 493.04 494.02 495.0 495.98 496.95 498.03 499.0 499.97 501.04 502.01 502.97 504.04 505.0 505.96 507.03 507.99 508.96 510.03 511.0 511.97 513.05 514.02 515.0 515.98 516.96 517.95 519.05 520.05 521.05 522.05 522.95 523.96 524.98 526.0 527.03 528.06 528.98 530.02 530.95 532.0 533.05 533.99 535.05 536.0 536.95 538.02 538.98 540.06 541.02 541.98 542.95 544.03 545.0 545.97 546.94 548.04 549.01 549.98 550.96 552.05 553.02 553.99 554.97 556.06 557.02 557.99 558.96 560.04 561.0 561.96 563.03 563.99 565.05 566.0 567.06 568.0 569.05 569.98 571.03 571.95 572.99 574.02 575.04 575.95 576.96 577.98 578.98 579.98 580.98 581.97 582.96 583.95 585.04 586.02 586.99 587.96 589.04 590.0 590.97 592.03 592.99 593.95 595.02 595.97 597.04 597.99 598.95 600.02
0.0 13.54 26.89 39.77 51.58 60.9 70.0 80.0 90.0
71.04621016395508 71.04640116776291 72.01828385346005 72.86622769671244 73.78380616888882 74.6687911250516 75.53851734100292 76.36764030081241 77.18133551154482 77.96350007421718 78.7148996341819 79.44358638507431 80.14972241721287 80.83351346454663 81.48863126151679 82.19218038521053 82.79637466926383 83.38620033031759 83.9499753586079 84.55469490631351 85.07760724218844 85.57671080199597 86.0628242770298 86.58308345197726 87.03199759835246 87.46401013135127 87.92150344746943 88.32348667487035 88.70581620544317 89.0731366507707 89.46856084454765 89.8089302791267 90.1354393507316 90.45167684330286 90.75470945707075 91.04499891710968 91.32299884563508 91.59178361798111 91.85144626538978 92.09969055317852 92.33695734246406 92.56586954226188 92.7844541505615 92.9710893349243 93.17318282103754 93.3677742527981 93.53405936521106 93.71173239951312 93.88261661152673 94.02866297110008 94.18438485663707 94.31881549645519 94.46188429454403 94.58542075370688 94.70226648863779 94.82885690351769 94.93604806687371 95.03844139025932 95.14914329683194 95.24291166257191 95.33241284382228 95.4178333955487 95.50999053245954 95.58729270871683 95.66179417291137 95.73284107811558 95.79991360693788 95.87288634464566 95.93411680484175 95.99249202854743 96.04758736720244 96.10066204148657 96.1512532899957 96.20522202659778 96.25091305638466 96.2940256910437 96.33554686656555 96.37472162744773 96.41656929355862 96.45161159983884 96.48537523218569 96.52111622725911 96.55132623093068 96.57984487628777 96.61068154379724 96.63621327549419 96.66386764368347 96.68698301124962 96.7115629182347 96.7325092115749 96.75457488337798 96.77336594647879 96.79337823151243 96.81220601341629 96.8300954929486 96.84515725741967 96.86124996929159 96.87640124366878 96.89081077356828 96.90451466643113 96.9174214383261 96.92958212526521 96.94127239490082 96.95217806774735 96.96266791859347 96.9725548510528 96.982999373928 96.99191783358893 97.00032675625928 97.0083389344195 97.01681567800802 97.02404969561658 97.030872868898 97.03816852193908 97.04433180044235 97.0502666894374 97.05648882194265 97.0618495131912 97.06690556272832 97.07177414362293 97.076924672725 97.08131983319345 97.08554940776455 97.08953695981151 97.09379336556326 97.09746360545462 97.10092242038135 97.10424885260556 97.10744603498586 97.11045781552842 97.11338077725686 97.11613312262224 97.11877690707782 97.12131488878698 97.12372680159413 97.12577729541789 97.12798845762354 97.13008872078395 97.13210251190323 97.13381679243585 97.13564181781528 97.13721171809753 97.13888031619501 97.14031638801238 97.14184029463689 97.14313913392537 97.1445300685196 97.14570419576765 97.1468353879712 97.14804476424625 97.1490766976002 97.15004990304622 97.15109974349787 97.15198710350307 97.15283246860176 97.15364592653069 97.15441278475821 97.15523859561013 97.15593007542088 97.15659545418691 97.1572290237626 97.15782629656132 97.15846948268461 97.15901345996174 97.159526272226 97.1600197257656 97.16048490837875 97.16098141786799 97.16140107976182 97.16180087711689 97.1621817500616 97.16258464170261 97.16292495503508 97.16324932138942 97.16359610085856 97.16388603789142 97.16419370093033 97.16445591881707 97.16473416786877 97.16496887830088 97.16521833763255 97.16542861238658 97.16565246401828 97.1658649737885 97.16604206841042 97.16623303179298 97.16641269377351 97.16658342333716 97.1667456645559 97.16689836575468 97.16702667945619 97.16716420178099 97.16729501742412 97.16743155827353 97.16754818657606 97.16765808866664 97.16776273559451 97.16786237863396 97.16795631218751 97.1680556755423 97.16814045824464 97.16822122724582 97.16830589493465 97.16837883197208 97.16844761680227 97.16852049128812 97.16858263726458 97.16864187076845 97.16870462603377 97.16875814252091 97.1688096695062 97.1688636836453 97.16891021413439 97.16895454178776 97.16900143173875 97.16904144098346 97.16907993950677 97.16911659710252 97.16915150179916 97.16918506823124 97.16922046645686 97.16925100013633 97.16928004468848 97.16930767273725 97.16933138403749 97.16935675321552 97.1693811058466 97.1694042476438 97.16942644890642 97.16944753575608 97.16946547404109 97.16948478290884 97.16950121934931 97.16951888084361 97.16953563903473 97.16954991316905 97.16956522489177 97.16957827483502 97.16959071940084 97.16960404599376 97.16961541064596 97.16962756049367 97.16963782311531 97.16964760476878 97.16965702277611 97.16966698517074 97.16967548566168 97.16968358371813 97.16969129839232 97.22048339381666 97.25096062846167 97.27128077878653 97.30175744098926 97.36270474705755 97.41349425546525 97.44396997648485 97.47444549549587 97.44398073609939 97.3830447817058 97.24085454116558 97.01740996539104 96.74318179124221 96.42832584233268 96.11346969374074 95.79861373294229 95.55485455735548 95.38219288897307 95.29078484727233 95.28063111038821 95.26032013155482 95.20953900949718 95.10797361944488 94.8946839460544 94.6204532463197 94.32590915299801 94.09230552856584 93.92979915542293 93.57431387412653 92.43675743810736 90.08038855454629 86.00752541093667 80.54318460279892 73.93112855979321 66.7299795948061 59.16318665807704 51.31200391499251 43.22721527524792 34.90882062739886 26.67167993892119 19.12519948126088 12.75690430584773 8.135573600482653 5.007288165129594 3.1485990777954256 2.0110407171008013 1.3406938214397068 0.9445797453260969 0.6805036920499835 0.517995351394443 0.40627086629801057 0.3250166949338062 0.2640760662652884
70.84189413879645 70.84208459331195 71.81117232053342 72.65667763096033 73.57161731373789 74.4540572135472 75.32128225451663 76.14802080695063 76.95937597771801 77.73929117685506 78.4885298478569 79.21512102770922 79.91922634058808 80.60105092878901 81.25428472569808 81.95581056961204 82.55826730039885 83.14639672974194 83.7085504432204 84.31153092709646 84.83293946185763 85.33060769027668 85.8153231910517 86.33408619489542 86.78170934553962 87.21247948878454 87.66865713703427 88.06948433352217 88.4507143536523 88.81697845194634 89.21126547740229 89.5506560711706 89.8762261618568 90.19155421270924 90.49371535959668 90.78316999975594 91.06037045086714 91.32838224691812 91.58729815160993 91.8348285338148 92.07141298681277 92.29966687660834 92.51762287518726 92.70372133058258 92.90523363245394 93.09926545452137 93.26507236108588 93.4422344399399 93.61262721992806 93.75825357663837 93.91352763425307 94.04757167591312 94.19022903406616 94.31341022476022 94.4299199325327 94.55614629632063 94.66302919731643 94.7651280560601 94.87551160401125 94.96901030892444 95.05825410099727 95.14342899869717 95.23532110838335 95.31240097759073 95.38668818907568 95.45753077625594 95.52441041664048 95.59717329797903 95.65822767046801 95.7164350176093 95.77137191205493 95.82429395319423 95.87473971044099 95.92855324273702 95.97411287340255 96.01710152393734 96.05850329208303 96.09756539345231 96.13929271325927 96.17423424421713 96.20790077847613 96.24353898892484 96.27366211410063 96.30209874500193 96.33284673184399 96.35830503890753 96.38587987814553 96.40892877010363 96.43343798973068 96.4543240453272 96.47632626025701 96.49506328366573 96.51501801699432 96.53379165360946 96.55162968624064 96.56664813580664 96.58269456795561 96.59780227001346 96.6121703607163 96.62583484366677 96.6387044980248 96.65083021303207 96.66248686357076 96.67336117367856 96.68382085761465 96.69367935704797 96.70409384336818 96.71298665515536 96.72137139528802 96.72936053187584 96.73781289788599 96.7450261117709 96.75182966284247 96.75910433490755 96.76524988893878 96.77116771026861 96.77737194904839 96.7827172239204 96.78775873317532 96.79261331291359 96.79774903002735 96.80213155081081 96.80634896189193 96.81032504646186 96.81456921156203 96.81822889650859 96.82167776451041 96.82499463051838 96.82818261838155 96.83118573758908 96.8341002934093 96.8368447235282 96.8394809049388 96.84201158787252 96.84441656445553 96.84646116143065 96.84866596473452 96.85076018791868 96.85276818773966 96.85447753831212 96.85629731524932 96.85786270078286 96.85952650029459 96.86095844222966 96.86247796637488 96.86377307043695 96.86516000495537 96.86633075562624 96.867458694726 96.86866459305405 96.86969355875468 96.87066396543821 96.87171078673897 96.87259559485761 96.87343852883949 96.87424964741082 96.87501430029306 96.87583773626262 96.87652722750275 96.87719069276004 96.87782244030444 96.87841799545484 96.8790593318914 96.87960174478846 96.88011308229758 96.88060511675421 96.88106896158648 96.88156404320439 96.88198249822668 96.882381145837 96.88276092346015 96.88316265645781 96.88350199111082 96.8838254246463 96.88417120684053 96.88446031006704 96.8847670883228 96.88502855211841 96.88530600097627 96.88554003642372 96.88578877835556 96.8859984483975 96.88622165627247 96.88643355490312 96.88661014023299 96.88680055443947 96.8869796997447 96.88714993832107 96.88731171296347 96.88746397502126 96.88759191971582 96.88772904655134 96.8878594859924 96.88799563417507 96.88811192707573 96.88822151310781 96.88832585909007 96.8884252155742 96.88851887899187 96.88861795659568 96.88870249547831 96.8887830322025 96.8888674564024 96.88894018368613 96.88900877070361 96.88908143561564 96.88914340287153 96.8892024660306 96.88926504082313 96.88931840340656 96.88936978220957 96.88942364101379 96.88947003768962 96.8895142378647 96.8895609929687 96.88960088715407 96.88963927496259 96.88967582713774 96.8897106314548 96.8897441013559 96.88977939778265 96.88980984365278 96.88983880467808 96.88986635327358 96.88988999638441 96.88991529260528 96.8899395752026 96.8899626504482 96.88998478786401 96.89000581407171 96.89002370076946 96.89004295410841 96.89005934328065 96.8900769539837 96.8900936639813 96.8901078970658 96.89012316475477 96.89013617716876 96.89014858594626 96.98157726962975 97.04253221636235 97.07301615616568 97.11365548733582 97.17460888761696 97.22540466458015 97.24572917816313 97.25589495893303 97.21527396628913 97.12386620708202 96.97151536857884 96.73790494244165 96.45350776795962 96.16911030703425 95.89487044118883 95.62062951151061 95.38701740566103 95.21434875708165 95.07215222032627 95.00105576017171 94.90964456145595 94.7776040188445 94.6252491367211 94.42210714753087 94.18849311925821 93.80252001704028 93.20324336805669 92.21799000555771 90.66392812603307 88.34806989876363 84.9860106542354 80.64885189812058 75.31627848800576 69.06954914938393 62.050865417755496 54.564946268052445 46.875880959961066 39.16650069100307 31.700894913905607 24.702524143777907 18.415163267136833 13.143530976815306 8.907941922438 5.749025317440524 3.5753656187384157 2.265075408104413 1.4626496095193704 0.9750997526655467 0.6906956659909311 0.5078644657307274 0.38597699789639284 0.30471868584097517 0.2539322405174566 0.21330308390829966 0.17267392664411782 0.16251663811829145 0.1422020594183201 0.12188748046837963 0.11173019117754858 0.1015729017988898 0.1015729024137291 0.10157290300607115 0.09141561327026738
70.61283323924613 70.61302307794405 71.57897734707213 72.42174879204647 73.33373009956713 74.21331670924768 75.07773765596734 75.90180302357454 76.71053475029755 77.4879281637136 78.23474423879189 78.9589860513484 79.66081470296197 80.34043467261893 80.99155629673879 81.69081381986857 82.29132256094715 82.8775503266239 83.43788636657938 84.03891716723865 84.55863977435126 85.05469883726921 85.5378470540242 86.05493268430587 86.50110848571143 86.93048577240287 87.38518841121459 87.78471956897697 88.16471691609055 88.5297967323316 88.92280886611745 89.26110207089505 89.58561945994553 89.89992792587776 90.20111206184595 90.48963077643376 90.76593492479276 91.03308012878209 91.29115885215968 91.5378888671143 91.77370834554064 92.00122419689217 92.21847545433303 92.4039721770938 92.60483290704295 92.79823734464749 92.96350812947738 93.14009737066743 93.30993920091132 93.45509468788173 93.60986668078253 93.74347730307773 93.88567339148095 94.00845628686274 94.12458927096354 94.2504074931456 94.35694479788447 94.45871352914199 94.56874016180879 94.6619365470605 94.75089177735023 94.83579126967139 94.9273862544774 95.00421689285332 95.07826390331466 95.14887742735446 95.21554081843097 95.28806842753045 95.34892538619174 95.40694452510598 95.46170378603951 95.51445470851382 95.56473735393708 95.61837688501159 95.66378920270488 95.7066388533007 95.74790675254904 95.78684255012328 95.82843494839084 95.86326349904786 95.89682117559326 95.93234415309058 95.96236987784768 95.99071456145799 96.0213631274473 96.04673911736239 96.07422479583532 96.09719916127221 96.12162913253975 96.14244765495212 96.16437872769686 96.1830551666239 96.2029453781152 96.22165831186317 96.23943866681859 96.25440855557733 96.27040310302971 96.28546195569037 96.29978358846292 96.3134038885355 96.3262319300225 96.3383184376198 96.34993739742633 96.36077654642945 96.37120240991733 96.38102903277853 96.39140984479296 96.40027390247225 96.40863153130105 96.41659483573353 96.42501987177764 96.43220976238355 96.43899131478405 96.44624246485064 96.45236814778508 96.45826683437137 96.46445101230249 96.46977900370847 96.47480421169621 96.47964309458706 96.48476220582099 96.48913055611726 96.49333433057859 96.49729755883631 96.50152800080997 96.50517585249408 96.5086135688911 96.51191971011085 96.5150973899017 96.51809079879311 96.52099593065896 96.52373148690965 96.52635914446452 96.52888164466235 96.53127884496966 96.53331683092418 96.53551450519467 96.53760195689634 96.53960346403031 96.54130728757129 96.54312118042326 96.54468150442332 96.54633992418883 96.54776723606831 96.54928184696874 96.55057276342819 96.55195521341847 96.55312217857222 96.55424647058224 96.55544846974641 96.5564741083789 96.55744137733961 96.55848481383775 96.55936676100885 96.56020696943942 96.56101546533174 96.56177764577758 96.56259841924093 96.56328568107308 96.56394700107506 96.56457670592054 96.56517033539689 96.56580959812969 96.56635025718339 96.56685994132862 96.56735038483605 96.56781272986773 96.56830621068372 96.56872331266928 96.56912067128837 96.5694992209347 96.56989965496481 96.57023789240971 96.57056028015191 96.57090494429048 96.57119311272768 96.57149889904352 96.57175951741944 96.57203606917135 96.57226934788619 96.57251728553335 96.57272627762605 96.57294876377841 96.57315997725388 96.57333599161095 96.5735257901302 96.57370435618517 96.57387404431041 96.57403529586904 96.57418706560117 96.57431459659804 96.57445128004626 96.5745812977231 96.57471700568286 96.57483292256087 96.57494215425638 96.57504616284527 96.57514519806914 96.57523855863457 96.57533731587984 96.5754215814136 96.5755018577295 96.57558600895135 96.57565850107794 96.57572686632545 96.57579929628203 96.57586106317237 96.57591993535601 96.57598230781858 96.60653640390096 96.63708855496554 96.69814415187388 96.73885839532224 96.73890252678954 96.75928319748728 96.76949003635369 96.76952837657412 96.7085628463175 96.66792954622116 96.61712787275542 96.52565991637809 96.444354085835 96.30204458767301 96.1495665764539 96.02758569499481 95.80393607716296 95.58028534261372 95.2956310900007 94.93980651189968 94.42130803341698 93.668964305294 92.55060800040184 90.94423031955218 88.84983490421017 86.20641721930197 83.05464391012119 79.53685661557691 75.80555829856476 71.93191974915797 68.0379467109498 64.2253077765434 60.656677870074006 57.48456133063123 54.75979456916969 52.40104132275685 50.26596330251062 48.09021586168328 45.70095947428283 42.813516268140255 39.580392562747 36.0117545577638 32.158438010829194 28.1017794798964 23.912948595427885 19.673281565823196 15.545451779266159 11.732800730306012 8.469171198153981 5.835899758030347 3.944824406929121 2.6129379296677557 1.73856967527853 1.209881867863446 0.8642013662240806 0.6303586683553979 0.4880196305553881 0.38634888777384174 0.30501228896163707 0.2541769155504737 0.21350861478928163 0.18300738932229016 0.16267323886218238 0.14233908767974698 0.1321720128348319 0.12200493775275144 0.11183786204485775 0.10167078576247707 0.10167078753524744 0.10167078941065223 0.10167079121090845 0.10167079288894129 0.091503715036622 0.0915037164031343 0.08133663794695242 0.0813366390358615 0.09150372008120462 0.08133664115538891 0.07116956182012467 0.07116956258291818 0.06100248283679917 0.061002483495671944 0.06100248405220244 0.06100248458804307 0.061002485144635875 0.05083540468657142 0.0508354050672291 0.05083540547051848 0.06100248697312497 0.0610024874105809 0.0711695690764801 0.07116956949151923 0.07116956993123418
69.47016977573794 69.47035654244833 70.42067964936241 71.24981328808987 72.14703682890296 73.0123898859024 73.86282269211563 74.67355295696726 75.46919771134382 76.2340112719267 76.96874229951707 77.68126436341049 78.37173595822497 79.04035825404881 79.68094336722511 80.36888543979711 80.9596766923333 81.53641806554563 82.08768669536087 82.67899155946085 83.19030396679725 83.67833575562159 84.15366562280157 84.66238372511242 85.10133946802182 85.52376853135137 85.9711131295875 86.36417903683427 86.73802723138085 87.09719929193294 87.48385166665813 87.81667057919564 88.13593659754294 88.44515889451952 88.74146924066548 89.02531911846296 89.29715208728331 89.55997432262731 89.81387679199577 90.05661419880104 90.2886176243993 90.51245179299173 90.72618747029098 90.90868246775656 91.10629285061103 91.2965675995401 91.45916395709173 91.63289561468544 91.79998904856717 91.94279561588829 92.09506307394251 92.22651159666701 92.36640665468498 92.4872026657844 92.60145637508836 92.72523859504624 92.83005190316804 92.93017380331001 93.03841997472928 93.13010824736926 93.21762399581303 93.30114963661887 93.39126242282475 93.46684978063364 93.53969855545486 93.60916940485257 93.67475404270756 93.74610800326171 93.80598016893322 93.8630604367219 93.91693357817987 93.96883088029918 94.01829984725724 94.07107137842937 94.11574882975572 94.15790508330296 94.19850518155079 94.23681091641164 94.27773026260523 94.31199521440215 94.34500985749102 94.37995799884824 94.40949784452258 94.437383851815 94.46753645984654 94.49250181312243 94.51954271577884 94.54214530788816 94.56617995107862 94.58666158621662 94.60823776829359 94.62661198334133 94.64618032957232 94.66459044887837 94.68208308046903 94.6968107250895 94.71254644728094 94.7273616161812 94.7414514949544 94.75485139005893 94.76747184698031 94.77936276958265 94.79079371029624 94.8014574591777 94.81171461036872 94.82138221790088 94.8315950466456 94.84031566531553 94.84853805021392 94.85637249171022 94.86466119303407 94.87173473615857 94.87840654884465 94.88554036012353 94.89156691668451 94.89737015017346 94.90345425515963 94.90869602851099 94.91363991811366 94.91840049774956 94.92343677104732 94.92773443229105 94.93187018088136 94.93576927580919 94.93993126037567 94.94352008218308 94.94690216913224 94.95015481006594 94.95328106834559 94.9562260376147 94.95908415836533 94.96177544758925 94.9643605841441 94.9668422650081 94.96920067359612 94.97120568067155 94.9733677919717 94.97542146433494 94.9773905828935 94.97906683500278 94.98085137527119 94.98238644996253 94.98401803302448 94.9854222480098 94.98691234933517 94.98818237606388 94.98954245511926 94.9906905363339 94.9917966349456 94.99297918324702 94.99398822489934 94.99493984142337 94.99596639293465 94.99683406835422 94.99766068045349 94.99845609318976 94.99920593996042 95.00001343159092 95.00068957208791 95.00134019054785 95.00195970545069 95.00254372875939 95.00317264688294 95.00370455694133 95.02467221607749 95.03538799047166 95.00514336375608 94.99539559438573 94.98557259375441 94.98596343806368 94.96586899964308 94.96626278407763 94.98706234342644 94.98737944593375 94.96725137959876 94.90613333938154 94.80409782379286 94.62014832206766 94.25200752919224 93.56657833518888 92.4104092268912 90.81414685995553 88.76760475913156 86.25028927173203 83.33381414550799 80.04892242680368 76.44675993048892 72.66036803246878 68.82278745255257 65.09776044255605 61.659255557997255 58.67103940557929 56.13310385340884 54.03522421645594 52.42855794050472 51.24147697087467 50.44328180540259 49.98280401268818 49.727002350551935 49.56330904565237 49.42007603045054 49.266606702605806 49.07220294585313 48.85732486196711 48.63221032585396 48.39686344967951 48.14104277243384 47.90568847554468 47.721506009748616 47.53731878617354 47.301959944508845 46.91309063569277 46.20696022015439 45.09146392139572 43.494964626262174 41.315116351740336 38.654262146807326 35.584040293341836 32.145387032143624 28.450877688511575 24.602854273184857 20.73435874396312 16.9784360504056 13.509066882933055 10.47976353312731 7.921229582388516 5.9153383024277755 4.400685252292391 3.2646951540132654 2.486899983024184 1.9240217412336889 1.5146557142938437 1.2280994355416108 1.0131822184774384 0.8596699093939908 0.7368600305818945 0.6447526283575693 0.5833476944770476 0.521942740851289 0.48100612126323417 0.45030365555082735 0.41960118604733765 0.409367054013404 0.3786645630809432 0.35819624303738595 0.3479621003399705 0.34796213078001187 0.32749379743900753 0.32749382343999733 0.32749385143937226 0.3172596912937285 0.31725971293032934 0.3274939187096084 0.32749394140808896 0.3377281468617563 0.34796235254945423 0.36843074601389675 0.38889914284985894 0.4196017266717493 0.45030431261324194 0.49124108968846125 0.5424120615062741 0.6140514142665824 0.675456580732385 0.7777985174511561 0.9108430312053426 1.0848243224997205 1.3202107716609524 1.606768199548385 2.046838525664068 2.6506559663001146 3.5000940627737696 4.636089623908808 6.160984577702665 8.054310589789639 10.275130887474708 12.813211289817554 15.586678222567667 18.534126580269202 21.542980200045616 24.4597261415163 27.151319862852713 29.43354583178101 31.21429626208746 32.3298240039474 32.83130000826129 32.821066249595205 32.3605278020408 31.59296343946643 30.600246727736977 29.51542224614446 28.49200287202432 27.642564810819163 27.12062103555597 27.01827928164599 27.417413158154883 28.277085911518835 29.53589232252213 31.122193068915376 32.96434872797605 34.98048575265184 37.09896478549208
54.73027979329501 54.73042693262616 55.479114458557696 56.13232599064517 56.83918039425973 57.52092645998048 58.190917991305376 58.829630900392274 59.45645907950384 60.05899769853318 60.63783657056484 61.1991786839017 61.7431489044368 62.269905718830735 62.77457416269285 63.31655156443218 63.7819912006835 64.23636200222577 64.6706647604953 65.13650903235758 65.53933331226999 65.9238165579077 66.29829292249484 66.69907334616829 67.0448932959951 67.37769312797305 67.7301220208996 68.03978884840654 68.33431549709336 68.61727993249647 68.92189402398013 69.1840968120614 69.43562230234085 69.67923510603036 69.91267556259709 70.13629936085897 70.35045594761566 70.55751366062705 70.75754416629017 70.94877856565378 71.1315564750354 71.30789844618518 71.47628458167556 71.62005855407855 71.77574079263646 71.92564384138537 72.05374118404191 72.19061118536408 72.32225143350932 72.43475790083242 72.55471788667418 72.65827621178481 72.76848892166791 72.86365494050344 72.9536667757676 73.05118540215933 73.13375986106861 73.21263831531589 73.29791726695015 73.37015150549527 73.43909852857163 73.50490204835539 73.57589508058666 73.63544462904855 73.69283665560377 73.74756747081967 73.79923663459937 73.85545101032488 73.90261975036985 73.9475889657444 73.9900315294355 74.03091747911255 74.0698903276235 74.11146501609043 74.14666299271028 74.1798747087479 74.21186044800709 74.24203863230389 74.27427588281536 74.3012706404934 74.3272803747342 74.35481336566988 74.37808557047414 74.40005484140524 74.42380979521334 74.44347810427806 74.46478158133917 74.48258845001662 74.50152352316805 74.51765945065097 74.53465768868256 74.54913333965321 74.56454975604849 74.57905369326214 74.59283481146535 74.60443760606593 74.61683458855593 74.62850633690077 74.63960668414335 74.6501634455654 74.66010614673708 74.6694741031294 74.67847967466572 74.68688083392315 74.69496166568706 74.70257804069915 74.71062395416797 74.71749426845274 74.72397206212318 75.09064719049573 75.4789511082325 75.85574526004554 76.17924452285273 76.4395232939889 76.98533335512978 77.42495356244724 77.82242424200824 78.2192510376733 78.59465559857065 78.90628656232059 79.12268374605972 79.21115406963983 79.1403248159894 78.8252182107112 78.1707070558794 77.10177223985539 75.6505175178062 73.83819866746306 71.63294675607037 69.10899122200179 66.36191339713659 63.4871805976742 60.56975659686845 57.737033872819225 55.11640455582649 52.84577319279565 51.021006024831685 49.58890396899093 48.49642684585259 47.764727479243646 47.30909638658354 47.08690159453962 47.01338936502074 47.024701850312745 47.04667479925511 47.06853936309743 47.10106705177313 47.11225437637172 47.13403929704889 47.155862662994764 47.17760038772933 47.19931003130153 47.24229461378823 47.2958197619798 47.38118187775347 47.477148793449565 47.59433247992486 47.732785130315094 47.871173939210806 48.03079028117228 48.19039302742242 48.33936042088474 48.49897199366243 48.6372969960097 48.77560789890824 48.90329090608264 49.020341283086736 49.14802833393043 49.26505795561788 49.38207849035727 49.46723081507965 49.52053537281579 49.49946896981857 49.38281465609431 49.13873095029208 48.7140763913284 48.108887029608624 47.28064968374876 46.25063320475331 45.00818760104071 43.54271895515246 41.93916323669336 40.21878376255434 38.42405014507903 36.61867506069719 34.845159222880405 33.177835626133906 31.648567185883927 30.299836559118877 29.152885406366167 28.228951452586777 27.55990695914695 27.103266762440708 26.86965566860531 26.880308349772587 27.113988477391594 27.56007672365894 28.186712382402675 28.993895701715115 29.971010014527554 31.11804959760268 32.4031563959602 33.81571283629092 35.28137008929234 36.70454585903558 38.17020739350864 39.64648729320119 41.10152674954342 42.53532840942267 43.88416324265358 45.14803409238543 46.28446058497758 47.219093690087284 48.01565901024859 48.6847792781436 49.300793730860796 49.746878355915285 50.02303276053129 50.19298041360973 50.23548018811543 50.193016037484796 50.10806688073206 49.98063442677269 49.88506303683921 49.800110210522945 49.71515819096713 49.693929389911645 49.72580312361269 49.82140020268264 49.970099940980475 50.203763236363585 50.501151179508035 50.819779026132274 51.18089020688876 51.55262168700699 51.93497261673736 52.31732421745038 52.66781275629992 52.99705975246532 53.27320404344776 53.50686470514149 53.67680191204705 53.80425548201631 53.89984683353278 53.99543800222205 54.05916750770352 54.14413753702451 54.23972802002494 54.36718029732887 54.53711558803248 54.73891214466412 54.95132921062894 55.206228832869996 55.48237002916972 55.74788999687256 55.981547832463626 56.22582624553241 56.427622173333745 56.618796928590584 56.76748891595317 56.8843187780383 56.95866610409641 57.02239235627718 57.06487716293889 57.064879404100466 57.05426064133409 57.03302129866696 57.00116098372641 56.958680096224356 56.905578247520836 56.85247649178574 56.78875380281307 56.73565188850353 56.6719290522246 56.60820630634873 56.565724833112625 56.59758802447638 56.714416460972096 56.9268310558339 57.21359035966524 57.56407367132256 57.8826949140338 58.126971375314504 58.27566168882383 58.339386539496324 58.371249318460016 58.42435348928783 58.445595511168264 58.509320211151156 58.72173438928112 59.17842422699476 59.93249299345434 60.962699415949764 62.24780218413667 63.68159440851856 65.03042119464888 66.0924896790392 66.8040756652796 67.20766197796179 67.34573122343599 67.18642141679975 66.68724987077657
29.416376700567508 29.41645578486981 29.818859616478143 30.16994710526153 30.549866511625098 30.916290713348776 31.276397099540826 31.61969188276094 31.956598873058027 32.2804507346043 32.591564479553604 32.893274083929356 33.185646660528384 33.468767392604406 33.74001608911401 34.03131756743592 34.281481603195544 34.52569637261362 34.759124989964064 35.00950650887202 35.22601610478112 35.43266777971228 35.63394096610487 35.84935203218233 36.03522299708689 36.21409592191613 36.403519055027196 36.56995847547266 36.728260367566925 36.88034781269088 37.044071493571494 37.18499998900891 37.32018966097477 37.45112642997133 37.576595775888336 37.69678887400016 37.81189354462738 37.92318271960885 38.030694918128845 38.13347939412701 38.23171868424609 38.32649879264411 38.41700280635362 38.494278298967885 38.57795423470772 38.65852397721983 38.72737361036913 38.800938363429154 38.871692233919525 38.93216209880101 38.996638073450576 39.05229849969797 39.11153551809722 39.162685255860886 39.211064728131824 39.263478943080024 39.307860981657115 39.35025649530074 39.396092141955165 39.4349165291088 39.47197410694062 39.50734211772903 39.545499382539624 39.577506015001944 39.60835302472185 39.63776968920084 39.665540780291316 39.69575482740699 39.72110703519571 39.74527704463806 39.76808903183035 39.79006437166057 39.81101145976649 39.83335698224091 39.852275155933015 39.870125756250154 39.88731741977988 39.903537560454595 39.920864406003666 39.935373521685094 39.94935320794284 39.96415161270373 39.97665993434506 39.988467956375764 40.00123574547465 40.011807048795156 40.02325722059453 40.03282803877511 40.0430052431815 40.05167796554 40.0608141617201 40.06859452029943 40.076880520549544 40.0846760823908 40.0920831441846 40.09831940276101 40.104982520659426 40.11125584042615 40.11722204409308 40.122896081790344 40.12824007499104 40.13327515493567 40.13811546062599 40.142630907401916 40.14697418487315 40.151067826588395 40.155392336208905 40.15908498594165 40.16256666408248 40.477037771316425 40.68351877727455 40.821858453345826 40.91945018193933 41.03078752705378 41.547664318465706 42.010370366372435 42.45972326019401 42.93582436859015 43.42537815010283 43.94197242487218 44.4587474252222 44.921072674469585 45.30212706358138 45.50708391724954 45.454917592532986 45.063951162076606 44.28015911669208 43.03583072318018 41.249671636449094 39.02995428732449 36.37668725359089 33.411701736150036 30.20272525306675 26.87164701109815 23.540364075939024 20.30365404806101 17.242921964585182 14.425851518500927 11.879562519978093 9.69887899912943 7.843235267730584 6.326165920261578 5.12062482834523 4.199516307765002 3.508683183254562 2.9803884987526823 2.5875561548760615 2.3030882876842886 2.1134468026933884 1.9779940671927183 1.8831787386360492 1.8425530510644883 1.8290246317888936 1.8696867008196651 1.923897258823291 2.018754167370169 2.1813556134687935 2.438803403054508 2.7910948705450385 3.3330778662291856 4.173149094713243 5.44680600368618 7.316653515602972 9.931735285659233 13.319164140613216 17.180860533654283 21.123887865118615 24.850165695928393 28.129316690259092 30.825847202354836 32.953298580869145 34.4981275008127 35.433196930695104 35.66366564401366 35.14889014359327 33.90238456458739 32.371324213888926 30.935091094592025 29.986663442324776 29.756381377249486 30.46107334885286 31.938125114869603 34.02495414595723 36.504749878412056 39.09294556371837 41.61340442732034 43.83575781042738 45.66515097033653 46.95252590859565 47.684328522692894 47.81989700938053 47.31859356665344 46.315913675183126 44.9202661164249 43.2942451000682 41.68176793560246 40.24544346307875 39.13432993638239 38.416181656007716 38.21296051190411 38.51110940900787 39.324184518821404 40.530233763951074 42.03439635842319 43.728269848741604 45.54410448926519 47.40058893046357 49.12156650026622 50.61218465376552 51.831783915092394 52.67196102333313 53.05141292375702 52.983684256130864 52.50942970691607 51.709956246511815 50.653012588360674 49.40635555591561 48.02418819149408 46.69622233493856 45.449560015790034 44.37905881813004 43.57957191061315 43.078202896215444 42.9020538369937 43.06467478344362 43.56606846329762 44.35203042512731 45.409009884117104 46.6963544652603 48.1056570882357 49.66401852849569 51.22238126662062 52.71298857978932 54.054537188628395 55.206373147671464 56.08718999130481 56.65633687016802 56.927362630215534 56.900268102359846 56.56150312743075 55.97882049521782 55.15222171467192 54.203663429585255 53.228002846088465 52.29299462621582 51.466393872217836 50.85660692460948 50.43653257355645 50.20617088155378 50.17907332502808 50.38234079887636 50.82952480500299 51.50707450344463 52.44209211891161 53.648127871159275 55.165834996739285 57.022315434117004 59.09561114838088 61.16890653131976 62.930530551856286 64.32627939988303 65.41035705925594 66.23696659222003 66.81965924178013 67.13133337749198 67.09068281865346 66.61640241022171 65.73559352641973 64.55666409359284 63.5538964567776 63.20157388585244 63.63520542451392 64.65152745308846 65.73560394660305 66.48090711979626 66.75192735662282 66.61641932922811 66.31829981323513 65.96597659293883 65.55944954963452 64.96320924518452 63.987542526433586 62.6053474982921 60.93858261043364 59.46153081486081 58.56716942939958 58.377457024982945 58.91949536454984 59.99002041731879 61.575481264883614 63.797836471430905 66.67063685281246 70.0312711955013 73.6629244760447 77.13196641127334 79.99121594081645 82.07806179861647 83.41960571501367 84.08360252981859 84.13780681190323 83.54156579486853 82.15937008008615
50.0 50.0 50.0 50.0 50.0 50.0 50.0 50.0 50.0 50.0 50.0 50.0 50.0 50.0 50.0 50.0 50.0 50.0 50.0 50.0 50.0 50.0 50.0 50.0 50.0 50.0 50.0 50.0 50.0 50.0 50.0 50.0 50.0 50.0 50.0 50.0 50.0 50.0 50.0 50.0 50.0 50.0 50.0 50.0 50.0 50.0 50.0 50.0 50.0 50.0 50.0 50.0 50.0 50.0 50.0 50.0 50.0 50.0 50.0 50.0 50.0 50.0 50.0 50.0 50.0 50.0 50.0 50.0 50.0 50.0 50.0 50.0 50.0 50.0 50.0 50.0 50.0 50.0 50.0 50.0 50.0 50.0 50.0 50.0 50.0 50.0 50.0 50.0 50.0 50.0 50.0 50.0 50.0 50.0 50.0 50.0 50.0 50.0 50.0 50.0 50.0 50.0 50.0 50.0 50.0 50.0 50.0 50.0 50.0 50.0 50.0 50.0 50.0 50.0 50.0 50.0 50.0 50.0 50.0 50.0 50.0 50.0 50.0 50.0 50.0 50.0 50.0 50.0 50.0 50.0 50.0 50.0 50.0 50.0 50.0 50.0 50.0 50.0 50.0 50.0 50.0 50.0 50.0 50.0 50.0 50.0 50.0 50.0 50.0 50.0 50.0 50.0 50.0 50.0 50.0 50.0 50.0 50.0 50.0 50.0 50.0 50.0 50.0 50.0 50.0 50.0 50.0 50.0 50.0 50.0 50.0 50.0 50.0 50.0 50.0 50.0 50.0 50.0 50.0 50.0 50.0 50.0 50.0 50.0 50.0 50.0 50.0 50.0 50.0 50.0 50.0 50.0 50.0 50.0 50.0 50.0 50.0 50.0 50.0 50.0 50.0 50.0 50.0 50.0 50.0 50.0 50.0 50.0 50.0 50.0 50.0 50.0 50.0 50.0 50.0 50.0 50.0 50.0 50.0 50.0 50.0 50.0 50.0 50.0 50.0 50.0 50.0 50.0 50.0 50.0 50.0 50.0 50.0 50.0 50.0 50.0 50.0 50.0 50.0 50.0 50.0 50.0 50.0 50.0 50.0 50.0 50.0 50.0 50.0 50.0 50.0 50.0 50.0 50.0 50.0 50.0 50.0 50.0 50.0 50.0 50.0 50.0 50.0 50.0 50.0 50.0 50.0 50.0 50.0 50.0 50.0 50.0 50.0 50.0 50.0 50.0 50.0 50.0 50.0 50.0 50.0 50.0 50.0 50.0 50.0 50.0 50.0 50.0 50.0 50.0 50.0 50.0 50.0 50.0 50.0 50.0 50.0 50.0 50.0 50.0 50.0 50.0
50.0 50.0 50.0 50.0 50.0 50.0 50.0 50.0 50.0 50.0 50.0 50.0 50.0 50.0 50.0 50.0 50.0 50.0 50.0 50.0 50.0 50.0 50.0 50.0 50.0 50.0 50.0 50.0 50.0 50.0 50.0 50.0 50.0 50.0 50.0 50.0 50.0 50.0 50.0 50.0 50.0 50.0 50.0 50.0 50.0 50.0 50.0 50.0 50.0 50.0 50.0 50.0 50.0 50.0 50.0 50.0 50.0 50.0 50.0 50.0 50.0 50.0 50.0 50.0 50.0 50.0 50.0 50.0 50.0 50.0 50.0 50.0 50.0 50.0 50.0 50.0 50.0 50.0 50.0 50.0 50.0 50.0 50.0 50.0 50.0 50.0 50.0 50.0 50.0 50.0 50.0 50.0 50.0 50.0 50.0 50.0 50.0 50.0 50.0 50.0 50.0 50.0 50.0 50.0 50.0 50.0 50.0 50.0 50.0 50.0 50.0 50.0 50.0 50.0 50.0 50.0 50.0 50.0 50.0 50.0 50.0 50.0 50.0 50.0 50.0 50.0 50.0 50.0 50.0 50.0 50.0 50.0 50.0 50.0 50.0 50.0 50.0 50.0 50.0 50.0 50.0 50.0 50.0 50.0 50.0 50.0 50.0 50.0 50.0 50.0 50.0 50.0 50.0 50.0 50.0 50.0 50.0 50.0 50.0 50.0 50.0 50.0 50.0 50.0 50.0 50.0 50.0 50.0 50.0 50.0 50.0 50.0 50.0 50.0 50.0 50.0 50.0 50.0 50.0 50.0 50.0 50.0 50.0 50.0 50.0 50.0 50.0 50.0 50.0 50.0 50.0 50.0 50.0 50.0 50.0 50.0 50.0 50.0 50.0 50.0 50.0 50.0 50.0 50.0 50.0 50.0 50.0 50.0 50.0 50.0 50.0 50.0 50.0 50.0 50.0 50.0 50.0 50.0 50.0 50.0 50.0 50.0 50.0 50.0 50.0 50.0 50.0 50.0 50.0 50.0 50.0 50.0 50.0 50.0 50.0 50.0 50.0 50.0 50.0 50.0 50.0 50.0 50.0 50.0 50.0 50.0 50.0 50.0 50.0 50.0 50.0 50.0 50.0 50.0 50.0 50.0 50.0 50.0 50.0 50.0 50.0 50.0 50.0 50.0 50.0 50.0 50.0 50.0 50.0 50.0 50.0 50.0 50.0 50.0 50.0 50.0 50.0 50.0 50.0 50.0 50.0 50.0 50.0 50.0 50.0 50.0 50.0 50.0 50.0 50.0 50.0 50.0 50.0 50.0 50.0 50.0 50.0 50.0 50.0 50.0 50.0 50.0
50.0 50.0 50.0 50.0 50.0 50.0 50.0 50.0 50.0 50.0 50.0 50.0 50.0 50.0 50.0 50.0 50.0 50.0 50.0 50.0 50.0 50.0 50.0 50.0 50.0 50.0 50.0 50.0 50.0 50.0 50.0 50.0 50.0 50.0 50.0 50.0 50.0 50.0 50.0 50.0 50.0 50.0 50.0 50.0 50.0 50.0 50.0 50.0 50.0 50.0 50.0 50.0 50.0 50.0 50.0 50.0 50.0 50.0 50.0 50.0 50.0 50.0 50.0 50.0 50.0 50.0 50.0 50.0 50.0 50.0 50.0 50.0 50.0 50.0 50.0 50.0 50.0 50.0 50.0 50.0 50.0 50.0 50.0 50.0 50.0 50.0 50.0 50.0 50.0 50.0 50.0 50.0 50.0 50.0 50.0 50.0 50.0 50.0 50.0 50.0 50.0 50.0 50.0 50.0 50.0 50.0 50.0 50.0 50.0 50.0 50.0 50.0 50.0 50.0 50.0 50.0 50.0 50.0 50.0 50.0 50.0 50.0 50.0 50.0 50.0 50.0 50.0 50.0 50.0 50.0 50.0 50.0 50.0 50.0 50.0 50.0 50.0 50.0 50.0 50.0 50.0 50.0 50.0 50.0 50.0 50.0 50.0 50.0 50.0 50.0 50.0 50.0 50.0 50.0 50.0 50.0 50.0 50.0 50.0 50.0 50.0 50.0 50.0 50.0 50.0 50.0 50.0 50.0 50.0 50.0 50.0 50.0 50.0 50.0 50.0 50.0 50.0 50.0 50.0 50.0 50.0 50.0 50.0 50.0 50.0 50.0 50.0 50.0 50.0 50.0 50.0 50.0 50.0 50.0 50.0 50.0 50.0 50.0 50.0 50.0 50.0 50.0 50.0 50.0 50.0 50.0 50.0 50.0 50.0 50.0 50.0 50.0 50.0 50.0 50.0 50.0 50.0 50.0 50.0 50.0 50.0 50.0 50.0 50.0 50.0 50.0 50.0 50.0 50.0 50.0 50.0 50.0 50.0 50.0 50.0 50.0 50.0 50.0 50.0 50.0 50.0 50.0 50.0 50.0 50.0 50.0 50.0 50.0 50.0 50.0 50.0 50.0 50.0 50.0 50.0 50.0 50.0 50.0 50.0 50.0 50.0 50.0 50.0 50.0 50.0 50.0 50.0 50.0 50.0 50.0 50.0 50.0 50.0 50.0 50.0 50.0 50.0 50.0 50.0 50.0 50.0 50.0 50.0 50.0 50.0 50.0 50.0 50.0 50.0 50.0 50.0 50.0 50.0 50.0 50.0 50.0 50.0 50.0 50.0 50.0 50.0 50.0