4 302 9
300.00980000000004 300.01 301.04 301.96 302.98 303.99 305.01 306.01 307.02 308.02 309.01 310.0 310.99 311.98 312.96 314.05 315.02 316.0 316.97 318.05 319.02 319.98 320.95 322.03 323.0 323.97 325.04 326.02 326.99 327.96 329.05 330.03 331.01 332.0 332.99 333.98 334.97 335.97 336.98 337.99 339.0 340.02 341.04 341.95 342.98 344.02 344.95 345.99 347.04 347.98 349.03 349.98 351.04 352.0 352.95 354.03 354.99 355.95 357.04 358.01 358.98 359.95 361.05 362.02 363.0 363.98 364.95 366.06 367.04 368.02 368.99 369.97 370.95 372.05 373.03 374.0 374.98 375.95 377.04 378.0 378.97 380.05 381.01 381.96 383.04 383.98 385.05 385.99 387.04 387.98 389.02 389.95 390.99 392.02 393.05 393.96 394.98 395.99 397.0 398.01 399.01 400.0 401.0 401.98 402.97 403.95 405.04 406.02 406.99 407.96 409.04 410.01 410.97 412.05 413.01 413.98 415.05 416.02 416.98 417.95 419.03 420.0 420.98 421.95 423.04 424.03 425.01 426.0 427.0 427.99 429.0 430.0 431.01 432.03 433.05 433.96 434.99 436.02 437.06 437.99 439.03 439.97 441.02 441.97 443.03 443.98 445.05 446.0 446.96 448.04 449.01 449.97 451.06 452.03 453.0 453.98 454.95 456.05 457.02 458.0 458.98 459.95 461.05 462.03 463.0 463.98 464.95 466.04 467.01 467.98 468.95 470.03 470.99 471.95 473.03 473.98 475.04 475.99 477.05 477.99 479.04 479.97 481.01 482.05 482.96 483.99 485.01 486.03 487.05 488.06 488.95 489.95 490.95 492.05 493.04 494.02 495.0 495.98 496.95 498.03 499.0 499.97 501.04 502.01 502.97 504.04 505.0 505.96 507.03 507.99 508.96 510.03 511.0 511.97 513.05 514.02 515.0 515.98 516.96 517.95 519.05 520.05 521.05 522.05 522.95 523.96 524.98 526.0 527.03 528.06 528.98 530.02 530.95 532.0 533.05 533.99 535.05 536.0 536.95 538.02 538.98 540.06 541.02 541.98 542.95 544.03 545.0 545.97 546.94 548.04 549.01 549.98 550.96 552.05 553.02 553.99 554.97 556.06 557.02 557.99 558.96 560.04 561.0 561.96 563.03 563.99 565.05 566.0 567.06 568.0 569.05 569.98 571.03 571.95 572.99 574.02 575.04 575.95 576.96 577.98 578.98 579.98 580.98 581.97 582.96 583.95 585.04 586.02 586.99 587.96 589.04 590.0 590.97 592.03 592.99 593.95 595.02 595.97 597.04 597.99 598.95 600.02
0.0 13.54 26.89 39.77 51.58 60.9 70.0 80.0 90.0
71.04621016395508 71.04640116776291 72.01828385346005 72.86622769671244 73.78380616888882 74.6687911250516 75.53851734100292 76.36764030081241 77.18133551154482 77.96350007421718 78.7148996341819 79.44358638507431 80.14972241721287 80.83351346454663 81.48863126151679 82.19218038521053 82.79637466926383 83.38620033031759 83.9499753586079 84.55469490631351 85.07760724218844 85.57671080199597 86.0628242770298 86.58308345197726 87.03199759835246 87.46401013135127 87.92150344746943 88.32348667487035 88.70581620544317 89.0731366507707 89.46856084454765 89.8089302791267 90.1354393507316 90.45167684330286 90.75470945707075 91.04499891710968 91.32299884563508 91.59178361798111 91.85144626538978 92.09969055317852 92.33695734246406 92.56586954226188 92.7844541505615 92.9710893349243 93.17318282103754 93.3677742527981 93.53405936521106 93.71173239951312 93.88261661152673 94.02866297110008 94.18438485663707 94.31881549645519 94.46188429454403 94.58542075370688 94.70226648863779 94.82885690351769 94.93604806687371 95.03844139025932 95.14914329683194 95.24291166257191 95.33241284382228 95.4178333955487 95.50999053245954 95.58729270871683 95.66179417291137 95.73284107811558 95.79991360693788 95.87288634464566 95.93411680484175 95.99249202854743 96.04758736720244 96.10066204148657 96.1512532899957 96.20522202659778 96.25091305638466 96.2940256910437 96.33554686656555 96.37472162744773 96.41656929355862 96.45161159983884 96.48537523218569 96.52111622725911 96.55132623093068 96.57984487628777 96.61068154379724 96.63621327549419 96.66386764368347 96.68698301124962 96.7115629182347 96.7325092115749 96.75457488337798 96.77336594647879 96.79337823151243 96.81220601341629 96.8300954929486 96.84515725741967 96.86124996929159 96.87640124366878 96.89081077356828 96.90451466643113 96.9174214383261 96.92958212526521 96.94127239490082 96.95217806774735 96.96266791859347 96.9725548510528 96.982999373928 96.99191783358893 97.00032675625928 97.0083389344195 97.01681567800802 97.02404969561658 97.030872868898 97.03816852193908 97.04433180044235 97.0502666894374 97.05648882194265 97.0618495131912 97.06690556272832 97.07177414362293 97.076924672725 97.08131983319345 97.08554940776455 97.08953695981151 97.09379336556326 97.09746360545462 97.10092242038135 97.10424885260556 97.10744603498586 97.11045781552842 97.11338077725686 97.11613312262224 97.11877690707782 97.12131488878698 97.12372680159413 97.12577729541789 97.12798845762354 97.13008872078395 97.13210251190323 97.13381679243585 97.13564181781528 97.13721171809753 97.13888031619501 97.14031638801238 97.14184029463689 97.14313913392537 97.1445300685196 97.14570419576765 97.1468353879712 97.14804476424625 97.1490766976002 97.15004990304622 97.15109974349787 97.15198710350307 97.15283246860176 97.15364592653069 97.15441278475821 97.15523859561013 97.15593007542088 97.15659545418691 97.1572290237626 97.15782629656132 97.15846948268461 97.15901345996174 97.159526272226 97.1600197257656 97.16048490837875 97.16098141786799 97.16140107976182 97.16180087711689 97.1621817500616 97.16258464170261 97.16292495503508 97.16324932138942 97.16359610085856 97.16388603789142 97.16419370093033 97.16445591881707 97.16473416786877 97.16496887830088 97.16521833763255 97.16542861238658 97.16565246401828 97.1658649737885 97.16604206841042 97.16623303179298 97.16641269377351 97.16658342333716 97.1667456645559 97.16689836575468 97.16702667945619 97.16716420178099 97.16729501742412 97.16743155827353 97.16754818657606 97.16765808866664 97.16776273559451 97.16786237863396 97.16795631218751 97.1680556755423 97.16814045824464 97.16822122724582 97.16830589493465 97.16837883197208 97.16844761680227 97.16852049128812 97.16858263726458 97.16864187076845 97.16870462603377 97.16875814252091 97.1688096695062 97.1688636836453 97.16891021413439 97.16895454178776 97.16900143173875 97.16904144098346 97.16907993950677 97.16911659710252 97.16915150179916 97.16918506823124 97.16922046645686 97.16925100013633 97.16928004468848 97.16930767273725 97.16933138403749 97.16935675321552 97.1693811058466 97.1694042476438 97.16942644890642 97.16944753575608 97.16946547404109 97.16948478290884 97.16950121934931 97.16951888084361 97.16953563903473 97.16954991316905 97.16956522489177 97.16957827483502 97.16959071940084 97.16960404599376 97.16961541064596 97.16962756049367 97.16963782311531 97.16964760476878 97.22044078833623 97.25092101839758 97.27124303608046 97.3017214102665 97.36266967559202 97.41346178751522 97.44393903597506 97.4744159584436 97.44395207608048 97.38301826776421 97.24082931934359 97.01738599284798 96.7431586271333 96.42830447243358 96.11344939187337 95.79859411241631 95.55483594581227 95.38217534924468 95.29076817492786 95.28061494208833 95.26030515280597 95.20952451324939 95.1079601972467 94.89467094735298 94.62044125619622 94.32589754363467 94.09229457904651 93.92978855538512 93.57430409879045 92.43674806727732 90.08037991578973 86.00751761829615 80.54317769274478 73.93112240201532 66.72997432901498 59.16318224492414 51.31200028059188 43.227212316458036 34.90881836241368 26.67167829771093 19.12519836517752 12.756903586150155 8.135573175628192 5.007287916586453 3.1485989265291576 2.0110406252202093 1.340693764627309 0.9445797064230796 0.6805036654435758 0.517995332153441 0.4062708519395559 0.32501668398538347 0.26407605783310234 0.2336057450320839 0.20313543191938946 0.19297866149155501 0.182821890900266 0.1726651202503809
70.84189413879645 70.84208459331195 71.81117232053342 72.65667763096033 73.57161731373789 74.4540572135472 75.32128225451663 76.14802080695063 76.95937597771801 77.73929117685506 78.4885298478569 79.21512102770922 79.91922634058808 80.60105092878901 81.25428472569808 81.95581056961204 82.55826730039885 83.14639672974194 83.7085504432204 84.31153092709646 84.83293946185763 85.33060769027668 85.8153231910517 86.33408619489542 86.78170934553962 87.21247948878454 87.66865713703427 88.06948433352217 88.4507143536523 88.81697845194634 89.21126547740229 89.5506560711706 89.8762261618568 90.19155421270924 90.49371535959668 90.78316999975594 91.06037045086714 91.32838224691812 91.58729815160993 91.8348285338148 92.07141298681277 92.29966687660834 92.51762287518726 92.70372133058258 92.90523363245394 93.09926545452137 93.26507236108588 93.4422344399399 93.61262721992806 93.75825357663837 93.91352763425307 94.04757167591312 94.19022903406616 94.31341022476022 94.4299199325327 94.55614629632063 94.66302919731643 94.7651280560601 94.87551160401125 94.96901030892444 95.05825410099727 95.14342899869717 95.23532110838335 95.31240097759073 95.38668818907568 95.45753077625594 95.52441041664048 95.59717329797903 95.65822767046801 95.7164350176093 95.77137191205493 95.82429395319423 95.87473971044099 95.92855324273702 95.97411287340255 96.01710152393734 96.05850329208303 96.09756539345231 96.13929271325927 96.17423424421713 96.20790077847613 96.24353898892484 96.27366211410063 96.30209874500193 96.33284673184399 96.35830503890753 96.38587987814553 96.40892877010363 96.43343798973068 96.4543240453272 96.47632626025701 96.49506328366573 96.51501801699432 96.53379165360946 96.55162968624064 96.56664813580664 96.58269456795561 96.59780227001346 96.6121703607163 96.62583484366677 96.6387044980248 96.65083021303207 96.66248686357076 96.67336117367856 96.68382085761465 96.69367935704797 96.70409384336818 96.71298665515536 96.72137139528802 96.72936053187584 96.73781289788599 96.7450261117709 96.75182966284247 96.75910433490755 96.76524988893878 96.77116771026861 96.77737194904839 96.7827172239204 96.78775873317532 96.79261331291359 96.79774903002735 96.80213155081081 96.80634896189193 96.81032504646186 96.81456921156203 96.81822889650859 96.82167776451041 96.82499463051838 96.82818261838155 96.83118573758908 96.8341002934093 96.8368447235282 96.8394809049388 96.84201158787252 96.84441656445553 96.84646116143065 96.84866596473452 96.85076018791868 96.85276818773966 96.85447753831212 96.85629731524932 96.85786270078286 96.85952650029459 96.86095844222966 96.86247796637488 96.86377307043695 96.86516000495537 96.86633075562624 96.867458694726 96.86866459305405 96.86969355875468 96.87066396543821 96.87171078673897 96.87259559485761 96.87343852883949 96.87424964741082 96.87501430029306 96.87583773626262 96.87652722750275 96.87719069276004 96.87782244030444 96.87841799545484 96.8790593318914 96.87960174478846 96.88011308229758 96.88060511675421 96.88106896158648 96.88156404320439 96.88198249822668 96.882381145837 96.88276092346015 96.88316265645781 96.88350199111082 96.8838254246463 96.88417120684053 96.88446031006704 96.8847670883228 96.88502855211841 96.88530600097627 96.88554003642372 96.88578877835556 96.8859984483975 96.88622165627247 96.88643355490312 96.88661014023299 96.88680055443947 96.8869796997447 96.88714993832107 96.88731171296347 96.88746397502126 96.88759191971582 96.88772904655134 96.8878594859924 96.88799563417507 96.88811192707573 96.88822151310781 96.88832585909007 96.8884252155742 96.88851887899187 96.88861795659568 96.88870249547831 96.8887830322025 96.8888674564024 96.88894018368613 96.88900877070361 96.88908143561564 96.88914340287153 96.8892024660306 96.88926504082313 96.88931840340656 96.88936978220957 96.88942364101379 96.88947003768962 96.8895142378647 96.8895609929687 96.88960088715407 96.88963927496259 96.88967582713774 96.8897106314548 96.8897441013559 96.88977939778265 96.88980984365278 96.88983880467808 96.88986635327358 96.88988999638441 96.88991529260528 96.8899395752026 96.8899626504482 96.88998478786401 96.89000581407171 96.89002370076946 96.89004295410841 96.89005934328065 96.8900769539837 96.98150899504071 97.04246680454625 97.07295388254127 97.11359597336308 97.17455199934457 97.22535165740426 97.24567756326701 97.2558469912406 97.2152281842162 97.12382253406432 96.97147287220507 96.73786554134381 96.45347034256167 96.16907469572934 95.89483589845862 95.62059764112298 95.38698711827693 95.2143199048919 95.07212425790458 95.00102989476106 94.90961994429097 94.7775805997469 94.62522647972825 94.42208622223856 94.18847322400003 93.8025008053345 93.20322521454477 92.21797304769117 90.6639122632165 88.34805490685947 84.9859972910207 80.64883961882848 75.31626785892833 69.06953968821698 62.0508575547881 54.56493955235479 46.87587550501593 39.16649627103846 31.700891602239306 24.702521639545157 18.41516150111301 13.14352978595658 8.907941158197534 5.749024838599991 3.5753653365994342 2.2650752391458986 1.462649505920714 0.9750996859225177 0.6906956211766001 0.5078644344798886 0.3859769753720524 0.3047186686498688 0.25393222725665276 0.21330307332072873 0.17267391834844734 0.16251663069321803 0.14220205339245512 0.12188747544837918 0.11173018680910936 0.10157289802595167 0.10157289882393217 0.10157289958451436 0.09141561035128473 0.09141561096344883 0.0914156116190008 0.1015729024137291 0.09141561270546403 0.10157290363363043
70.61283323924613 70.61302307794405 71.57897734707213 72.42174879204647 73.33373009956713 74.21331670924768 75.07773765596734 75.90180302357454 76.71053475029755 77.4879281637136 78.23474423879189 78.9589860513484 79.66081470296197 80.34043467261893 80.99155629673879 81.69081381986857 82.29132256094715 82.8775503266239 83.43788636657938 84.03891716723865 84.55863977435126 85.05469883726921 85.5378470540242 86.05493268430587 86.50110848571143 86.93048577240287 87.38518841121459 87.78471956897697 88.16471691609055 88.5297967323316 88.92280886611745 89.26110207089505 89.58561945994553 89.89992792587776 90.20111206184595 90.48963077643376 90.76593492479276 91.03308012878209 91.29115885215968 91.5378888671143 91.77370834554064 92.00122419689217 92.21847545433303 92.4039721770938 92.60483290704295 92.79823734464749 92.96350812947738 93.14009737066743 93.30993920091132 93.45509468788173 93.60986668078253 93.74347730307773 93.88567339148095 94.00845628686274 94.12458927096354 94.2504074931456 94.35694479788447 94.45871352914199 94.56874016180879 94.6619365470605 94.75089177735023 94.83579126967139 94.9273862544774 95.00421689285332 95.07826390331466 95.14887742735446 95.21554081843097 95.28806842753045 95.34892538619174 95.40694452510598 95.46170378603951 95.51445470851382 95.56473735393708 95.61837688501159 95.66378920270488 95.7066388533007 95.74790675254904 95.78684255012328 95.82843494839084 95.86326349904786 95.89682117559326 95.93234415309058 95.96236987784768 95.99071456145799 96.0213631274473 96.04673911736239 96.07422479583532 96.09719916127221 96.12162913253975 96.14244765495212 96.16437872769686 96.1830551666239 96.2029453781152 96.22165831186317 96.23943866681859 96.25440855557733 96.27040310302971 96.28546195569037 96.29978358846292 96.3134038885355 96.3262319300225 96.3383184376198 96.34993739742633 96.36077654642945 96.37120240991733 96.38102903277853 96.39140984479296 96.40027390247225 96.40863153130105 96.41659483573353 96.42501987177764 96.43220976238355 96.43899131478405 96.44624246485064 96.45236814778508 96.45826683437137 96.46445101230249 96.46977900370847 96.47480421169621 96.47964309458706 96.48476220582099 96.48913055611726 96.49333433057859 96.49729755883631 96.50152800080997 96.50517585249408 96.5086135688911 96.51191971011085 96.5150973899017 96.51809079879311 96.52099593065896 96.52373148690965 96.52635914446452 96.52888164466235 96.53127884496966 96.53331683092418 96.53551450519467 96.53760195689634 96.53960346403031 96.54130728757129 96.54312118042326 96.54468150442332 96.54633992418883 96.54776723606831 96.54928184696874 96.55057276342819 96.55195521341847 96.55312217857222 96.55424647058224 96.55544846974641 96.5564741083789 96.55744137733961 96.55848481383775 96.55936676100885 96.56020696943942 96.56101546533174 96.56177764577758 96.56259841924093 96.56328568107308 96.56394700107506 96.56457670592054 96.56517033539689 96.56580959812969 96.56635025718339 96.56685994132862 96.56735038483605 96.56781272986773 96.56830621068372 96.56872331266928 96.56912067128837 96.5694992209347 96.56989965496481 96.57023789240971 96.57056028015191 96.57090494429048 96.57119311272768 96.57149889904352 96.57175951741944 96.57203606917135 96.57226934788619 96.57251728553335 96.57272627762605 96.57294876377841 96.57315997725388 96.57333599161095 96.5735257901302 96.57370435618517 96.57387404431041 96.57403529586904 96.57418706560117 96.57431459659804 96.57445128004626 96.5745812977231 96.57471700568286 96.57483292256087 96.57494215425638 96.57504616284527 96.57514519806914 96.57523855863457 96.57533731587984 96.5754215814136 96.5755018577295 96.57558600895135 96.57565850107794 96.60622767489468 96.63680095917051 96.69786446697888 96.73859123959497 96.73865371711695 96.75904093411128 96.76925921790239 96.76931300993962 96.70835744154547 96.66773360217708 96.61694527957566 96.52548207660662 96.44418430134291 96.30188259885611 96.1494120444482 96.02744109840839 95.80380170550146 95.58015736463577 95.29550928212196 94.93969046113214 94.42119516669315 93.66885950110392 92.55050925154906 90.94413956044556 88.84975038632376 86.20633905624449 83.05457173667064 79.53679077086053 75.80549818474913 71.93186656909108 68.03789881254495 64.22526448527796 60.6566389580125 57.484526102479236 54.75976251151446 52.40101275377096 50.26593662295876 48.090192143052306 45.70093795210248 42.81349701648228 39.58037521720847 36.011739890269546 32.15842553287616 28.10176907384154 23.912939981635216 19.673275008711904 15.545446843258286 11.732797174991111 8.469168707219138 5.835898169122282 3.9448233837412916 2.612937284023154 1.7385692589968185 1.2098815997362828 0.8642011836804521 0.6303585392515607 0.488019535502149 0.38634881672856225 0.30501223559582674 0.25417687241884723 0.21350858121715088 0.18300736145827054 0.1626732159047755 0.14233906818209732 0.13217199608624636 0.12200492273673236 0.11183784903028844 0.10167077428886398 0.10167077691410499 0.10167077910371684 0.1016707814606262 0.10167078367714341 0.09150370718622935 0.09150370878172269 0.08133663152852179 0.08133663296872677 0.09150371360004715 0.08133663558810846 0.0711695572024378 0.07116955820358337 0.061002479276896115 0.06100248005413642 0.06100248086654168 0.061002481560106854 0.061002482213929864 0.050835402363999305 0.050835402913059956 0.05083540337683537 0.06100248458804307 0.061002485144635875 0.07116956656119999 0.07116956709412074 0.07116956765872587 0.08133664929749997 0.08133664988077453 0.09150373166976011 0.10167081355931318 0.10167081418747739
69.47016977573794 69.47035654244833 70.42067964936241 71.24981328808987 72.14703682890296 73.0123898859024 73.86282269211563 74.67355295696726 75.46919771134382 76.2340112719267 76.96874229951707 77.68126436341049 78.37173595822497 79.04035825404881 79.68094336722511 80.36888543979711 80.9596766923333 81.53641806554563 82.08768669536087 82.67899155946085 83.19030396679725 83.67833575562159 84.15366562280157 84.66238372511242 85.10133946802182 85.52376853135137 85.9711131295875 86.36417903683427 86.73802723138085 87.09719929193294 87.48385166665813 87.81667057919564 88.13593659754294 88.44515889451952 88.74146924066548 89.02531911846296 89.29715208728331 89.55997432262731 89.81387679199577 90.05661419880104 90.2886176243993 90.51245179299173 90.72618747029098 90.90868246775656 91.10629285061103 91.2965675995401 91.45916395709173 91.63289561468544 91.79998904856717 91.94279561588829 92.09506307394251 92.22651159666701 92.36640665468498 92.4872026657844 92.60145637508836 92.72523859504624 92.83005190316804 92.93017380331001 93.03841997472928 93.13010824736926 93.21762399581303 93.30114963661887 93.39126242282475 93.46684978063364 93.53969855545486 93.60916940485257 93.67475404270756 93.74610800326171 93.80598016893322 93.8630604367219 93.91693357817987 93.96883088029918 94.01829984725724 94.07107137842937 94.11574882975572 94.15790508330296 94.19850518155079 94.23681091641164 94.27773026260523 94.31199521440215 94.34500985749102 94.37995799884824 94.40949784452258 94.437383851815 94.46753645984654 94.49250181312243 94.51954271577884 94.54214530788816 94.56617995107862 94.58666158621662 94.60823776829359 94.62661198334133 94.64618032957232 94.66459044887837 94.68208308046903 94.6968107250895 94.71254644728094 94.7273616161812 94.7414514949544 94.75485139005893 94.76747184698031 94.77936276958265 94.79079371029624 94.8014574591777 94.81171461036872 94.82138221790088 94.8315950466456 94.84031566531553 94.84853805021392 94.85637249171022 94.86466119303407 94.87173473615857 94.87840654884465 94.88554036012353 94.89156691668451 94.89737015017346 94.90345425515963 94.90869602851099 94.91363991811366 94.91840049774956 94.92343677104732 94.92773443229105 94.93187018088136 94.93576927580919 94.93993126037567 94.94352008218308 94.94690216913224 94.95015481006594 94.95328106834559 94.9562260376147 94.95908415836533 94.96177544758925 94.9643605841441 94.9668422650081 94.96920067359612 94.97120568067155 94.9733677919717 94.97542146433494 94.9773905828935 94.97906683500278 94.98085137527119 94.98238644996253 94.98401803302448 94.9854222480098 94.98691234933517 94.98818237606388 94.98954245511926 94.9906905363339 94.9917966349456 94.99297918324702 94.99398822489934 94.99493984142337 94.99596639293465 94.99683406835422 94.99766068045349 94.99845609318976 94.99920593996042 95.00001343159092 95.00068957208791 95.02180579593141 95.03265831371398 95.00254372875939 94.99293964681326 94.98323844221557 94.98373977058272 94.96375584705252 94.96421051439641 94.98516232975204 94.98557259375441 94.96549673618088 94.9044686533071 94.80252784824302 94.6186574474597 94.25056719425231 93.56525639694738 92.40914212363762 90.8129926692938 88.76651163158283 86.24928550011208 83.33289373109955 80.04808648646102 76.4459856934717 72.6596718687842 68.8221636630752 65.09718675912762 61.658751933200236 58.67058563339933 56.132692768745244 54.0348427880264 52.42820731759387 51.24114399649664 50.4429710849643 49.98251216409276 49.72673380071201 49.56305018658293 49.41983069549706 49.26637423639848 49.071978960040916 48.857112414392866 48.63201416166427 48.39667416608006 48.14086371604855 47.905522834106044 47.7213460057295 47.537166869442686 47.30181917200649 46.91295494660645 46.206832614202995 45.09134794744851 43.4948557247013 41.31501780527525 38.65417611933063 35.583964714391335 32.145321874059 28.450823920237372 24.60280894465786 20.734322242370038 16.978407491128586 13.509045171101425 10.479747752890596 7.921218472314925 5.915330382038837 4.40067962729018 3.2646911633754887 2.4868970103026724 1.9240195884871332 1.5146540981994996 1.2280982099420625 1.013181254693772 0.8596691299342858 0.7368593902597106 0.6447520945980552 0.5833472318822651 0.5219423549732258 0.4810057826371139 0.45030335202226895 0.41960091686762435 0.4093668031417879 0.37866434140191557 0.35819604774921693 0.34796191565291207 0.3479619591612069 0.3274936432107232 0.32749367617811304 0.32749370791989574 0.31725956207467887 0.3172595898288343 0.32749379743900753 0.32749382343999733 0.3377280342968526 0.3479622420640894 0.368430634370705 0.38889902846766 0.4196016124291139 0.4503041958156751 0.49124096830511177 0.5424119316315703 0.6140512781839877 0.6754564380569623 0.7777983581501452 0.9108428537973553 1.0848241230125482 1.3202105406731521 1.6067679268937038 2.0468382038188317 2.6506555627211656 3.5000935688198522 4.636088988855902 6.160983796994443 8.054309598488107 10.275129691757973 12.813209843838479 15.586676594289438 18.534124701361343 21.542978134062505 24.459723925363097 27.15131753345525 29.433543380239403 31.21429379890727 32.3298215923725 32.83129768283862 32.82106400307902 32.36052570239623 31.592961495430814 30.600244942007826 29.515420580993005 28.492001384120066 27.642563438745164 27.120619732616145 27.018278047232645 27.417411996331833 28.277084746912067 29.535891167724586 31.122191912877625 32.96434756294763 34.98048457430884 37.09896360088881 39.19697421873172 41.21311130829405 43.034798634318314 44.60063104448704 45.8185007847305
54.73027979329501 54.73042693262616 55.479114458557696 56.13232599064517 56.83918039425973 57.52092645998048 58.190917991305376 58.829630900392274 59.45645907950384 60.05899769853318 60.63783657056484 61.1991786839017 61.7431489044368 62.269905718830735 62.77457416269285 63.31655156443218 63.7819912006835 64.23636200222577 64.6706647604953 65.13650903235758 65.53933331226999 65.9238165579077 66.29829292249484 66.69907334616829 67.0448932959951 67.37769312797305 67.7301220208996 68.03978884840654 68.33431549709336 68.61727993249647 68.92189402398013 69.1840968120614 69.43562230234085 69.67923510603036 69.91267556259709 70.13629936085897 70.35045594761566 70.55751366062705 70.75754416629017 70.94877856565378 71.1315564750354 71.30789844618518 71.47628458167556 71.62005855407855 71.77574079263646 71.92564384138537 72.05374118404191 72.19061118536408 72.32225143350932 72.43475790083242 72.55471788667418 72.65827621178481 72.76848892166791 72.86365494050344 72.9536667757676 73.05118540215933 73.13375986106861 73.21263831531589 73.29791726695015 73.37015150549527 73.43909852857163 73.50490204835539 73.57589508058666 73.63544462904855 73.69283665560377 73.74756747081967 73.79923663459937 73.85545101032488 73.90261975036985 73.9475889657444 73.9900315294355 74.03091747911255 74.0698903276235 74.11146501609043 74.14666299271028 74.1798747087479 74.21186044800709 74.24203863230389 74.27427588281536 74.3012706404934 74.3272803747342 74.35481336566988 74.37808557047414 74.40005484140524 74.42380979521334 74.44347810427806 74.46478158133917 74.48258845001662 74.50152352316805 74.51765945065097 74.53465768868256 74.54913333965321 74.56454975604849 74.57905369326214 74.59283481146535 74.60443760606593 74.61683458855593 74.62850633690077 74.63960668414335 74.6501634455654 74.66010614673708 74.6694741031294 74.67847967466572 74.68688083392315 75.0552949086827 75.44451624484913 75.82365112715146 76.14866080168787 76.40971433764496 76.95678019042899 77.39826694843902 77.79641370441689 78.19428788347392 78.57138734034547 78.88397963104163 79.10095611935458 79.19089380678729 79.12100559324121 78.8068441935992 78.15297926826052 77.08546297641465 75.63524530587979 73.8239795849877 71.61973582446012 69.0971319088828 66.35103648225407 63.47723699130175 60.560695931657925 57.72878906597523 55.10887458526083 52.839028293497435 51.01477845718478 49.58312882298853 48.49104076687593 47.759765812146256 47.30429195401716 47.08243065337672 47.00913439834978 47.020725591129846 47.04278894432732 47.06490670595261 47.09751870876612 47.10894503446183 47.13087638598742 47.15285100056238 47.17471698403832 47.19662827888449 47.239670885841285 47.293311788478434 47.37884692688193 47.47491589771276 47.592195176668945 47.73075169453318 47.86923113763021 48.02892999396659 48.18861579616957 48.33766208135162 48.497359219165524 48.635753469739456 48.77413658222956 48.90188626956373 49.01899993471088 49.146757693599675 49.26384732849106 49.38092243194499 49.46613008480629 49.51946520862944 49.49847883847229 49.381875295025466 49.13782304836196 48.7132219297489 48.108090336447674 47.27990471006915 46.24992641447112 45.00755171111688 43.54212191071429 41.93863021631887 40.21828848884918 38.423602970102756 36.618270610757044 34.84479533947688 33.1774996078577 31.648263958915216 30.299561930323517 29.152628492347393 28.228720882174976 27.559693805959498 27.103068274622743 26.869465998798024 26.88012858415766 27.113812286852543 27.55990695914695 28.186547800751427 28.993739120668973 29.97085348204593 31.11789511898056 32.40300350053312 33.81555848740396 35.28121667439472 36.70439780659363 38.170058107093524 39.6463398315698 41.10138463456214 42.53518579398428 43.88402300044417 45.147899730051535 46.284326714109504 47.218963289010354 48.01553551535578 48.684657382459825 49.30067613663918 49.74676764112782 50.02292651379017 50.192878673398546 50.23538524991693 50.19292356140632 50.10797866849024 49.98055035478987 49.884982861346785 49.80003522242564 49.7150884620115 49.693862851832414 49.72573956356772 49.82133930291946 49.97004020910864 50.20370706445239 50.50109729622352 50.81972830980067 51.18084152136595 51.55257494442492 51.93492748589336 52.31728090646826 52.66777099071891 52.99702057115064 53.27316653935456 53.50682863867543 53.67676747766833 53.80422250925899 53.89981527931092 53.99540856397297 54.05913881484123 54.14411083253182 54.23970247663981 54.36715585041463 54.53709168792491 54.73888984964714 54.95130788869456 55.20620839007042 55.482350043611255 55.747871416082276 55.98153005714485 56.22580920778307 56.42760557696005 56.61878151330471 56.767474191900135 56.88430472219222 56.95865246595964 57.02237971929773 57.06486510923226 57.064867716635426 57.05424952868218 57.0330108109263 57.001151010642516 56.95867043082846 56.905569299678085 56.85246783564062 56.78874578844919 56.73564411683742 56.67192187086577 56.608199339172465 56.565718250560586 56.597581637402435 56.71441053624277 56.926825284843304 57.21358487285189 57.5640684557774 57.88268994809463 58.12696653387645 58.27565709017922 58.339382187793056 58.371245184056974 58.424349490293565 58.445591719049105 58.509316610849375 58.721730962475 59.17842088836594 59.93248986367046 60.96269638998834 62.247799193602624 63.681591499028684 65.03041843896067 66.092486956985 66.80407305336655 67.2076594815248 67.34572884329823 67.18641915357648 66.68724774139277 65.85883516699505 64.80738833589173 63.64973461946883 62.55580495494001 61.79111637970665
29.416376700567508 29.41645578486981 29.818859616478143 30.16994710526153 30.549866511625098 30.916290713348776 31.276397099540826 31.61969188276094 31.956598873058027 32.2804507346043 32.591564479553604 32.893274083929356 33.185646660528384 33.468767392604406 33.74001608911401 34.03131756743592 34.281481603195544 34.52569637261362 34.759124989964064 35.00950650887202 35.22601610478112 35.43266777971228 35.63394096610487 35.84935203218233 36.03522299708689 36.21409592191613 36.403519055027196 36.56995847547266 36.728260367566925 36.88034781269088 37.044071493571494 37.18499998900891 37.32018966097477 37.45112642997133 37.576595775888336 37.69678887400016 37.81189354462738 37.92318271960885 38.030694918128845 38.13347939412701 38.23171868424609 38.32649879264411 38.41700280635362 38.494278298967885 38.57795423470772 38.65852397721983 38.72737361036913 38.800938363429154 38.871692233919525 38.93216209880101 38.996638073450576 39.05229849969797 39.11153551809722 39.162685255860886 39.211064728131824 39.263478943080024 39.307860981657115 39.35025649530074 39.396092141955165 39.4349165291088 39.47197410694062 39.50734211772903 39.545499382539624 39.577506015001944 39.60835302472185 39.63776968920084 39.665540780291316 39.69575482740699 39.72110703519571 39.74527704463806 39.76808903183035 39.79006437166057 39.81101145976649 39.83335698224091 39.852275155933015 39.870125756250154 39.88731741977988 39.903537560454595 39.920864406003666 39.935373521685094 39.94935320794284 39.96415161270373 39.97665993434506 39.988467956375764 40.00123574547465 40.011807048795156 40.02325722059453 40.03282803877511 40.0430052431815 40.05167796554 40.0608141617201 40.06859452029943 40.076880520549544 40.0846760823908 40.0920831441846 40.09831940276101 40.104982520659426 40.11125584042615 40.11722204409308 40.122896081790344 40.12824007499104 40.13327515493567 40.13811546062599 40.142630907401916 40.457981394793016 40.66495821978824 40.80458695801356 40.90302222886074 41.014786839170796 41.53225466508737 41.99589035073502 42.44553197485776 42.92212168555277 43.4125218953788 43.9295499601758 44.44653875102032 44.90958297013826 45.29106820217611 45.49647629753604 45.44460918986319 45.05441882799618 44.27121990521867 43.02754327796224 41.24206415112827 39.02325662844208 36.37072500641159 33.40646866693559 30.19820720978345 26.86780975926297 23.53714800533309 20.30106261844108 17.240817312573565 14.424171477361474 11.878243159643688 9.69787150654335 7.84243875505492 6.325565245452694 5.120161384031315 4.199161210026464 3.5083933809700034 2.9801584782396002 2.5873612222054847 2.302926510102352 2.113304980681743 1.9778677403674365 1.88306364239374 1.8424483615871434 1.8289230519845825 1.8695875562287665 1.9238024489134657 2.01865922343001 2.1812576560395778 2.4386995090518577 2.7909815968757323 3.3329487723276734 4.17299519161082 5.446614637356862 7.316410209163524 9.931420097618997 13.31876236789955 17.180367052261012 21.12330985011631 24.849523236325645 28.128625447515102 30.82512555431848 32.952565313759635 34.49738197857087 35.432488165132355 35.66298724892193 35.14824072215756 33.901789905154025 32.37078813803674 30.934603668365938 29.986205193845826 29.755960969672643 30.460655675936238 31.937719201396483 34.02453514608873 36.504325040046524 39.092513785685234 41.61296986402453 43.835313850913515 45.664713449572226 46.952100344728194 47.68390829765161 47.81950642266801 47.31822759629441 46.31557448564103 44.91994902943567 43.29395556408179 41.6814970815683 40.24519555926709 39.13410143181066 38.41597419006474 38.21276093339353 38.510918229187965 39.32399896628099 40.53004876721598 42.034213579166114 43.72809346521793 45.543926363010364 47.400412628131384 49.12139665473843 50.612014957675896 51.831618274383835 52.67180426949532 53.05125948049311 52.98353793545956 52.5092946541744 51.709826776468645 50.65289176877265 49.40624559898291 48.024086190211705 46.696127682589115 45.4494741223272 44.37897705374029 43.579495191394564 43.078130434751614 42.90198488462434 43.064609937442086 43.566007358866585 44.35197103962588 45.4089518418427 46.69629738543282 48.10559958502984 49.663962960493244 51.22232661380423 52.712935974101924 54.05448576956567 55.206323092245704 56.087141252235654 56.65628996712721 56.927317486811035 56.9002260353599 56.56146330838995 55.97878276252239 55.152186333791875 54.203630212059544 53.22797168517968 52.29296611613686 51.46636655551615 50.85658184156356 50.436508821229076 50.20614830569189 50.17905133476994 50.3823202782796 50.82950508239012 51.50705543043741 52.44207322850557 53.648109990220405 55.16581748042649 57.02229815501269 59.095593767303875 61.168889877200776 62.93051422926589 64.3262635051637 65.41034139745314 66.23695191315886 66.81964512758923 67.13131962831525 67.09066975117356 66.61639016020347 65.73558202513489 64.55665313888471 63.55388646355216 63.20156426301753 63.63519644393841 64.6515185971034 65.73559561671262 66.48089893751619 66.75191958870265 66.61641181152265 66.31829288522634 65.9659699055996 65.55944326244888 64.96320335924682 63.987537036740264 62.60534228384682 60.93857780165282 59.46152637945355 58.56716528111962 58.37745302919862 58.91949154168269 59.99001672590388 61.57547767154227 63.797832872191854 66.67063337115044 70.03126771940974 73.66292093710074 77.13196288726178 79.99121255115901 82.07805841818802 83.4196024534648 84.08359940652267 84.13780383829871 83.54156298071038 82.15936745666365 79.95056428177072 77.0913158407958 73.83908992076995 70.57331300238043 67.78181908965709
50.0 50.0 50.0 50.0 50.0 50.0 50.0 50.0 50.0 50.0 50.0 50.0 50.0 50.0 50.0 50.0 50.0 50.0 50.0 50.0 50.0 50.0 50.0 50.0 50.0 50.0 50.0 50.0 50.0 50.0 50.0 50.0 50.0 50.0 50.0 50.0 50.0 50.0 50.0 50.0 50.0 50.0 50.0 50.0 50.0 50.0 50.0 50.0 50.0 50.0 50.0 50.0 50.0 50.0 50.0 50.0 50.0 50.0 50.0 50.0 50.0 50.0 50.0 50.0 50.0 50.0 50.0 50.0 50.0 50.0 50.0 50.0 50.0 50.0 50.0 50.0 50.0 50.0 50.0 50.0 50.0 50.0 50.0 50.0 50.0 50.0 50.0 50.0 50.0 50.0 50.0 50.0 50.0 50.0 50.0 50.0 50.0 50.0 50.0 50.0 50.0 50.0 50.0 50.0 50.0 50.0 50.0 50.0 50.0 50.0 50.0 50.0 50.0 50.0 50.0 50.0 50.0 50.0 50.0 50.0 50.0 50.0 50.0 50.0 50.0 50.0 50.0 50.0 50.0 50.0 50.0 50.0 50.0 50.0 50.0 50.0 50.0 50.0 50.0 50.0 50.0 50.0 50.0 50.0 50.0 50.0 50.0 50.0 50.0 50.0 50.0 50.0 50.0 50.0 50.0 50.0 50.0 50.0 50.0 50.0 50.0 50.0 50.0 50.0 50.0 50.0 50.0 50.0 50.0 50.0 50.0 50.0 50.0 50.0 50.0 50.0 50.0 50.0 50.0 50.0 50.0 50.0 50.0 50.0 50.0 50.0 50.0 50.0 50.0 50.0 50.0 50.0 50.0 50.0 50.0 50.0 50.0 50.0 50.0 50.0 50.0 50.0 50.0 50.0 50.0 50.0 50.0 50.0 50.0 50.0 50.0 50.0 50.0 50.0 50.0 50.0 50.0 50.0 50.0 50.0 50.0 50.0 50.0 50.0 50.0 50.0 50.0 50.0 50.0 50.0 50.0 50.0 50.0 50.0 50.0 50.0 50.0 50.0 50.0 50.0 50.0 50.0 50.0 50.0 50.0 50.0 50.0 50.0 50.0 50.0 50.0 50.0 50.0 50.0 50.0 50.0 50.0 50.0 50.0 50.0 50.0 50.0 50.0 50.0 50.0 50.0 50.0 50.0 50.0 50.0 50.0 50.0 50.0 50.0 50.0 50.0 50.0 50.0 50.0 50.0 50.0 50.0 50.0 50.0 50.0 50.0 50.0 50.0 50.0 50.0 50.0 50.0 50.0 50.0 50.0 50.0 50.0 50.0 50.0 50.0 50.0 50.0
50.0 50.0 50.0 50.0 50.0 50.0 50.0 50.0 50.0 50.0 50.0 50.0 50.0 50.0 50.0 50.0 50.0 50.0 50.0 50.0 50.0 50.0 50.0 50.0 50.0 50.0 50.0 50.0 50.0 50.0 50.0 50.0 50.0 50.0 50.0 50.0 50.0 50.0 50.0 50.0 50.0 50.0 50.0 50.0 50.0 50.0 50.0 50.0 50.0 50.0 50.0 50.0 50.0 50.0 50.0 50.0 50.0 50.0 50.0 50.0 50.0 50.0 50.0 50.0 50.0 50.0 50.0 50.0 50.0 50.0 50.0 50.0 50.0 50.0 50.0 50.0 50.0 50.0 50.0 50.0 50.0 50.0 50.0 50.0 50.0 50.0 50.0 50.0 50.0 50.0 50.0 50.0 50.0 50.0 50.0 50.0 50.0 50.0 50.0 50.0 50.0 50.0 50.0 50.0 50.0 50.0 50.0 50.0 50.0 50.0 50.0 50.0 50.0 50.0 50.0 50.0 50.0 50.0 50.0 50.0 50.0 50.0 50.0 50.0 50.0 50.0 50.0 50.0 50.0 50.0 50.0 50.0 50.0 50.0 50.0 50.0 50.0 50.0 50.0 50.0 50.0 50.0 50.0 50.0 50.0 50.0 50.0 50.0 50.0 50.0 50.0 50.0 50.0 50.0 50.0 50.0 50.0 50.0 50.0 50.0 50.0 50.0 50.0 50.0 50.0 50.0 50.0 50.0 50.0 50.0 50.0 50.0 50.0 50.0 50.0 50.0 50.0 50.0 50.0 50.0 50.0 50.0 50.0 50.0 50.0 50.0 50.0 50.0 50.0 50.0 50.0 50.0 50.0 50.0 50.0 50.0 50.0 50.0 50.0 50.0 50.0 50.0 50.0 50.0 50.0 50.0 50.0 50.0 50.0 50.0 50.0 50.0 50.0 50.0 50.0 50.0 50.0 50.0 50.0 50.0 50.0 50.0 50.0 50.0 50.0 50.0 50.0 50.0 50.0 50.0 50.0 50.0 50.0 50.0 50.0 50.0 50.0 50.0 50.0 50.0 50.0 50.0 50.0 50.0 50.0 50.0 50.0 50.0 50.0 50.0 50.0 50.0 50.0 50.0 50.0 50.0 50.0 50.0 50.0 50.0 50.0 50.0 50.0 50.0 50.0 50.0 50.0 50.0 50.0 50.0 50.0 50.0 50.0 50.0 50.0 50.0 50.0 50.0 50.0 50.0 50.0 50.0 50.0 50.0 50.0 50.0 50.0 50.0 50.0 50.0 50.0 50.0 50.0 50.0 50.0 50.0 50.0 50.0 50.0 50.0 50.0 50.0
50.0 50.0 50.0 50.0 50.0 50.0 50.0 50.0 50.0 50.0 50.0 50.0 50.0 50.0 50.0 50.0 50.0 50.0 50.0 50.0 50.0 50.0 50.0 50.0 50.0 50.0 50.0 50.0 50.0 50.0 50.0 50.0 50.0 50.0 50.0 50.0 50.0 50.0 50.0 50.0 50.0 50.0 50.0 50.0 50.0 50.0 50.0 50.0 50.0 50.0 50.0 50.0 50.0 50.0 50.0 50.0 50.0 50.0 50.0 50.0 50.0 50.0 50.0 50.0 50.0 50.0 50.0 50.0 50.0 50.0 50.0 50.0 50.0 50.0 50.0 50.0 50.0 50.0 50.0 50.0 50.0 50.0 50.0 50.0 50.0 50.0 50.0 50.0 50.0 50.0 50.0 50.0 50.0 50.0 50.0 50.0 50.0 50.0 50.0 50.0 50.0 50.0 50.0 50.0 50.0 50.0 50.0 50.0 50.0 50.0 50.0 50.0 50.0 50.0 50.0 50.0 50.0 50.0 50.0 50.0 50.0 50.0 50.0 50.0 50.0 50.0 50.0 50.0 50.0 50.0 50.0 50.0 50.0 50.0 50.0 50.0 50.0 50.0 50.0 50.0 50.0 50.0 50.0 50.0 50.0 50.0 50.0 50.0 50.0 50.0 50.0 50.0 50.0 50.0 50.0 50.0 50.0 50.0 50.0 50.0 50.0 50.0 50.0 50.0 50.0 50.0 50.0 50.0 50.0 50.0 50.0 50.0 50.0 50.0 50.0 50.0 50.0 50.0 50.0 50.0 50.0 50.0 50.0 50.0 50.0 50.0 50.0 50.0 50.0 50.0 50.0 50.0 50.0 50.0 50.0 50.0 50.0 50.0 50.0 50.0 50.0 50.0 50.0 50.0 50.0 50.0 50.0 50.0 50.0 50.0 50.0 50.0 50.0 50.0 50.0 50.0 50.0 50.0 50.0 50.0 50.0 50.0 50.0 50.0 50.0 50.0 50.0 50.0 50.0 50.0 50.0 50.0 50.0 50.0 50.0 50.0 50.0 50.0 50.0 50.0 50.0 50.0 50.0 50.0 50.0 50.0 50.0 50.0 50.0 50.0 50.0 50.0 50.0 50.0 50.0 50.0 50.0 50.0 50.0 50.0 50.0 50.0 50.0 50.0 50.0 50.0 50.0 50.0 50.0 50.0 50.0 50.0 50.0 50.0 50.0 50.0 50.0 50.0 50.0 50.0 50.0 50.0 50.0 50.0 50.0 50.0 50.0 50.0 50.0 50.0 50.0 50.0 50.0 50.0 50.0 50.0 50.0 50.0 50.0 50.0 50.0 50.0