4 302 9
300.00980000000004 300.01 301.04 301.96 302.98 303.99 305.01 306.01 307.02 308.02 309.01 310.0 310.99 311.98 312.96 314.05 315.02 316.0 316.97 318.05 319.02 319.98 320.95 322.03 323.0 323.97 325.04 326.02 326.99 327.96 329.05 330.03 331.01 332.0 332.99 333.98 334.97 335.97 336.98 337.99 339.0 340.02 341.04 341.95 342.98 344.02 344.95 345.99 347.04 347.98 349.03 349.98 351.04 352.0 352.95 354.03 354.99 355.95 357.04 358.01 358.98 359.95 361.05 362.02 363.0 363.98 364.95 366.06 367.04 368.02 368.99 369.97 370.95 372.05 373.03 374.0 374.98 375.95 377.04 378.0 378.97 380.05 381.01 381.96 383.04 383.98 385.05 385.99 387.04 387.98 389.02 389.95 390.99 392.02 393.05 393.96 394.98 395.99 397.0 398.01 399.01 400.0 401.0 401.98 402.97 403.95 405.04 406.02 406.99 407.96 409.04 410.01 410.97 412.05 413.01 413.98 415.05 416.02 416.98 417.95 419.03 420.0 420.98 421.95 423.04 424.03 425.01 426.0 427.0 427.99 429.0 430.0 431.01 432.03 433.05 433.96 434.99 436.02 437.06 437.99 439.03 439.97 441.02 441.97 443.03 443.98 445.05 446.0 446.96 448.04 449.01 449.97 451.06 452.03 453.0 453.98 454.95 456.05 457.02 458.0 458.98 459.95 461.05 462.03 463.0 463.98 464.95 466.04 467.01 467.98 468.95 470.03 470.99 471.95 473.03 473.98 475.04 475.99 477.05 477.99 479.04 479.97 481.01 482.05 482.96 483.99 485.01 486.03 487.05 488.06 488.95 489.95 490.95 492.05 493.04 494.02 495.0 495.98 496.95 498.03 499.0 499.97 501.04 502.01 502.97 504.04 505.0 505.96 507.03 507.99 508.96 510.03 511.0 511.97 513.05 514.02 515.0 515.98 516.96 517.95 519.05 520.05 521.05 522.05 522.95 523.96 524.98 526.0 527.03 528.06 528.98 530.02 530.95 532.0 533.05 533.99 535.05 536.0 536.95 538.02 538.98 540.06 541.02 541.98 542.95 544.03 545.0 545.97 546.94 548.04 549.01 549.98 550.96 552.05 553.02 553.99 554.97 556.06 557.02 557.99 558.96 560.04 561.0 561.96 563.03 563.99 565.05 566.0 567.06 568.0 569.05 569.98 571.03 571.95 572.99 574.02 575.04 575.95 576.96 577.98 578.98 579.98 580.98 581.97 582.96 583.95 585.04 586.02 586.99 587.96 589.04 590.0 590.97 592.03 592.99 593.95 595.02 595.97 597.04 597.99 598.95 600.02
0.0 13.54 26.89 39.77 51.58 60.9 70.0 80.0 90.0
71.04621016395508 71.04640116776291 72.01828385346005 72.86622769671244 73.78380616888882 74.6687911250516 75.53851734100292 76.36764030081241 77.18133551154482 77.96350007421718 78.7148996341819 79.44358638507431 80.14972241721287 80.83351346454663 81.48863126151679 82.19218038521053 82.79637466926383 83.38620033031759 83.9499753586079 84.55469490631351 85.07760724218844 85.57671080199597 86.0628242770298 86.58308345197726 87.03199759835246 87.46401013135127 87.92150344746943 88.32348667487035 88.70581620544317 89.0731366507707 89.46856084454765 89.8089302791267 90.1354393507316 90.45167684330286 90.75470945707075 91.04499891710968 91.32299884563508 91.59178361798111 91.85144626538978 92.09969055317852 92.33695734246406 92.56586954226188 92.7844541505615 92.9710893349243 93.17318282103754 93.3677742527981 93.53405936521106 93.71173239951312 93.88261661152673 94.02866297110008 94.18438485663707 94.31881549645519 94.46188429454403 94.58542075370688 94.70226648863779 94.82885690351769 94.93604806687371 95.03844139025932 95.14914329683194 95.24291166257191 95.33241284382228 95.4178333955487 95.50999053245954 95.58729270871683 95.66179417291137 95.73284107811558 95.79991360693788 95.87288634464566 95.93411680484175 95.99249202854743 96.04758736720244 96.10066204148657 96.1512532899957 96.20522202659778 96.25091305638466 96.2940256910437 96.33554686656555 96.37472162744773 96.41656929355862 96.45161159983884 96.48537523218569 96.52111622725911 96.55132623093068 96.57984487628777 96.61068154379724 96.63621327549419 96.66386764368347 96.68698301124962 96.7115629182347 96.7325092115749 96.75457488337798 96.77336594647879 96.79337823151243 96.81220601341629 96.8300954929486 96.84515725741967 96.86124996929159 96.87640124366878 96.89081077356828 96.90451466643113 96.9174214383261 96.92958212526521 96.94127239490082 96.95217806774735 96.96266791859347 96.9725548510528 96.982999373928 96.99191783358893 97.00032675625928 97.0083389344195 97.01681567800802 97.02404969561658 97.030872868898 97.03816852193908 97.04433180044235 97.0502666894374 97.05648882194265 97.0618495131912 97.06690556272832 97.07177414362293 97.076924672725 97.08131983319345 97.08554940776455 97.08953695981151 97.09379336556326 97.09746360545462 97.10092242038135 97.10424885260556 97.10744603498586 97.11045781552842 97.11338077725686 97.11613312262224 97.11877690707782 97.12131488878698 97.12372680159413 97.12577729541789 97.12798845762354 97.13008872078395 97.13210251190323 97.13381679243585 97.13564181781528 97.13721171809753 97.13888031619501 97.14031638801238 97.14184029463689 97.14313913392537 97.1445300685196 97.14570419576765 97.1468353879712 97.14804476424625 97.1490766976002 97.15004990304622 97.15109974349787 97.15198710350307 97.15283246860176 97.15364592653069 97.15441278475821 97.15523859561013 97.15593007542088 97.15659545418691 97.1572290237626 97.15782629656132 97.15846948268461 97.15901345996174 97.159526272226 97.1600197257656 97.16048490837875 97.16098141786799 97.16140107976182 97.16180087711689 97.1621817500616 97.16258464170261 97.16292495503508 97.16324932138942 97.16359610085856 97.16388603789142 97.16419370093033 97.16445591881707 97.16473416786877 97.16496887830088 97.16521833763255 97.16542861238658 97.16565246401828 97.1658649737885 97.16604206841042 97.16623303179298 97.16641269377351 97.16658342333716 97.1667456645559 97.16689836575468 97.16702667945619 97.16716420178099 97.16729501742412 97.16743155827353 97.16754818657606 97.16765808866664 97.16776273559451 97.16786237863396 97.16795631218751 97.1680556755423 97.16814045824464 97.16822122724582 97.16830589493465 97.16837883197208 97.16844761680227 97.16852049128812 97.16858263726458 97.16864187076845 97.16870462603377 97.16875814252091 97.1688096695062 97.1688636836453 97.16891021413439 97.16895454178776 97.16900143173875 97.16904144098346 97.16907993950677 97.16911659710252 97.16915150179916 97.16918506823124 97.16922046645686 97.16925100013633 97.16928004468848 97.16930767273725 97.16933138403749 97.16935675321552 97.1693811058466 97.1694042476438 97.16942644890642 97.16944753575608 97.16946547404109 97.16948478290884 97.16950121934931 97.16951888084361 97.16953563903473 97.16954991316905 97.16956522489177 97.16957827483502 97.16959071940084 97.16960404599376 97.16961541064596 97.16962756049367 97.16963782311531 97.16964760476878 97.16965702277611 97.16966698517074 97.16967548566168 97.16968358371813 97.16969129839232 97.16969960600127 97.16970656214025 97.16971318895801 97.16971956554742 97.16972630034421 97.16973199270527 97.16973741557544 97.16974263367814 97.16974814490963 97.16975275621397 97.22054101400009 97.25101553796264 97.27133354485319 97.30180762266137 97.36275182121936 97.41353947335129 97.44401303393585 97.4744867591816 97.44401938016743 97.38308187681508 97.24088974725511 97.01744363331738 96.74321323421748 96.42835592249176 96.11349818268819 95.79864058695782 95.55488022590104 95.38221711381668 95.29080785488495 95.2806528433013 95.26034099144096 95.20955871541334 95.10799251205663 94.8947017631746 94.62047030520753 94.32592523494617 94.09232071822854 93.92981364320788 93.5743277393732 92.43677042045763 90.08040053069715 86.00753635503071 80.54319432188194 73.9311370263252 66.72998690682563 59.163192813697826 51.31200898419242 43.227219312987835 34.908823725011835 26.671682211015835 19.125201030978843 12.756905276151896 8.13557419532677
70.84189413879645 70.84208459331195 71.81117232053342 72.65667763096033 73.57161731373789 74.4540572135472 75.32128225451663 76.14802080695063 76.95937597771801 77.73929117685506 78.4885298478569 79.21512102770922 79.91922634058808 80.60105092878901 81.25428472569808 81.95581056961204 82.55826730039885 83.14639672974194 83.7085504432204 84.31153092709646 84.83293946185763 85.33060769027668 85.8153231910517 86.33408619489542 86.78170934553962 87.21247948878454 87.66865713703427 88.06948433352217 88.4507143536523 88.81697845194634 89.21126547740229 89.5506560711706 89.8762261618568 90.19155421270924 90.49371535959668 90.78316999975594 91.06037045086714 91.32838224691812 91.58729815160993 91.8348285338148 92.07141298681277 92.29966687660834 92.51762287518726 92.70372133058258 92.90523363245394 93.09926545452137 93.26507236108588 93.4422344399399 93.61262721992806 93.75825357663837 93.91352763425307 94.04757167591312 94.19022903406616 94.31341022476022 94.4299199325327 94.55614629632063 94.66302919731643 94.7651280560601 94.87551160401125 94.96901030892444 95.05825410099727 95.14342899869717 95.23532110838335 95.31240097759073 95.38668818907568 95.45753077625594 95.52441041664048 95.59717329797903 95.65822767046801 95.7164350176093 95.77137191205493 95.82429395319423 95.87473971044099 95.92855324273702 95.97411287340255 96.01710152393734 96.05850329208303 96.09756539345231 96.13929271325927 96.17423424421713 96.20790077847613 96.24353898892484 96.27366211410063 96.30209874500193 96.33284673184399 96.35830503890753 96.38587987814553 96.40892877010363 96.43343798973068 96.4543240453272 96.47632626025701 96.49506328366573 96.51501801699432 96.53379165360946 96.55162968624064 96.56664813580664 96.58269456795561 96.59780227001346 96.6121703607163 96.62583484366677 96.6387044980248 96.65083021303207 96.66248686357076 96.67336117367856 96.68382085761465 96.69367935704797 96.70409384336818 96.71298665515536 96.72137139528802 96.72936053187584 96.73781289788599 96.7450261117709 96.75182966284247 96.75910433490755 96.76524988893878 96.77116771026861 96.77737194904839 96.7827172239204 96.78775873317532 96.79261331291359 96.79774903002735 96.80213155081081 96.80634896189193 96.81032504646186 96.81456921156203 96.81822889650859 96.82167776451041 96.82499463051838 96.82818261838155 96.83118573758908 96.8341002934093 96.8368447235282 96.8394809049388 96.84201158787252 96.84441656445553 96.84646116143065 96.84866596473452 96.85076018791868 96.85276818773966 96.85447753831212 96.85629731524932 96.85786270078286 96.85952650029459 96.86095844222966 96.86247796637488 96.86377307043695 96.86516000495537 96.86633075562624 96.867458694726 96.86866459305405 96.86969355875468 96.87066396543821 96.87171078673897 96.87259559485761 96.87343852883949 96.87424964741082 96.87501430029306 96.87583773626262 96.87652722750275 96.87719069276004 96.87782244030444 96.87841799545484 96.8790593318914 96.87960174478846 96.88011308229758 96.88060511675421 96.88106896158648 96.88156404320439 96.88198249822668 96.882381145837 96.88276092346015 96.88316265645781 96.88350199111082 96.8838254246463 96.88417120684053 96.88446031006704 96.8847670883228 96.88502855211841 96.88530600097627 96.88554003642372 96.88578877835556 96.8859984483975 96.88622165627247 96.88643355490312 96.88661014023299 96.88680055443947 96.8869796997447 96.88714993832107 96.88731171296347 96.88746397502126 96.88759191971582 96.88772904655134 96.8878594859924 96.88799563417507 96.88811192707573 96.88822151310781 96.88832585909007 96.8884252155742 96.88851887899187 96.88861795659568 96.88870249547831 96.8887830322025 96.8888674564024 96.88894018368613 96.88900877070361 96.88908143561564 96.88914340287153 96.8892024660306 96.88926504082313 96.88931840340656 96.88936978220957 96.88942364101379 96.88947003768962 96.8895142378647 96.8895609929687 96.88960088715407 96.88963927496259 96.88967582713774 96.8897106314548 96.8897441013559 96.88977939778265 96.88980984365278 96.88983880467808 96.88986635327358 96.88988999638441 96.88991529260528 96.8899395752026 96.8899626504482 96.88998478786401 96.89000581407171 96.89002370076946 96.89004295410841 96.89005934328065 96.8900769539837 96.8900936639813 96.8901078970658 96.89012316475477 96.89013617716876 96.89014858594626 96.89016187421431 96.89017320618385 96.89018532109078 96.89019555419898 96.89020530772218 96.89021469864502 96.89022463238962 96.8902331084347 96.8902411832026 96.8902488756908 96.98167264472511 97.04262324864423 97.07310169949348 97.11373718267369 97.17468758721041 97.22547967752065 97.24579966369915 97.2559621665305 97.21533855777166 97.12392763592023 96.97157284120505 96.73795956226289 96.45356009041471 96.16915990456349 95.8949168056634 95.62067389717566 95.38705955420883 95.21438906400459 95.07218992378102 95.00109194793471 94.90967892353 94.77763690949158 94.62527989133669 94.42213660186368 94.18852103762428 93.80254631151607 93.20326840489768 92.21801342676788 90.663950016508 88.34809005040306 84.98602926427684 80.64886859035049 75.31629344911947 69.06956211766 62.05087660475279 54.56495557101751 46.875888527304824 39.166506732066125 31.70089961114259 24.702527613142582 18.415165715425267 13.143532649274063 8.907942997352379 5.749025975814171 3.5753660105134983 2.265075643773687 1.4626497540170065 0.9750998437470371 0.6906957272793912 0.5078645089944489 0.3859770291721705 0.3047187090182134 0.2539322590840761
70.61283323924613 70.61302307794405 71.57897734707213 72.42174879204647 73.33373009956713 74.21331670924768 75.07773765596734 75.90180302357454 76.71053475029755 77.4879281637136 78.23474423879189 78.9589860513484 79.66081470296197 80.34043467261893 80.99155629673879 81.69081381986857 82.29132256094715 82.8775503266239 83.43788636657938 84.03891716723865 84.55863977435126 85.05469883726921 85.5378470540242 86.05493268430587 86.50110848571143 86.93048577240287 87.38518841121459 87.78471956897697 88.16471691609055 88.5297967323316 88.92280886611745 89.26110207089505 89.58561945994553 89.89992792587776 90.20111206184595 90.48963077643376 90.76593492479276 91.03308012878209 91.29115885215968 91.5378888671143 91.77370834554064 92.00122419689217 92.21847545433303 92.4039721770938 92.60483290704295 92.79823734464749 92.96350812947738 93.14009737066743 93.30993920091132 93.45509468788173 93.60986668078253 93.74347730307773 93.88567339148095 94.00845628686274 94.12458927096354 94.2504074931456 94.35694479788447 94.45871352914199 94.56874016180879 94.6619365470605 94.75089177735023 94.83579126967139 94.9273862544774 95.00421689285332 95.07826390331466 95.14887742735446 95.21554081843097 95.28806842753045 95.34892538619174 95.40694452510598 95.46170378603951 95.51445470851382 95.56473735393708 95.61837688501159 95.66378920270488 95.7066388533007 95.74790675254904 95.78684255012328 95.82843494839084 95.86326349904786 95.89682117559326 95.93234415309058 95.96236987784768 95.99071456145799 96.0213631274473 96.04673911736239 96.07422479583532 96.09719916127221 96.12162913253975 96.14244765495212 96.16437872769686 96.1830551666239 96.2029453781152 96.22165831186317 96.23943866681859 96.25440855557733 96.27040310302971 96.28546195569037 96.29978358846292 96.3134038885355 96.3262319300225 96.3383184376198 96.34993739742633 96.36077654642945 96.37120240991733 96.38102903277853 96.39140984479296 96.40027390247225 96.40863153130105 96.41659483573353 96.42501987177764 96.43220976238355 96.43899131478405 96.44624246485064 96.45236814778508 96.45826683437137 96.46445101230249 96.46977900370847 96.47480421169621 96.47964309458706 96.48476220582099 96.48913055611726 96.49333433057859 96.49729755883631 96.50152800080997 96.50517585249408 96.5086135688911 96.51191971011085 96.5150973899017 96.51809079879311 96.52099593065896 96.52373148690965 96.52635914446452 96.52888164466235 96.53127884496966 96.53331683092418 96.53551450519467 96.53760195689634 96.53960346403031 96.54130728757129 96.54312118042326 96.54468150442332 96.54633992418883 96.54776723606831 96.54928184696874 96.55057276342819 96.55195521341847 96.55312217857222 96.55424647058224 96.55544846974641 96.5564741083789 96.55744137733961 96.55848481383775 96.55936676100885 96.56020696943942 96.56101546533174 96.56177764577758 96.56259841924093 96.56328568107308 96.56394700107506 96.56457670592054 96.56517033539689 96.56580959812969 96.56635025718339 96.56685994132862 96.56735038483605 96.56781272986773 96.56830621068372 96.56872331266928 96.56912067128837 96.5694992209347 96.56989965496481 96.57023789240971 96.57056028015191 96.57090494429048 96.57119311272768 96.57149889904352 96.57175951741944 96.57203606917135 96.57226934788619 96.57251728553335 96.57272627762605 96.57294876377841 96.57315997725388 96.57333599161095 96.5735257901302 96.57370435618517 96.57387404431041 96.57403529586904 96.57418706560117 96.57431459659804 96.57445128004626 96.5745812977231 96.57471700568286 96.57483292256087 96.57494215425638 96.57504616284527 96.57514519806914 96.57523855863457 96.57533731587984 96.5754215814136 96.5755018577295 96.57558600895135 96.57565850107794 96.57572686632545 96.57579929628203 96.57586106317237 96.57591993535601 96.57598230781858 96.57603549785888 96.57608671053316 96.57614039518977 96.57618664184612 96.57623069910392 96.57627730302947 96.57631706822059 96.57635533190557 96.57639176589255 96.57642645767298 96.60696085940461 96.63749710397869 96.69852959207007 96.73922658907398 96.73925409484605 96.75961175852468 96.76980405204681 96.76982830454179 96.70884913347771 96.66820307508483 96.61738884909676 96.52590330125489 96.44458612455362 96.30226378835081 96.14977556804159 96.02778754998313 95.80412652283904 95.58046645059932 95.29580176132612 94.93996701309358 94.4214601172431 93.66910884047716 92.55074399116388 90.94435817164775 88.84995260675343 86.20652490796573 83.05474397617502 79.53694686806519 75.80564045389383 71.93199420496138 68.0380136218605 64.22536802410896 60.656731322354396 57.48460968861586 54.75983891793137 52.4010817520686 50.26599973622752 48.0902490938886 45.70098983877809 42.81354334680451 39.58041602106977 36.01177489059608 32.15845545559059 28.101793972895507 23.91296015716515 19.673290697866047 15.545458648316426 11.73280569713193 8.46917455683479 5.8359019810388775 3.944825835154346 2.6129388364349206 1.7385702403395742 1.2098822452778493 0.864201622381593 0.6303588450558825 0.4880197616502884 0.38634898589741284 0.30501236260574227 0.2541769735266306 0.21350866154290776 0.1830074272000943 0.1626732711762169 0.1423391144048756 0.13217203666379768 0.12200495855379223 0.11183788009925011 0.10167080144423614 0.10167080260017809 0.1016708036898831 0.10167080472799861 0.10167080582611991 0.09150372607830365 0.0915037268820646 0.08133664685951451 0.08133664749851427 0.09150372912101236 0.08133664875282956 0.07116956813531247 0.07116956864567772 0.06100248777984008 0.0610024881355879 0.061002488512486436
69.47016977573794 69.47035654244833 70.42067964936241 71.24981328808987 72.14703682890296 73.0123898859024 73.86282269211563 74.67355295696726 75.46919771134382 76.2340112719267 76.96874229951707 77.68126436341049 78.37173595822497 79.04035825404881 79.68094336722511 80.36888543979711 80.9596766923333 81.53641806554563 82.08768669536087 82.67899155946085 83.19030396679725 83.67833575562159 84.15366562280157 84.66238372511242 85.10133946802182 85.52376853135137 85.9711131295875 86.36417903683427 86.73802723138085 87.09719929193294 87.48385166665813 87.81667057919564 88.13593659754294 88.44515889451952 88.74146924066548 89.02531911846296 89.29715208728331 89.55997432262731 89.81387679199577 90.05661419880104 90.2886176243993 90.51245179299173 90.72618747029098 90.90868246775656 91.10629285061103 91.2965675995401 91.45916395709173 91.63289561468544 91.79998904856717 91.94279561588829 92.09506307394251 92.22651159666701 92.36640665468498 92.4872026657844 92.60145637508836 92.72523859504624 92.83005190316804 92.93017380331001 93.03841997472928 93.13010824736926 93.21762399581303 93.30114963661887 93.39126242282475 93.46684978063364 93.53969855545486 93.60916940485257 93.67475404270756 93.74610800326171 93.80598016893322 93.8630604367219 93.91693357817987 93.96883088029918 94.01829984725724 94.07107137842937 94.11574882975572 94.15790508330296 94.19850518155079 94.23681091641164 94.27773026260523 94.31199521440215 94.34500985749102 94.37995799884824 94.40949784452258 94.437383851815 94.46753645984654 94.49250181312243 94.51954271577884 94.54214530788816 94.56617995107862 94.58666158621662 94.60823776829359 94.62661198334133 94.64618032957232 94.66459044887837 94.68208308046903 94.6968107250895 94.71254644728094 94.7273616161812 94.7414514949544 94.75485139005893 94.76747184698031 94.77936276958265 94.79079371029624 94.8014574591777 94.81171461036872 94.82138221790088 94.8315950466456 94.84031566531553 94.84853805021392 94.85637249171022 94.86466119303407 94.87173473615857 94.87840654884465 94.88554036012353 94.89156691668451 94.89737015017346 94.90345425515963 94.90869602851099 94.91363991811366 94.91840049774956 94.92343677104732 94.92773443229105 94.93187018088136 94.93576927580919 94.93993126037567 94.94352008218308 94.94690216913224 94.95015481006594 94.95328106834559 94.9562260376147 94.95908415836533 94.96177544758925 94.9643605841441 94.9668422650081 94.96920067359612 94.97120568067155 94.9733677919717 94.97542146433494 94.9773905828935 94.97906683500278 94.98085137527119 94.98238644996253 94.98401803302448 94.9854222480098 94.98691234933517 94.98818237606388 94.98954245511926 94.9906905363339 94.9917966349456 94.99297918324702 94.99398822489934 94.99493984142337 94.99596639293465 94.99683406835422 94.99766068045349 94.99845609318976 94.99920593996042 95.00001343159092 95.00068957208791 95.00134019054785 95.00195970545069 95.00254372875939 95.00317264688294 95.00370455694133 95.00420599333012 95.0046885004349 95.00514336375608 95.00562885901941 95.00603921142168 95.00643013994649 95.00680256386708 95.0071965180363 95.00752928209127 95.00784645292492 95.0286526197149 95.03916975661382 95.00876988299794 94.99879265344518 94.9888310408211 94.98906049515729 94.96883694635109 94.96904246792734 94.98972877268378 94.98993652351881 94.96964205702001 94.90842579726123 94.80626291781115 94.62222011664876 94.2539587268415 93.5684363663402 92.41212907696517 90.81576900141472 88.76910534630231 86.25167986672173 83.33510585780402 80.05009643822281 76.44782209096314 72.66132442466956 68.82364494905573 65.09853579173956 61.6599623283215 58.67167765393417 56.133687832743355 54.03575099941062 52.42904324481267 51.241931759895394 50.443707445860205 49.98320498067939 49.72738531017983 49.56366735875962 49.42041639377612 49.266932443330056 49.07250814078413 48.8576143351664 48.632487506823026 48.397122919836534 48.14128915503882 47.905922523190426 47.721725479428756 47.53752764861017 47.30215992123977 46.91327763194815 46.20713608654688 45.091627792578066 43.49511232010846 41.315250418737 38.654381952023726 35.58414563307127 32.14547798982967 28.450954538301364 24.602916308115894 20.73440862945492 16.97847469636277 13.509096246365845 10.47978556213627 7.921245328755367 5.915349510963095 4.40069313377422 3.2647006731678667 2.4869039886588493 1.9240247100808077 1.5146579398781947 1.2281011620402118 1.013183560676037 0.8596709832897264 0.7368609183669961 0.6447533599747278 0.5833483266882321 0.5219432811074957 0.48100659430157794 0.4503040779652921 0.4196015558110807 0.40936739838701053 0.3786648697531029 0.3581965193988324 0.34796235254945423 0.347962371235347 0.3274940150314602 0.32749403057307264 0.32749404553690326 0.3172598704237979 0.31725988503197156 0.32749408760884396 0.32749409974903515 0.33772830363010725 0.34796250630316466 0.36843090198103706 0.38889929707842 0.419601886506266 0.45030447564609505 0.4912412601637278 0.5424122377982743 0.6140516058157363 0.6754567809441461 0.7777987354815915 0.9108432758817221 1.084824598019697 1.3202110904210302 1.606768566042112 2.046838973876068 2.650656514917457 3.5000947580458455 4.636090494366063 6.16098568845136 8.054311962996708 10.275132546226414 12.813213266134456 15.58668053210251 18.534129183308618 21.542983064176035 24.459729253913057 27.151323139181223 29.433549202486457 31.21429968243234 32.32982736769686 32.83130325172111 32.821069315324245 32.360530673532566 31.59296613079308 30.60024920727985 29.515424491119926 28.49200495525792
54.73027979329501 54.73042693262616 55.479114458557696 56.13232599064517 56.83918039425973 57.52092645998048 58.190917991305376 58.829630900392274 59.45645907950384 60.05899769853318 60.63783657056484 61.1991786839017 61.7431489044368 62.269905718830735 62.77457416269285 63.31655156443218 63.7819912006835 64.23636200222577 64.6706647604953 65.13650903235758 65.53933331226999 65.9238165579077 66.29829292249484 66.69907334616829 67.0448932959951 67.37769312797305 67.7301220208996 68.03978884840654 68.33431549709336 68.61727993249647 68.92189402398013 69.1840968120614 69.43562230234085 69.67923510603036 69.91267556259709 70.13629936085897 70.35045594761566 70.55751366062705 70.75754416629017 70.94877856565378 71.1315564750354 71.30789844618518 71.47628458167556 71.62005855407855 71.77574079263646 71.92564384138537 72.05374118404191 72.19061118536408 72.32225143350932 72.43475790083242 72.55471788667418 72.65827621178481 72.76848892166791 72.86365494050344 72.9536667757676 73.05118540215933 73.13375986106861 73.21263831531589 73.29791726695015 73.37015150549527 73.43909852857163 73.50490204835539 73.57589508058666 73.63544462904855 73.69283665560377 73.74756747081967 73.79923663459937 73.85545101032488 73.90261975036985 73.9475889657444 73.9900315294355 74.03091747911255 74.0698903276235 74.11146501609043 74.14666299271028 74.1798747087479 74.21186044800709 74.24203863230389 74.27427588281536 74.3012706404934 74.3272803747342 74.35481336566988 74.37808557047414 74.40005484140524 74.42380979521334 74.44347810427806 74.46478158133917 74.48258845001662 74.50152352316805 74.51765945065097 74.53465768868256 74.54913333965321 74.56454975604849 74.57905369326214 74.59283481146535 74.60443760606593 74.61683458855593 74.62850633690077 74.63960668414335 74.6501634455654 74.66010614673708 74.6694741031294 74.67847967466572 74.68688083392315 74.69496166568706 74.70257804069915 74.71062395416797 74.71749426845274 74.72397206212318 74.73014422459954 74.73667426395372 74.74224697229148 74.74750318767451 74.75312337672177 74.75787124372481 74.76244317141091 74.76723637645503 74.77136597226657 74.77526088805696 75.13975009202022 75.52571582465512 75.90052043672253 76.22217124607829 76.47998756658528 77.02457124783773 77.46260641138396 77.85805226018887 78.25341940135189 78.62748104444648 78.93773118077519 79.15239734524113 79.23955913085402 79.16741056772607 78.8510181296748 78.19480661753042 77.1242551718884 75.6716044413234 73.85784733724466 71.65113502247353 69.12561471823858 66.3771253610683 63.500960188712845 60.582294425656805 57.748329953454736 55.126683718739 52.85521970437604 51.02969527746206 49.59687631102825 48.50378272334295 47.77172396325455 47.31563973165021 47.0931248568779 47.019303337795975 47.03035153251202 47.051998408858275 47.073630194891955 47.10585874184441 47.1168782254078 47.138451889120844 47.16001318564804 47.18155932587876 47.203088108706645 47.24587834460349 47.299240353761405 47.38444642824484 47.48026354855494 47.59730711239055 47.73560660350417 47.87386964085479 48.033363658470094 48.192849600436126 48.34172786126045 48.50119604916572 48.63941744621762 48.7776510167909 48.905236926546166 49.02221247873585 49.14978587969211 49.26674797631473 49.38368861369497 49.468776803195155 49.52198485001295 49.5008584941288 49.38414405047471 49.139967954131656 48.71525307996111 48.109985719073805 47.281684936763504 46.251590681725446 45.00908136691433 43.54352932867036 41.93991236287912 40.219463647869496 38.42466964783163 36.61924266693634 34.84567026804615 33.17829660297131 31.648983760195918 30.300214079484693 29.15323263284129 28.2292750274498 27.560206767458777 27.10354873059498 26.86991761767297 26.8805571670194 27.114229125105055 27.560309275611328 28.186938499557684 28.994118990692613 29.971226687020426 31.118263912182854 32.403370639001054 33.81592314647726 35.281579126752 36.70475505786743 38.17041203548335 39.646690201245036 41.10172755483144 42.53552402803786 43.88435605439598 45.148224963044406 46.28464507550452 47.21927340871895 48.01583350852673 48.68494459480426 49.30095371127311 49.747032541642696 50.02318084412981 50.193122438260104 50.23561588115572 50.193142596795916 50.10818743741723 49.98074819163605 49.88517146747386 49.80021489294927 49.715257018189696 49.69402355124854 49.72589218088247 49.821484428620195 49.97018042751628 50.203840702898724 50.501225384207295 50.81985047008449 51.18095800803831 51.552686086307205 51.935035189129714 52.317383583244954 52.66786983577516 52.99711460903908 53.27325643419102 53.50691489810203 53.6768492134748 53.80430074400143 53.89989048584157 53.99547966166891 54.05920669080627 54.14417495272463 54.23976405782334 54.36721468344685 54.53714791083621 54.73894305115933 54.95135901968951 55.20625730451272 55.48239685449336 55.747915874208715 55.98157256896351 56.22585004751264 56.42764455124621 56.618818495799374 56.76750946864481 56.88433851858853 56.95868461651141 57.02241014402386 57.06489407751176 57.06489540037743 57.054275967608156 57.03303578371894 57.001174746448925 56.958693088141274 56.905590708573676 56.85248825878038 56.78876508354839 56.73566254100678 56.67193926946673 56.60821595767621 56.56573396472307 56.59759675412013 56.714424864553614 56.92683905096572 57.21359796618871 57.564080996107606 57.88270189869328 58.126978031967425 58.2756680744511 58.33939260940501 58.371255085054756 58.42435894655225 58.44560069730265 58.50932519541586 58.72173914751263 59.17842872817076 59.932497375504404
29.416376700567508 29.41645578486981 29.818859616478143 30.16994710526153 30.549866511625098 30.916290713348776 31.276397099540826 31.61969188276094 31.956598873058027 32.2804507346043 32.591564479553604 32.893274083929356 33.185646660528384 33.468767392604406 33.74001608911401 34.03131756743592 34.281481603195544 34.52569637261362 34.759124989964064 35.00950650887202 35.22601610478112 35.43266777971228 35.63394096610487 35.84935203218233 36.03522299708689 36.21409592191613 36.403519055027196 36.56995847547266 36.728260367566925 36.88034781269088 37.044071493571494 37.18499998900891 37.32018966097477 37.45112642997133 37.576595775888336 37.69678887400016 37.81189354462738 37.92318271960885 38.030694918128845 38.13347939412701 38.23171868424609 38.32649879264411 38.41700280635362 38.494278298967885 38.57795423470772 38.65852397721983 38.72737361036913 38.800938363429154 38.871692233919525 38.93216209880101 38.996638073450576 39.05229849969797 39.11153551809722 39.162685255860886 39.211064728131824 39.263478943080024 39.307860981657115 39.35025649530074 39.396092141955165 39.4349165291088 39.47197410694062 39.50734211772903 39.545499382539624 39.577506015001944 39.60835302472185 39.63776968920084 39.665540780291316 39.69575482740699 39.72110703519571 39.74527704463806 39.76808903183035 39.79006437166057 39.81101145976649 39.83335698224091 39.852275155933015 39.870125756250154 39.88731741977988 39.903537560454595 39.920864406003666 39.935373521685094 39.94935320794284 39.96415161270373 39.97665993434506 39.988467956375764 40.00123574547465 40.011807048795156 40.02325722059453 40.03282803877511 40.0430052431815 40.05167796554 40.0608141617201 40.06859452029943 40.076880520549544 40.0846760823908 40.0920831441846 40.09831940276101 40.104982520659426 40.11125584042615 40.11722204409308 40.122896081790344 40.12824007499104 40.13327515493567 40.13811546062599 40.142630907401916 40.14697418487315 40.151067826588395 40.155392336208905 40.15908498594165 40.16256666408248 40.16588407187115 40.16939383097045 40.17238904474105 40.1752141501911 40.178234883846535 40.18078676271163 40.18324407788652 40.185820324997145 40.18803989607319 40.19013333156338 40.50350631399186 40.708725185031405 40.845954267291965 40.94250814114468 41.052507717078434 41.5688403363349 42.03080060309068 42.47916181928534 42.95457994144982 43.44351497364697 43.95948355886721 44.4754433882325 44.937181337878314 45.317631702583554 45.52197863120004 45.46893107187992 45.07709184252638 44.292501825760844 43.04728274722624 41.26014530884068 39.039342563534944 36.3850257843253 33.41895358733472 30.208977161930854 26.876904369696014 23.544754333963045 20.307283452864866 17.2458585610326 14.428170743433927 11.881364397192959 9.700299671986208 7.8443200695703075 6.327002020934676 5.121268969008901 4.200020849667364 3.509080211515721 2.9807108511505858 2.587819392376022 2.3033143251070354 2.113644659247699 1.9781681645100042 1.8833367667699372 1.8427005385604993 1.829163378900743 1.869821922811697 1.9240298148189996 2.018886608449912 2.181491947584411 2.4389475601238337 2.7912520415189657 3.3332564447381494 4.173361826853493 5.447072763286215 7.316989041137806 9.932168281558514 13.319722055185887 17.181544215786097 21.124694202366193 24.85105434405684 28.130281656695093 30.826852292004816 32.95432846281591 34.49913726875605 35.43419159365916 35.664625716399605 35.149774971329435 33.90320347676831 32.372063495861205 30.935768446670117 29.987284223873644 29.756972275030865 30.46164025987176 31.93869560040153 34.02552932661931 36.50533843669644 39.09355152228381 41.61401473674744 43.83636686971709 45.66575203795314 46.95311091289832 47.68489646857821 47.820445145808854 47.31910831830613 46.31639552162647 44.920704038740446 43.29464585272061 41.682137878304 40.245783054167184 39.13464387662588 38.41647750827985 38.213236768774 38.51137464067733 39.32444452228426 40.530485833781945 42.03464540667191 43.72851907953188 45.544348664922474 47.40083152347581 49.121806488195844 50.612417417584304 51.832011645914406 52.67218370261723 53.05162438745351 52.983885915131296 52.50962053643417 51.71013183562644 50.653176956704975 49.406508686224925 48.02433035789646 46.6963544652603 45.44968278139226 44.37917071782357 43.57967676017246 43.078300949910094 42.902147089294935 43.064765307633756 43.56615506693524 44.3521144644965 45.40909121015288 46.69643340812861 48.10573457172476 49.664095162181866 51.22245653107121 52.713062685271666 54.054608796600526 55.206442111221364 56.08725756637958 56.65640115955029 56.92742432603725 56.90032699909429 56.56155875200302 55.97887300703558 55.15227031627891 54.20370902756604 53.228045954285484 52.29303497216561 51.466431176029424 50.85664206849837 50.436566084447065 50.2062026359193 50.17910306492762 50.38236924557933 50.82955237813735 51.507101067313485 52.442117474282924 53.64815277381727 55.16585937280111 57.0223395732736 59.095634584357136 61.168929831754426 62.930553335879566 64.32630172301491 65.4103783185964 66.23698725439036 66.81967904776327 67.13135219557086 67.09070084097434 66.61641932922811 65.73560939803916 64.55667881856216 63.55391037366389 63.2015869669463 63.635218065254584 64.651539591851 65.73561579791274 66.48091845435441 66.75193813262895 66.61642960418202 66.318309639859 65.96598585758026 65.55945826573655 64.96321751147829 63.98755024776025 62.60535466780497 60.938589287853745 59.46153700152274 58.5671752153496 58.37746247786689 58.91950059273544 59.990025527720704 61.575486254354686 63.797841323964484 66.67064172753156
50.0 50.0 50.0 50.0 50.0 50.0 50.0 50.0 50.0 50.0 50.0 50.0 50.0 50.0 50.0 50.0 50.0 50.0 50.0 50.0 50.0 50.0 50.0 50.0 50.0 50.0 50.0 50.0 50.0 50.0 50.0 50.0 50.0 50.0 50.0 50.0 50.0 50.0 50.0 50.0 50.0 50.0 50.0 50.0 50.0 50.0 50.0 50.0 50.0 50.0 50.0 50.0 50.0 50.0 50.0 50.0 50.0 50.0 50.0 50.0 50.0 50.0 50.0 50.0 50.0 50.0 50.0 50.0 50.0 50.0 50.0 50.0 50.0 50.0 50.0 50.0 50.0 50.0 50.0 50.0 50.0 50.0 50.0 50.0 50.0 50.0 50.0 50.0 50.0 50.0 50.0 50.0 50.0 50.0 50.0 50.0 50.0 50.0 50.0 50.0 50.0 50.0 50.0 50.0 50.0 50.0 50.0 50.0 50.0 50.0 50.0 50.0 50.0 50.0 50.0 50.0 50.0 50.0 50.0 50.0 50.0 50.0 50.0 50.0 50.0 50.0 50.0 50.0 50.0 50.0 50.0 50.0 50.0 50.0 50.0 50.0 50.0 50.0 50.0 50.0 50.0 50.0 50.0 50.0 50.0 50.0 50.0 50.0 50.0 50.0 50.0 50.0 50.0 50.0 50.0 50.0 50.0 50.0 50.0 50.0 50.0 50.0 50.0 50.0 50.0 50.0 50.0 50.0 50.0 50.0 50.0 50.0 50.0 50.0 50.0 50.0 50.0 50.0 50.0 50.0 50.0 50.0 50.0 50.0 50.0 50.0 50.0 50.0 50.0 50.0 50.0 50.0 50.0 50.0 50.0 50.0 50.0 50.0 50.0 50.0 50.0 50.0 50.0 50.0 50.0 50.0 50.0 50.0 50.0 50.0 50.0 50.0 50.0 50.0 50.0 50.0 50.0 50.0 50.0 50.0 50.0 50.0 50.0 50.0 50.0 50.0 50.0 50.0 50.0 50.0 50.0 50.0 50.0 50.0 50.0 50.0 50.0 50.0 50.0 50.0 50.0 50.0 50.0 50.0 50.0 50.0 50.0 50.0 50.0 50.0 50.0 50.0 50.0 50.0 50.0 50.0 50.0 50.0 50.0 50.0 50.0 50.0 50.0 50.0 50.0 50.0 50.0 50.0 50.0 50.0 50.0 50.0 50.0 50.0 50.0 50.0 50.0 50.0 50.0 50.0 50.0 50.0 50.0 50.0 50.0 50.0 50.0 50.0 50.0 50.0 50.0 50.0 50.0 50.0 50.0 50.0 50.0 50.0 50.0 50.0 50.0 50.0
50.0 50.0 50.0 50.0 50.0 50.0 50.0 50.0 50.0 50.0 50.0 50.0 50.0 50.0 50.0 50.0 50.0 50.0 50.0 50.0 50.0 50.0 50.0 50.0 50.0 50.0 50.0 50.0 50.0 50.0 50.0 50.0 50.0 50.0 50.0 50.0 50.0 50.0 50.0 50.0 50.0 50.0 50.0 50.0 50.0 50.0 50.0 50.0 50.0 50.0 50.0 50.0 50.0 50.0 50.0 50.0 50.0 50.0 50.0 50.0 50.0 50.0 50.0 50.0 50.0 50.0 50.0 50.0 50.0 50.0 50.0 50.0 50.0 50.0 50.0 50.0 50.0 50.0 50.0 50.0 50.0 50.0 50.0 50.0 50.0 50.0 50.0 50.0 50.0 50.0 50.0 50.0 50.0 50.0 50.0 50.0 50.0 50.0 50.0 50.0 50.0 50.0 50.0 50.0 50.0 50.0 50.0 50.0 50.0 50.0 50.0 50.0 50.0 50.0 50.0 50.0 50.0 50.0 50.0 50.0 50.0 50.0 50.0 50.0 50.0 50.0 50.0 50.0 50.0 50.0 50.0 50.0 50.0 50.0 50.0 50.0 50.0 50.0 50.0 50.0 50.0 50.0 50.0 50.0 50.0 50.0 50.0 50.0 50.0 50.0 50.0 50.0 50.0 50.0 50.0 50.0 50.0 50.0 50.0 50.0 50.0 50.0 50.0 50.0 50.0 50.0 50.0 50.0 50.0 50.0 50.0 50.0 50.0 50.0 50.0 50.0 50.0 50.0 50.0 50.0 50.0 50.0 50.0 50.0 50.0 50.0 50.0 50.0 50.0 50.0 50.0 50.0 50.0 50.0 50.0 50.0 50.0 50.0 50.0 50.0 50.0 50.0 50.0 50.0 50.0 50.0 50.0 50.0 50.0 50.0 50.0 50.0 50.0 50.0 50.0 50.0 50.0 50.0 50.0 50.0 50.0 50.0 50.0 50.0 50.0 50.0 50.0 50.0 50.0 50.0 50.0 50.0 50.0 50.0 50.0 50.0 50.0 50.0 50.0 50.0 50.0 50.0 50.0 50.0 50.0 50.0 50.0 50.0 50.0 50.0 50.0 50.0 50.0 50.0 50.0 50.0 50.0 50.0 50.0 50.0 50.0 50.0 50.0 50.0 50.0 50.0 50.0 50.0 50.0 50.0 50.0 50.0 50.0 50.0 50.0 50.0 50.0 50.0 50.0 50.0 50.0 50.0 50.0 50.0 50.0 50.0 50.0 50.0 50.0 50.0 50.0 50.0 50.0 50.0 50.0 50.0 50.0 50.0 50.0 50.0 50.0 50.0
50.0 50.0 50.0 50.0 50.0 50.0 50.0 50.0 50.0 50.0 50.0 50.0 50.0 50.0 50.0 50.0 50.0 50.0 50.0 50.0 50.0 50.0 50.0 50.0 50.0 50.0 50.0 50.0 50.0 50.0 50.0 50.0 50.0 50.0 50.0 50.0 50.0 50.0 50.0 50.0 50.0 50.0 50.0 50.0 50.0 50.0 50.0 50.0 50.0 50.0 50.0 50.0 50.0 50.0 50.0 50.0 50.0 50.0 50.0 50.0 50.0 50.0 50.0 50.0 50.0 50.0 50.0 50.0 50.0 50.0 50.0 50.0 50.0 50.0 50.0 50.0 50.0 50.0 50.0 50.0 50.0 50.0 50.0 50.0 50.0 50.0 50.0 50.0 50.0 50.0 50.0 50.0 50.0 50.0 50.0 50.0 50.0 50.0 50.0 50.0 50.0 50.0 50.0 50.0 50.0 50.0 50.0 50.0 50.0 50.0 50.0 50.0 50.0 50.0 50.0 50.0 50.0 50.0 50.0 50.0 50.0 50.0 50.0 50.0 50.0 50.0 50.0 50.0 50.0 50.0 50.0 50.0 50.0 50.0 50.0 50.0 50.0 50.0 50.0 50.0 50.0 50.0 50.0 50.0 50.0 50.0 50.0 50.0 50.0 50.0 50.0 50.0 50.0 50.0 50.0 50.0 50.0 50.0 50.0 50.0 50.0 50.0 50.0 50.0 50.0 50.0 50.0 50.0 50.0 50.0 50.0 50.0 50.0 50.0 50.0 50.0 50.0 50.0 50.0 50.0 50.0 50.0 50.0 50.0 50.0 50.0 50.0 50.0 50.0 50.0 50.0 50.0 50.0 50.0 50.0 50.0 50.0 50.0 50.0 50.0 50.0 50.0 50.0 50.0 50.0 50.0 50.0 50.0 50.0 50.0 50.0 50.0 50.0 50.0 50.0 50.0 50.0 50.0 50.0 50.0 50.0 50.0 50.0 50.0 50.0 50.0 50.0 50.0 50.0 50.0 50.0 50.0 50.0 50.0 50.0 50.0 50.0 50.0 50.0 50.0 50.0 50.0 50.0 50.0 50.0 50.0 50.0 50.0 50.0 50.0 50.0 50.0 50.0 50.0 50.0 50.0 50.0 50.0 50.0 50.0 50.0 50.0 50.0 50.0 50.0 50.0 50.0 50.0 50.0 50.0 50.0 50.0 50.0 50.0 50.0 50.0 50.0 50.0 50.0 50.0 50.0 50.0 50.0 50.0 50.0 50.0 50.0 50.0 50.0 50.0 50.0 50.0 50.0 50.0 50.0 50.0 50.0 50.0 50.0 50.0 50.0 50.0