4 302 9
300.00980000000004 300.01 301.04 301.96 302.98 303.99 305.01 306.01 307.02 308.02 309.01 310.0 310.99 311.98 312.96 314.05 315.02 316.0 316.97 318.05 319.02 319.98 320.95 322.03 323.0 323.97 325.04 326.02 326.99 327.96 329.05 330.03 331.01 332.0 332.99 333.98 334.97 335.97 336.98 337.99 339.0 340.02 341.04 341.95 342.98 344.02 344.95 345.99 347.04 347.98 349.03 349.98 351.04 352.0 352.95 354.03 354.99 355.95 357.04 358.01 358.98 359.95 361.05 362.02 363.0 363.98 364.95 366.06 367.04 368.02 368.99 369.97 370.95 372.05 373.03 374.0 374.98 375.95 377.04 378.0 378.97 380.05 381.01 381.96 383.04 383.98 385.05 385.99 387.04 387.98 389.02 389.95 390.99 392.02 393.05 393.96 394.98 395.99 397.0 398.01 399.01 400.0 401.0 401.98 402.97 403.95 405.04 406.02 406.99 407.96 409.04 410.01 410.97 412.05 413.01 413.98 415.05 416.02 416.98 417.95 419.03 420.0 420.98 421.95 423.04 424.03 425.01 426.0 427.0 427.99 429.0 430.0 431.01 432.03 433.05 433.96 434.99 436.02 437.06 437.99 439.03 439.97 441.02 441.97 443.03 443.98 445.05 446.0 446.96 448.04 449.01 449.97 451.06 452.03 453.0 453.98 454.95 456.05 457.02 458.0 458.98 459.95 461.05 462.03 463.0 463.98 464.95 466.04 467.01 467.98 468.95 470.03 470.99 471.95 473.03 473.98 475.04 475.99 477.05 477.99 479.04 479.97 481.01 482.05 482.96 483.99 485.01 486.03 487.05 488.06 488.95 489.95 490.95 492.05 493.04 494.02 495.0 495.98 496.95 498.03 499.0 499.97 501.04 502.01 502.97 504.04 505.0 505.96 507.03 507.99 508.96 510.03 511.0 511.97 513.05 514.02 515.0 515.98 516.96 517.95 519.05 520.05 521.05 522.05 522.95 523.96 524.98 526.0 527.03 528.06 528.98 530.02 530.95 532.0 533.05 533.99 535.05 536.0 536.95 538.02 538.98 540.06 541.02 541.98 542.95 544.03 545.0 545.97 546.94 548.04 549.01 549.98 550.96 552.05 553.02 553.99 554.97 556.06 557.02 557.99 558.96 560.04 561.0 561.96 563.03 563.99 565.05 566.0 567.06 568.0 569.05 569.98 571.03 571.95 572.99 574.02 575.04 575.95 576.96 577.98 578.98 579.98 580.98 581.97 582.96 583.95 585.04 586.02 586.99 587.96 589.04 590.0 590.97 592.03 592.99 593.95 595.02 595.97 597.04 597.99 598.95 600.02
0.0 13.54 26.89 39.77 51.58 60.9 70.0 80.0 90.0
71.04621016395508 71.04640116776291 72.01828385346005 72.86622769671244 73.78380616888882 74.6687911250516 75.53851734100292 76.36764030081241 77.18133551154482 77.96350007421718 78.7148996341819 79.44358638507431 80.14972241721287 80.83351346454663 81.48863126151679 82.19218038521053 82.79637466926383 83.38620033031759 83.9499753586079 84.55469490631351 85.07760724218844 85.57671080199597 86.0628242770298 86.58308345197726 87.03199759835246 87.46401013135127 87.92150344746943 88.32348667487035 88.70581620544317 89.0731366507707 89.46856084454765 89.8089302791267 90.1354393507316 90.45167684330286 90.75470945707075 91.04499891710968 91.32299884563508 91.59178361798111 91.85144626538978 92.09969055317852 92.33695734246406 92.56586954226188 92.7844541505615 92.9710893349243 93.17318282103754 93.3677742527981 93.53405936521106 93.71173239951312 93.88261661152673 94.02866297110008 94.18438485663707 94.31881549645519 94.46188429454403 94.58542075370688 94.70226648863779 94.82885690351769 94.93604806687371 95.03844139025932 95.14914329683194 95.24291166257191 95.33241284382228 95.4178333955487 95.50999053245954 95.58729270871683 95.66179417291137 95.73284107811558 95.79991360693788 95.87288634464566 95.93411680484175 95.99249202854743 96.04758736720244 96.10066204148657 96.1512532899957 96.20522202659778 96.25091305638466 96.2940256910437 96.33554686656555 96.37472162744773 96.41656929355862 96.45161159983884 96.48537523218569 96.52111622725911 96.55132623093068 96.57984487628777 96.61068154379724 96.63621327549419 96.66386764368347 96.68698301124962 96.7115629182347 96.7325092115749 96.75457488337798 96.77336594647879 96.79337823151243 96.81220601341629 96.8300954929486 96.84515725741967 96.86124996929159 96.87640124366878 96.89081077356828 96.90451466643113 96.9174214383261 96.92958212526521 96.94127239490082 96.95217806774735 96.96266791859347 96.9725548510528 96.982999373928 96.99191783358893 97.00032675625928 97.0083389344195 97.01681567800802 97.02404969561658 97.030872868898 97.03816852193908 97.04433180044235 97.0502666894374 97.05648882194265 97.0618495131912 97.06690556272832 97.07177414362293 97.076924672725 97.08131983319345 97.08554940776455 97.08953695981151 97.09379336556326 97.09746360545462 97.10092242038135 97.10424885260556 97.10744603498586 97.11045781552842 97.11338077725686 97.11613312262224 97.11877690707782 97.12131488878698 97.12372680159413 97.12577729541789 97.12798845762354 97.13008872078395 97.13210251190323 97.13381679243585 97.13564181781528 97.13721171809753 97.13888031619501 97.14031638801238 97.14184029463689 97.14313913392537 97.1445300685196 97.14570419576765 97.1468353879712 97.14804476424625 97.1490766976002 97.15004990304622 97.15109974349787 97.15198710350307 97.15283246860176 97.15364592653069 97.15441278475821 97.15523859561013 97.15593007542088 97.15659545418691 97.1572290237626 97.15782629656132 97.15846948268461 97.15901345996174 97.159526272226 97.1600197257656 97.16048490837875 97.16098141786799 97.16140107976182 97.16180087711689 97.1621817500616 97.16258464170261 97.16292495503508 97.16324932138942 97.16359610085856 97.16388603789142 97.16419370093033 97.16445591881707 97.16473416786877 97.16496887830088 97.16521833763255 97.16542861238658 97.16565246401828 97.1658649737885 97.16604206841042 97.16623303179298 97.16641269377351 97.16658342333716 97.1667456645559 97.16689836575468 97.16702667945619 97.16716420178099 97.16729501742412 97.16743155827353 97.16754818657606 97.16765808866664 97.16776273559451 97.16786237863396 97.16795631218751 97.1680556755423 97.16814045824464 97.16822122724582 97.16830589493465 97.16837883197208 97.16844761680227 97.16852049128812 97.16858263726458 97.16864187076845 97.16870462603377 97.16875814252091 97.1688096695062 97.1688636836453 97.16891021413439 97.16895454178776 97.16900143173875 97.16904144098346 97.16907993950677 97.16911659710252 97.16915150179916 97.16918506823124 97.16922046645686 97.16925100013633 97.16928004468848 97.16930767273725 97.16933138403749 97.16935675321552 97.1693811058466 97.1694042476438 97.16942644890642 97.16944753575608 97.16946547404109 97.16948478290884 97.16950121934931 97.16951888084361 97.16953563903473 97.16954991316905 97.16956522489177 97.16957827483502 97.16959071940084 97.16960404599376 97.16961541064596 97.16962756049367 97.16963782311531 97.16964760476878 97.16965702277611 97.16966698517074 97.16967548566168 97.16968358371813 97.16969129839232 97.16969960600127 97.16970656214025 97.16971318895801 97.16971956554742 97.16972630034421 97.16973199270527 97.16973741557544 97.16974263367814 97.16974814490963 97.16975275621397 97.1697571960864 97.16976142576382 97.16976589992801 97.16976967912332 97.16977328120234 97.22056092575525 97.25103447987657 97.2713514319769 97.30182464686304 97.36276834283994 97.41355479067514 97.44402787039854 97.47450051535802 97.4440327280794 97.38309421701516 97.24090171538741 97.01745492323627 96.74322415175209 96.4283659959793 96.11350792625095 95.79864977409862 95.55488888357252 95.38222529695898 95.29081579172686 95.28066036208156 95.26034809718534 95.20956545905378 95.10799902195053 94.89470792021751 94.62047612756656 94.32593073949538 94.09232602657114 93.92981854839397 93.57433238405467 92.43677486134249 90.08040464629802 86.0075399996321 80.5431976390962 73.93113991689299 66.72998938551943 59.16319490464779 51.31201071267466 43.227220693271825
70.84189413879645 70.84208459331195 71.81117232053342 72.65667763096033 73.57161731373789 74.4540572135472 75.32128225451663 76.14802080695063 76.95937597771801 77.73929117685506 78.4885298478569 79.21512102770922 79.91922634058808 80.60105092878901 81.25428472569808 81.95581056961204 82.55826730039885 83.14639672974194 83.7085504432204 84.31153092709646 84.83293946185763 85.33060769027668 85.8153231910517 86.33408619489542 86.78170934553962 87.21247948878454 87.66865713703427 88.06948433352217 88.4507143536523 88.81697845194634 89.21126547740229 89.5506560711706 89.8762261618568 90.19155421270924 90.49371535959668 90.78316999975594 91.06037045086714 91.32838224691812 91.58729815160993 91.8348285338148 92.07141298681277 92.29966687660834 92.51762287518726 92.70372133058258 92.90523363245394 93.09926545452137 93.26507236108588 93.4422344399399 93.61262721992806 93.75825357663837 93.91352763425307 94.04757167591312 94.19022903406616 94.31341022476022 94.4299199325327 94.55614629632063 94.66302919731643 94.7651280560601 94.87551160401125 94.96901030892444 95.05825410099727 95.14342899869717 95.23532110838335 95.31240097759073 95.38668818907568 95.45753077625594 95.52441041664048 95.59717329797903 95.65822767046801 95.7164350176093 95.77137191205493 95.82429395319423 95.87473971044099 95.92855324273702 95.97411287340255 96.01710152393734 96.05850329208303 96.09756539345231 96.13929271325927 96.17423424421713 96.20790077847613 96.24353898892484 96.27366211410063 96.30209874500193 96.33284673184399 96.35830503890753 96.38587987814553 96.40892877010363 96.43343798973068 96.4543240453272 96.47632626025701 96.49506328366573 96.51501801699432 96.53379165360946 96.55162968624064 96.56664813580664 96.58269456795561 96.59780227001346 96.6121703607163 96.62583484366677 96.6387044980248 96.65083021303207 96.66248686357076 96.67336117367856 96.68382085761465 96.69367935704797 96.70409384336818 96.71298665515536 96.72137139528802 96.72936053187584 96.73781289788599 96.7450261117709 96.75182966284247 96.75910433490755 96.76524988893878 96.77116771026861 96.77737194904839 96.7827172239204 96.78775873317532 96.79261331291359 96.79774903002735 96.80213155081081 96.80634896189193 96.81032504646186 96.81456921156203 96.81822889650859 96.82167776451041 96.82499463051838 96.82818261838155 96.83118573758908 96.8341002934093 96.8368447235282 96.8394809049388 96.84201158787252 96.84441656445553 96.84646116143065 96.84866596473452 96.85076018791868 96.85276818773966 96.85447753831212 96.85629731524932 96.85786270078286 96.85952650029459 96.86095844222966 96.86247796637488 96.86377307043695 96.86516000495537 96.86633075562624 96.867458694726 96.86866459305405 96.86969355875468 96.87066396543821 96.87171078673897 96.87259559485761 96.87343852883949 96.87424964741082 96.87501430029306 96.87583773626262 96.87652722750275 96.87719069276004 96.87782244030444 96.87841799545484 96.8790593318914 96.87960174478846 96.88011308229758 96.88060511675421 96.88106896158648 96.88156404320439 96.88198249822668 96.882381145837 96.88276092346015 96.88316265645781 96.88350199111082 96.8838254246463 96.88417120684053 96.88446031006704 96.8847670883228 96.88502855211841 96.88530600097627 96.88554003642372 96.88578877835556 96.8859984483975 96.88622165627247 96.88643355490312 96.88661014023299 96.88680055443947 96.8869796997447 96.88714993832107 96.88731171296347 96.88746397502126 96.88759191971582 96.88772904655134 96.8878594859924 96.88799563417507 96.88811192707573 96.88822151310781 96.88832585909007 96.8884252155742 96.88851887899187 96.88861795659568 96.88870249547831 96.8887830322025 96.8888674564024 96.88894018368613 96.88900877070361 96.88908143561564 96.88914340287153 96.8892024660306 96.88926504082313 96.88931840340656 96.88936978220957 96.88942364101379 96.88947003768962 96.8895142378647 96.8895609929687 96.88960088715407 96.88963927496259 96.88967582713774 96.8897106314548 96.8897441013559 96.88977939778265 96.88980984365278 96.88983880467808 96.88986635327358 96.88988999638441 96.88991529260528 96.8899395752026 96.8899626504482 96.88998478786401 96.89000581407171 96.89002370076946 96.89004295410841 96.89005934328065 96.8900769539837 96.8900936639813 96.8901078970658 96.89012316475477 96.89013617716876 96.89014858594626 96.89016187421431 96.89017320618385 96.89018532109078 96.89019555419898 96.89020530772218 96.89021469864502 96.89022463238962 96.8902331084347 96.8902411832026 96.8902488756908 96.89025715940856 96.89026409554295 96.89027070330317 96.89027706155468 96.89028377698341 96.98170496875964 97.04265406172779 97.07313111493805 97.11376574557046 97.17471404443096 97.22550489536133 97.24582369268215 97.2559854534247 97.21536010208884 97.12394815122906 96.971592701969 96.73797840424713 96.45357782715891 96.16917673059389 95.89493307820503 95.62068893258898 95.38707407748745 95.21440250122265 95.07220294679907 95.00110398629353 94.9096906047435 94.77764793876419 94.62529056986115 94.42214646576947 94.18853058604135 93.80255530723036 93.20327684950328 92.21802133844312 90.66395756797549 88.34809702212142 84.98603560363058 80.64887430266529 75.31629860432322 69.06956659909311 62.05088042298028 54.56495875524795 46.875891171870016 39.16650877741251 31.700901184657297 24.70252879991144 18.415166556778896 13.143533206236157 8.907943364230745 5.749026200590226 3.5753661433209203 2.265075723826159 1.4626498032874244 0.9750998748828521
70.61283323924613 70.61302307794405 71.57897734707213 72.42174879204647 73.33373009956713 74.21331670924768 75.07773765596734 75.90180302357454 76.71053475029755 77.4879281637136 78.23474423879189 78.9589860513484 79.66081470296197 80.34043467261893 80.99155629673879 81.69081381986857 82.29132256094715 82.8775503266239 83.43788636657938 84.03891716723865 84.55863977435126 85.05469883726921 85.5378470540242 86.05493268430587 86.50110848571143 86.93048577240287 87.38518841121459 87.78471956897697 88.16471691609055 88.5297967323316 88.92280886611745 89.26110207089505 89.58561945994553 89.89992792587776 90.20111206184595 90.48963077643376 90.76593492479276 91.03308012878209 91.29115885215968 91.5378888671143 91.77370834554064 92.00122419689217 92.21847545433303 92.4039721770938 92.60483290704295 92.79823734464749 92.96350812947738 93.14009737066743 93.30993920091132 93.45509468788173 93.60986668078253 93.74347730307773 93.88567339148095 94.00845628686274 94.12458927096354 94.2504074931456 94.35694479788447 94.45871352914199 94.56874016180879 94.6619365470605 94.75089177735023 94.83579126967139 94.9273862544774 95.00421689285332 95.07826390331466 95.14887742735446 95.21554081843097 95.28806842753045 95.34892538619174 95.40694452510598 95.46170378603951 95.51445470851382 95.56473735393708 95.61837688501159 95.66378920270488 95.7066388533007 95.74790675254904 95.78684255012328 95.82843494839084 95.86326349904786 95.89682117559326 95.93234415309058 95.96236987784768 95.99071456145799 96.0213631274473 96.04673911736239 96.07422479583532 96.09719916127221 96.12162913253975 96.14244765495212 96.16437872769686 96.1830551666239 96.2029453781152 96.22165831186317 96.23943866681859 96.25440855557733 96.27040310302971 96.28546195569037 96.29978358846292 96.3134038885355 96.3262319300225 96.3383184376198 96.34993739742633 96.36077654642945 96.37120240991733 96.38102903277853 96.39140984479296 96.40027390247225 96.40863153130105 96.41659483573353 96.42501987177764 96.43220976238355 96.43899131478405 96.44624246485064 96.45236814778508 96.45826683437137 96.46445101230249 96.46977900370847 96.47480421169621 96.47964309458706 96.48476220582099 96.48913055611726 96.49333433057859 96.49729755883631 96.50152800080997 96.50517585249408 96.5086135688911 96.51191971011085 96.5150973899017 96.51809079879311 96.52099593065896 96.52373148690965 96.52635914446452 96.52888164466235 96.53127884496966 96.53331683092418 96.53551450519467 96.53760195689634 96.53960346403031 96.54130728757129 96.54312118042326 96.54468150442332 96.54633992418883 96.54776723606831 96.54928184696874 96.55057276342819 96.55195521341847 96.55312217857222 96.55424647058224 96.55544846974641 96.5564741083789 96.55744137733961 96.55848481383775 96.55936676100885 96.56020696943942 96.56101546533174 96.56177764577758 96.56259841924093 96.56328568107308 96.56394700107506 96.56457670592054 96.56517033539689 96.56580959812969 96.56635025718339 96.56685994132862 96.56735038483605 96.56781272986773 96.56830621068372 96.56872331266928 96.56912067128837 96.5694992209347 96.56989965496481 96.57023789240971 96.57056028015191 96.57090494429048 96.57119311272768 96.57149889904352 96.57175951741944 96.57203606917135 96.57226934788619 96.57251728553335 96.57272627762605 96.57294876377841 96.57315997725388 96.57333599161095 96.5735257901302 96.57370435618517 96.57387404431041 96.57403529586904 96.57418706560117 96.57431459659804 96.57445128004626 96.5745812977231 96.57471700568286 96.57483292256087 96.57494215425638 96.57504616284527 96.57514519806914 96.57523855863457 96.57533731587984 96.5754215814136 96.5755018577295 96.57558600895135 96.57565850107794 96.57572686632545 96.57579929628203 96.57586106317237 96.57591993535601 96.57598230781858 96.57603549785888 96.57608671053316 96.57614039518977 96.57618664184612 96.57623069910392 96.57627730302947 96.57631706822059 96.57635533190557 96.57639176589255 96.57642645767298 96.57645981935217 96.57649500165108 96.57652534907723 96.57655421645966 96.57658167597924 96.60710632862262 96.63763264495743 96.69865906750334 96.73935024232973 96.73937234533363 96.75972742048342 96.76991232582095 96.76993155529217 96.70894564556514 96.66829503023575 96.61747645182528 96.52598718113487 96.44466596642752 96.3023401561166 96.14984665269073 96.02785515315614 95.80419109994752 95.58052776677268 95.29586016130288 94.94002259318727 94.42151159573979 93.66915855704498 92.55078963824587 90.94440100054726 88.84999255931555 86.20656268675361 83.05477780417066 79.53697772959747 75.80566852464094 71.93202011592359 68.03803629896063 64.22538841702048 60.65674970277788 57.48462659587348 54.75985382709312 52.40109534358941 50.266012156721345 48.09026060858156 45.70099996677472 42.813552390230626 39.580424127541356 36.01178190473302 32.1584613691753 28.1017988896655 23.91296421498857 19.673293791298093 15.545461015210094 11.732807352934902 8.469175716944944 5.835902720553347 3.944826320672296 2.6129391405025855 1.7385704365383579 1.2098823716694445 0.8642017099905439 0.6303589055076324 0.4880198058669182 0.38634901904351515 0.30501238801044767 0.2541769935842263 0.2135086774691364 0.18300744016240925 0.16267328231077782 0.14233912364024934 0.13217204479684805 0.12200496567359834 0.1118378864087319 0.10167080675367074 0.10167080764673846 0.10167080857439313 0.10167080937314284 0.1016708101344582 0.09150372984693325 0.09150373045968745 0.08133664988077453 0.08133665037312011 0.09150373220338184 0.08133665134998191
69.47016977573794 69.47035654244833 70.42067964936241 71.24981328808987 72.14703682890296 73.0123898859024 73.86282269211563 74.67355295696726 75.46919771134382 76.2340112719267 76.96874229951707 77.68126436341049 78.37173595822497 79.04035825404881 79.68094336722511 80.36888543979711 80.9596766923333 81.53641806554563 82.08768669536087 82.67899155946085 83.19030396679725 83.67833575562159 84.15366562280157 84.66238372511242 85.10133946802182 85.52376853135137 85.9711131295875 86.36417903683427 86.73802723138085 87.09719929193294 87.48385166665813 87.81667057919564 88.13593659754294 88.44515889451952 88.74146924066548 89.02531911846296 89.29715208728331 89.55997432262731 89.81387679199577 90.05661419880104 90.2886176243993 90.51245179299173 90.72618747029098 90.90868246775656 91.10629285061103 91.2965675995401 91.45916395709173 91.63289561468544 91.79998904856717 91.94279561588829 92.09506307394251 92.22651159666701 92.36640665468498 92.4872026657844 92.60145637508836 92.72523859504624 92.83005190316804 92.93017380331001 93.03841997472928 93.13010824736926 93.21762399581303 93.30114963661887 93.39126242282475 93.46684978063364 93.53969855545486 93.60916940485257 93.67475404270756 93.74610800326171 93.80598016893322 93.8630604367219 93.91693357817987 93.96883088029918 94.01829984725724 94.07107137842937 94.11574882975572 94.15790508330296 94.19850518155079 94.23681091641164 94.27773026260523 94.31199521440215 94.34500985749102 94.37995799884824 94.40949784452258 94.437383851815 94.46753645984654 94.49250181312243 94.51954271577884 94.54214530788816 94.56617995107862 94.58666158621662 94.60823776829359 94.62661198334133 94.64618032957232 94.66459044887837 94.68208308046903 94.6968107250895 94.71254644728094 94.7273616161812 94.7414514949544 94.75485139005893 94.76747184698031 94.77936276958265 94.79079371029624 94.8014574591777 94.81171461036872 94.82138221790088 94.8315950466456 94.84031566531553 94.84853805021392 94.85637249171022 94.86466119303407 94.87173473615857 94.87840654884465 94.88554036012353 94.89156691668451 94.89737015017346 94.90345425515963 94.90869602851099 94.91363991811366 94.91840049774956 94.92343677104732 94.92773443229105 94.93187018088136 94.93576927580919 94.93993126037567 94.94352008218308 94.94690216913224 94.95015481006594 94.95328106834559 94.9562260376147 94.95908415836533 94.96177544758925 94.9643605841441 94.9668422650081 94.96920067359612 94.97120568067155 94.9733677919717 94.97542146433494 94.9773905828935 94.97906683500278 94.98085137527119 94.98238644996253 94.98401803302448 94.9854222480098 94.98691234933517 94.98818237606388 94.98954245511926 94.9906905363339 94.9917966349456 94.99297918324702 94.99398822489934 94.99493984142337 94.99596639293465 94.99683406835422 94.99766068045349 94.99845609318976 94.99920593996042 95.00001343159092 95.00068957208791 95.00134019054785 95.00195970545069 95.00254372875939 95.00317264688294 95.00370455694133 95.00420599333012 95.0046885004349 95.00514336375608 95.00562885901941 95.00603921142168 95.00643013994649 95.00680256386708 95.0071965180363 95.00752928209127 95.00784645292492 95.00818553967619 95.00846904494483 95.00876988299794 95.00902628402295 95.00929836058859 95.02999523357366 95.040472922496 95.00997740002559 94.99996252928501 94.98993652351881 94.99010965229091 94.96982870375072 94.97000430454312 94.99063888413733 94.99079749213277 94.97047899810094 94.90920100329734 94.8069961718623 94.62291307723211 94.25462405938622 93.5690621218104 92.41272958797647 90.81632841167429 88.76962367036388 86.2521456699839 83.33554110236368 80.05049383105903 76.44818281438832 72.66165608249368 68.82394421799933 65.09879837600106 61.660203485793836 58.67189587890375 56.13388192445259 54.035932174881545 52.429210794739944 51.242084258363434 50.443853347148696 49.983343015555725 49.727513207912345 49.56379145529122 49.42053427360766 49.26704209021192 49.07261236887376 48.857713368816825 48.632579415757924 48.39721208730915 48.14137390503579 47.90600310545426 47.72180217811883 47.53759922985972 47.302226265891115 46.913340446935855 46.2071951490701 45.09168291091676 43.49516431215137 41.31529664553405 38.654423195188166 35.58418114481818 32.14550856805691 28.450980334705886 24.602937687762147 20.7344257944831 16.978488160305652 13.509106233798068 10.479792939862806 7.921250668098644 5.915353305740517 4.400695830644093 3.264702584400564 2.486905344516708 1.9240257312916011 1.5146586869247574 1.2281017403962782 1.0131840162674917 0.8596713600283521 0.7368612184886597 0.6447536101487339 0.58334854270149 0.5219434691191418 0.4810067546212893 0.45030422094635253 0.4196016829602713 0.4093675187893252 0.37866497285011524 0.35819661230598787 0.3479624385293268 0.3479624545511947 0.32749408760884396 0.32749409974903515 0.32749411261101313 0.31725993221759125 0.3172599433725597 0.3274941449081432 0.3274941553219638 0.33772835673457124 0.3479625592826406 0.36843095397618625 0.38889935034996626 0.41960193967742404 0.4503045310682899 0.4912413173294681 0.5424122990098486 0.6140516699632699 0.675456849418977 0.7777988100729057 0.9108433584079293 1.0848246910902328 1.320211200382389 1.6067686928353218 2.0468391265557075 2.650656702661993 3.500094997618198 4.636090795169033 6.160986067560346 8.054312433019732 10.275133125911594 12.81321393526381 15.58668130576734 18.534130073732776 21.542984048433645 24.459730290403197 27.1513242574229 29.433550353282623 31.214300841891447 32.32982851030002 32.83130435766738 32.82107036333051
54.73027979329501 54.73042693262616 55.479114458557696 56.13232599064517 56.83918039425973 57.52092645998048 58.190917991305376 58.829630900392274 59.45645907950384 60.05899769853318 60.63783657056484 61.1991786839017 61.7431489044368 62.269905718830735 62.77457416269285 63.31655156443218 63.7819912006835 64.23636200222577 64.6706647604953 65.13650903235758 65.53933331226999 65.9238165579077 66.29829292249484 66.69907334616829 67.0448932959951 67.37769312797305 67.7301220208996 68.03978884840654 68.33431549709336 68.61727993249647 68.92189402398013 69.1840968120614 69.43562230234085 69.67923510603036 69.91267556259709 70.13629936085897 70.35045594761566 70.55751366062705 70.75754416629017 70.94877856565378 71.1315564750354 71.30789844618518 71.47628458167556 71.62005855407855 71.77574079263646 71.92564384138537 72.05374118404191 72.19061118536408 72.32225143350932 72.43475790083242 72.55471788667418 72.65827621178481 72.76848892166791 72.86365494050344 72.9536667757676 73.05118540215933 73.13375986106861 73.21263831531589 73.29791726695015 73.37015150549527 73.43909852857163 73.50490204835539 73.57589508058666 73.63544462904855 73.69283665560377 73.74756747081967 73.79923663459937 73.85545101032488 73.90261975036985 73.9475889657444 73.9900315294355 74.03091747911255 74.0698903276235 74.11146501609043 74.14666299271028 74.1798747087479 74.21186044800709 74.24203863230389 74.27427588281536 74.3012706404934 74.3272803747342 74.35481336566988 74.37808557047414 74.40005484140524 74.42380979521334 74.44347810427806 74.46478158133917 74.48258845001662 74.50152352316805 74.51765945065097 74.53465768868256 74.54913333965321 74.56454975604849 74.57905369326214 74.59283481146535 74.60443760606593 74.61683458855593 74.62850633690077 74.63960668414335 74.6501634455654 74.66010614673708 74.6694741031294 74.67847967466572 74.68688083392315 74.69496166568706 74.70257804069915 74.71062395416797 74.71749426845274 74.72397206212318 74.73014422459954 74.73667426395372 74.74224697229148 74.74750318767451 74.75312337672177 74.75787124372481 74.76244317141091 74.76723637645503 74.77136597226657 74.77526088805696 74.77901138782245 74.782979085722 74.78636488718305 74.78962312994011 74.79269493121869 75.15679437547351 75.54169508648185 75.91584621280411 76.2368522392392 76.4940950171876 77.03779116714621 77.47530484416187 77.87024859798325 78.26512712735911 78.6387105956692 78.94851708044716 79.16250114477242 79.24923220461268 79.17663151375173 78.85977640345733 78.20293012049538 77.13208825146532 75.67879020651148 73.86453247796958 71.65719412683691 69.13132467116904 66.38224861224569 63.50574437255526 60.58655025277824 57.75220539235165 55.130204671530926 52.858450310627184 51.03259482799441 49.5996309599921 48.50635488835289 47.77407827611225 47.3178651361242 47.095239747538315 47.021306464301496 47.03226028765853 47.053820856925576 47.07536630466363 47.10751380207484 47.11844509215682 47.1399478963509 47.161435810810254 47.18291454847452 47.204379766750556 47.24709983959734 47.30040270194482 47.38555574709121 47.48132008892682 47.598335736856185 47.736561471644386 47.87478031605874 48.03425115370025 48.193694934346695 48.34252842357141 48.50196026632538 48.64016075264528 48.77834017262387 48.90590750938465 49.02283552812776 49.15039114156363 49.26732134411875 49.38423405807482 49.46929340450379 49.5224864035411 49.50133276959899 49.38459165786988 49.14040101102232 48.71565098307583 48.110357813077336 47.28203120156193 46.25191716868621 45.009382373107954 43.54381228253252 41.94017070586866 40.219698489886554 38.42487716073453 36.619433922782065 34.84584325246907 33.17845315666329 31.649128219895395 30.30034583526521 29.15335022657774 28.229385434598207 27.560309275611328 27.103642445693747 26.870007709323186 26.880643070463748 27.11430981836274 27.560388989907484 28.187016341316163 28.994193562923837 29.97130172838596 31.118338136885427 32.40344275488845 33.81599497017657 35.28165064198297 36.704824424973985 38.170482361134226 39.64675999698448 41.10179669179989 42.535592391428786 43.88442213475812 45.148288286648416 46.28470704877857 47.2193337649684 48.01589220130638 48.68500279053231 49.301008873111854 49.747085620360814 50.023230765534585 50.19317018422002 50.23566142965452 50.193186214049234 50.10822891959619 49.98078782640601 49.885208348162244 49.800249952098596 49.715290528933565 49.69405543064269 49.72592265432301 49.82151359529108 49.97020767121454 50.20386734949206 50.50125029198736 50.81987440294093 51.18098102223634 51.552708678541315 51.93505634214349 52.31740388317707 52.667889338630694 52.99713369937919 53.27327419019103 53.5069318876782 53.67686547882901 53.80431656881399 53.89990516086986 53.99549366673638 54.05922004858382 54.14418791696504 54.239776078135144 54.36722616733375 54.537159080598535 54.73895371285106 54.951369124637395 55.20626696355689 55.48240626937834 55.74792464002182 55.98158109250936 56.22585798243733 56.42765228072245 56.61882567042904 56.76751645542851 56.88434513821841 56.958691044336064 57.02241610092868 57.06489986249917 57.06490087293138 57.05428113696398 57.03304067676359 57.00117949411895 56.95869758286172 56.90559495332629 56.85249228561071 56.78876897059117 56.73566622218078 56.671942756707665 56.608219261144576 56.565737155953705 56.59759970974981 56.71442767964665 56.92684178586803 57.213600580168354 57.564083435406985 57.882704282623116 58.12698030462246 58.27567023910815 58.339394671240164 58.371257051332826 58.424360812094584
29.416376700567508 29.41645578486981 29.818859616478143 30.16994710526153 30.549866511625098 30.916290713348776 31.276397099540826 31.61969188276094 31.956598873058027 32.2804507346043 32.591564479553604 32.893274083929356 33.185646660528384 33.468767392604406 33.74001608911401 34.03131756743592 34.281481603195544 34.52569637261362 34.759124989964064 35.00950650887202 35.22601610478112 35.43266777971228 35.63394096610487 35.84935203218233 36.03522299708689 36.21409592191613 36.403519055027196 36.56995847547266 36.728260367566925 36.88034781269088 37.044071493571494 37.18499998900891 37.32018966097477 37.45112642997133 37.576595775888336 37.69678887400016 37.81189354462738 37.92318271960885 38.030694918128845 38.13347939412701 38.23171868424609 38.32649879264411 38.41700280635362 38.494278298967885 38.57795423470772 38.65852397721983 38.72737361036913 38.800938363429154 38.871692233919525 38.93216209880101 38.996638073450576 39.05229849969797 39.11153551809722 39.162685255860886 39.211064728131824 39.263478943080024 39.307860981657115 39.35025649530074 39.396092141955165 39.4349165291088 39.47197410694062 39.50734211772903 39.545499382539624 39.577506015001944 39.60835302472185 39.63776968920084 39.665540780291316 39.69575482740699 39.72110703519571 39.74527704463806 39.76808903183035 39.79006437166057 39.81101145976649 39.83335698224091 39.852275155933015 39.870125756250154 39.88731741977988 39.903537560454595 39.920864406003666 39.935373521685094 39.94935320794284 39.96415161270373 39.97665993434506 39.988467956375764 40.00123574547465 40.011807048795156 40.02325722059453 40.03282803877511 40.0430052431815 40.05167796554 40.0608141617201 40.06859452029943 40.076880520549544 40.0846760823908 40.0920831441846 40.09831940276101 40.104982520659426 40.11125584042615 40.11722204409308 40.122896081790344 40.12824007499104 40.13327515493567 40.13811546062599 40.142630907401916 40.14697418487315 40.151067826588395 40.155392336208905 40.15908498594165 40.16256666408248 40.16588407187115 40.16939383097045 40.17238904474105 40.1752141501911 40.178234883846535 40.18078676271163 40.18324407788652 40.185820324997145 40.18803989607319 40.19013333156338 40.1921491464712 40.194281700817506 40.19610149804105 40.19785273513842 40.199503763854175 40.512693904336814 40.7173380842441 40.85420185170031 40.95039399210096 41.06008023693817 41.575974900099304 42.03769070556445 42.485816111188754 42.96100650346534 43.449719562299826 43.96549009810016 44.48112067633914 44.942666990175674 45.32291002901793 45.527034925480464 45.473654748711596 45.081670070824494 44.296707835664584 43.05117911238397 41.26363443049096 39.04256731328049 36.38783412568047 33.421471382613845 30.21109930315273 26.8787080547672 23.546258142335233 20.308524670614663 17.24683848533157 14.428972095223493 11.881994468252511 9.700777727587862 7.844689012800859 6.327286158322525 5.1214871464144665 4.200191310043505 3.509216127452679 2.980820781938031 2.58791031518423 2.303390921578713 2.1137117388306144 1.9782278377716473 1.8833908629163605 1.842750961934658 1.8292106700928754 1.8698678724738698 1.9240748583447855 2.0189315331206834 2.181539091763882 2.438996347045935 2.7913051377913427 3.333318032121799 4.173435030332901 5.44716296943631 7.317104332492201 9.932320064719413 13.319910243094828 17.18177980709316 21.12496268734905 24.85136037582061 28.130609037707288 30.82719277554914 32.95467260411692 34.499486672441456 35.434531094192884 35.66494897299388 35.15008473653463 33.90348039599606 32.37231386905356 30.935995003055314 29.98749590215635 29.75717128004688 30.461838205212718 31.938892337534217 34.025728002166275 36.505535584227445 39.093755701008284 41.61422132127487 43.836573714123794 45.66596047626717 46.95331508121739 47.68508881243313 47.82063217572652 47.319284318232945 46.31655566838894 44.92085465253887 43.29478421143012 41.68226192636294 40.245899459401876 39.134751951842944 38.41657631460828 38.21333244632162 38.51146649976486 39.3245320414885 40.53057191895 42.034730610266806 43.72860172061851 45.54443257640765 47.4009149699393 49.12188911569078 50.61249876221462 51.83208969372934 52.67225757910974 53.05169542144009 52.98395363977855 52.50968472225294 51.71019364752322 50.65323363151894 49.40656140161344 48.02437828451757 46.69639888493695 45.4497239904983 44.379209282803394 43.579712837708755 43.07833511103433 42.90217880735205 43.06479562505388 43.56618443285531 44.352142916983084 45.409119038135046 46.69646074532099 48.10576079892878 49.66412152229552 51.22248179457069 52.71308750970838 54.054633102973824 55.20646630466227 56.08728041058345 56.65642314308652 56.92744540620124 56.90034749542891 56.56157760399565 55.978890781510685 55.152287028720586 54.20372496985177 53.22806044639434 52.29304853566181 51.466443893144245 50.856654245574376 50.436577261915495 50.20621324088326 50.17911334211806 50.38237905872623 50.82956172513053 51.507110079142734 52.44212637325867 53.648161209463225 55.165867772149504 57.02234762060361 59.09564267929547 61.168937582965604 62.93056108119318 64.32630920866596 65.4103857002002 66.23699417390546 66.81968582164778 67.1313586335034 67.0907069196722 66.61642504446156 65.7356148732067 64.55668391285433 63.5539151143339 63.201591443479785 63.635222420919206 64.65154378663001 65.73561984287632 66.48092233396106 66.75194189852775 66.6164330830134 66.31831293165314 65.96598902674495 65.55946126102256 64.96322026431884 63.98755288312151 62.60535711555606 60.93859155142534 59.461539103016804 58.567177188227376 58.377464341911775
50.0 50.0 50.0 50.0 50.0 50.0 50.0 50.0 50.0 50.0 50.0 50.0 50.0 50.0 50.0 50.0 50.0 50.0 50.0 50.0 50.0 50.0 50.0 50.0 50.0 50.0 50.0 50.0 50.0 50.0 50.0 50.0 50.0 50.0 50.0 50.0 50.0 50.0 50.0 50.0 50.0 50.0 50.0 50.0 50.0 50.0 50.0 50.0 50.0 50.0 50.0 50.0 50.0 50.0 50.0 50.0 50.0 50.0 50.0 50.0 50.0 50.0 50.0 50.0 50.0 50.0 50.0 50.0 50.0 50.0 50.0 50.0 50.0 50.0 50.0 50.0 50.0 50.0 50.0 50.0 50.0 50.0 50.0 50.0 50.0 50.0 50.0 50.0 50.0 50.0 50.0 50.0 50.0 50.0 50.0 50.0 50.0 50.0 50.0 50.0 50.0 50.0 50.0 50.0 50.0 50.0 50.0 50.0 50.0 50.0 50.0 50.0 50.0 50.0 50.0 50.0 50.0 50.0 50.0 50.0 50.0 50.0 50.0 50.0 50.0 50.0 50.0 50.0 50.0 50.0 50.0 50.0 50.0 50.0 50.0 50.0 50.0 50.0 50.0 50.0 50.0 50.0 50.0 50.0 50.0 50.0 50.0 50.0 50.0 50.0 50.0 50.0 50.0 50.0 50.0 50.0 50.0 50.0 50.0 50.0 50.0 50.0 50.0 50.0 50.0 50.0 50.0 50.0 50.0 50.0 50.0 50.0 50.0 50.0 50.0 50.0 50.0 50.0 50.0 50.0 50.0 50.0 50.0 50.0 50.0 50.0 50.0 50.0 50.0 50.0 50.0 50.0 50.0 50.0 50.0 50.0 50.0 50.0 50.0 50.0 50.0 50.0 50.0 50.0 50.0 50.0 50.0 50.0 50.0 50.0 50.0 50.0 50.0 50.0 50.0 50.0 50.0 50.0 50.0 50.0 50.0 50.0 50.0 50.0 50.0 50.0 50.0 50.0 50.0 50.0 50.0 50.0 50.0 50.0 50.0 50.0 50.0 50.0 50.0 50.0 50.0 50.0 50.0 50.0 50.0 50.0 50.0 50.0 50.0 50.0 50.0 50.0 50.0 50.0 50.0 50.0 50.0 50.0 50.0 50.0 50.0 50.0 50.0 50.0 50.0 50.0 50.0 50.0 50.0 50.0 50.0 50.0 50.0 50.0 50.0 50.0 50.0 50.0 50.0 50.0 50.0 50.0 50.0 50.0 50.0 50.0 50.0 50.0 50.0 50.0 50.0 50.0 50.0 50.0 50.0 50.0 50.0 50.0 50.0 50.0 50.0 50.0
50.0 50.0 50.0 50.0 50.0 50.0 50.0 50.0 50.0 50.0 50.0 50.0 50.0 50.0 50.0 50.0 50.0 50.0 50.0 50.0 50.0 50.0 50.0 50.0 50.0 50.0 50.0 50.0 50.0 50.0 50.0 50.0 50.0 50.0 50.0 50.0 50.0 50.0 50.0 50.0 50.0 50.0 50.0 50.0 50.0 50.0 50.0 50.0 50.0 50.0 50.0 50.0 50.0 50.0 50.0 50.0 50.0 50.0 50.0 50.0 50.0 50.0 50.0 50.0 50.0 50.0 50.0 50.0 50.0 50.0 50.0 50.0 50.0 50.0 50.0 50.0 50.0 50.0 50.0 50.0 50.0 50.0 50.0 50.0 50.0 50.0 50.0 50.0 50.0 50.0 50.0 50.0 50.0 50.0 50.0 50.0 50.0 50.0 50.0 50.0 50.0 50.0 50.0 50.0 50.0 50.0 50.0 50.0 50.0 50.0 50.0 50.0 50.0 50.0 50.0 50.0 50.0 50.0 50.0 50.0 50.0 50.0 50.0 50.0 50.0 50.0 50.0 50.0 50.0 50.0 50.0 50.0 50.0 50.0 50.0 50.0 50.0 50.0 50.0 50.0 50.0 50.0 50.0 50.0 50.0 50.0 50.0 50.0 50.0 50.0 50.0 50.0 50.0 50.0 50.0 50.0 50.0 50.0 50.0 50.0 50.0 50.0 50.0 50.0 50.0 50.0 50.0 50.0 50.0 50.0 50.0 50.0 50.0 50.0 50.0 50.0 50.0 50.0 50.0 50.0 50.0 50.0 50.0 50.0 50.0 50.0 50.0 50.0 50.0 50.0 50.0 50.0 50.0 50.0 50.0 50.0 50.0 50.0 50.0 50.0 50.0 50.0 50.0 50.0 50.0 50.0 50.0 50.0 50.0 50.0 50.0 50.0 50.0 50.0 50.0 50.0 50.0 50.0 50.0 50.0 50.0 50.0 50.0 50.0 50.0 50.0 50.0 50.0 50.0 50.0 50.0 50.0 50.0 50.0 50.0 50.0 50.0 50.0 50.0 50.0 50.0 50.0 50.0 50.0 50.0 50.0 50.0 50.0 50.0 50.0 50.0 50.0 50.0 50.0 50.0 50.0 50.0 50.0 50.0 50.0 50.0 50.0 50.0 50.0 50.0 50.0 50.0 50.0 50.0 50.0 50.0 50.0 50.0 50.0 50.0 50.0 50.0 50.0 50.0 50.0 50.0 50.0 50.0 50.0 50.0 50.0 50.0 50.0 50.0 50.0 50.0 50.0 50.0 50.0 50.0 50.0 50.0 50.0 50.0 50.0 50.0 50.0
50.0 50.0 50.0 50.0 50.0 50.0 50.0 50.0 50.0 50.0 50.0 50.0 50.0 50.0 50.0 50.0 50.0 50.0 50.0 50.0 50.0 50.0 50.0 50.0 50.0 50.0 50.0 50.0 50.0 50.0 50.0 50.0 50.0 50.0 50.0 50.0 50.0 50.0 50.0 50.0 50.0 50.0 50.0 50.0 50.0 50.0 50.0 50.0 50.0 50.0 50.0 50.0 50.0 50.0 50.0 50.0 50.0 50.0 50.0 50.0 50.0 50.0 50.0 50.0 50.0 50.0 50.0 50.0 50.0 50.0 50.0 50.0 50.0 50.0 50.0 50.0 50.0 50.0 50.0 50.0 50.0 50.0 50.0 50.0 50.0 50.0 50.0 50.0 50.0 50.0 50.0 50.0 50.0 50.0 50.0 50.0 50.0 50.0 50.0 50.0 50.0 50.0 50.0 50.0 50.0 50.0 50.0 50.0 50.0 50.0 50.0 50.0 50.0 50.0 50.0 50.0 50.0 50.0 50.0 50.0 50.0 50.0 50.0 50.0 50.0 50.0 50.0 50.0 50.0 50.0 50.0 50.0 50.0 50.0 50.0 50.0 50.0 50.0 50.0 50.0 50.0 50.0 50.0 50.0 50.0 50.0 50.0 50.0 50.0 50.0 50.0 50.0 50.0 50.0 50.0 50.0 50.0 50.0 50.0 50.0 50.0 50.0 50.0 50.0 50.0 50.0 50.0 50.0 50.0 50.0 50.0 50.0 50.0 50.0 50.0 50.0 50.0 50.0 50.0 50.0 50.0 50.0 50.0 50.0 50.0 50.0 50.0 50.0 50.0 50.0 50.0 50.0 50.0 50.0 50.0 50.0 50.0 50.0 50.0 50.0 50.0 50.0 50.0 50.0 50.0 50.0 50.0 50.0 50.0 50.0 50.0 50.0 50.0 50.0 50.0 50.0 50.0 50.0 50.0 50.0 50.0 50.0 50.0 50.0 50.0 50.0 50.0 50.0 50.0 50.0 50.0 50.0 50.0 50.0 50.0 50.0 50.0 50.0 50.0 50.0 50.0 50.0 50.0 50.0 50.0 50.0 50.0 50.0 50.0 50.0 50.0 50.0 50.0 50.0 50.0 50.0 50.0 50.0 50.0 50.0 50.0 50.0 50.0 50.0 50.0 50.0 50.0 50.0 50.0 50.0 50.0 50.0 50.0 50.0 50.0 50.0 50.0 50.0 50.0 50.0 50.0 50.0 50.0 50.0 50.0 50.0 50.0 50.0 50.0 50.0 50.0 50.0 50.0 50.0 50.0 50.0 50.0 50.0 50.0 50.0 50.0 50.0