4 302 9
300.00980000000004 300.01 301.04 301.96 302.98 303.99 305.01 306.01 307.02 308.02 309.01 310.0 310.99 311.98 312.96 314.05 315.02 316.0 316.97 318.05 319.02 319.98 320.95 322.03 323.0 323.97 325.04 326.02 326.99 327.96 329.05 330.03 331.01 332.0 332.99 333.98 334.97 335.97 336.98 337.99 339.0 340.02 341.04 341.95 342.98 344.02 344.95 345.99 347.04 347.98 349.03 349.98 351.04 352.0 352.95 354.03 354.99 355.95 357.04 358.01 358.98 359.95 361.05 362.02 363.0 363.98 364.95 366.06 367.04 368.02 368.99 369.97 370.95 372.05 373.03 374.0 374.98 375.95 377.04 378.0 378.97 380.05 381.01 381.96 383.04 383.98 385.05 385.99 387.04 387.98 389.02 389.95 390.99 392.02 393.05 393.96 394.98 395.99 397.0 398.01 399.01 400.0 401.0 401.98 402.97 403.95 405.04 406.02 406.99 407.96 409.04 410.01 410.97 412.05 413.01 413.98 415.05 416.02 416.98 417.95 419.03 420.0 420.98 421.95 423.04 424.03 425.01 426.0 427.0 427.99 429.0 430.0 431.01 432.03 433.05 433.96 434.99 436.02 437.06 437.99 439.03 439.97 441.02 441.97 443.03 443.98 445.05 446.0 446.96 448.04 449.01 449.97 451.06 452.03 453.0 453.98 454.95 456.05 457.02 458.0 458.98 459.95 461.05 462.03 463.0 463.98 464.95 466.04 467.01 467.98 468.95 470.03 470.99 471.95 473.03 473.98 475.04 475.99 477.05 477.99 479.04 479.97 481.01 482.05 482.96 483.99 485.01 486.03 487.05 488.06 488.95 489.95 490.95 492.05 493.04 494.02 495.0 495.98 496.95 498.03 499.0 499.97 501.04 502.01 502.97 504.04 505.0 505.96 507.03 507.99 508.96 510.03 511.0 511.97 513.05 514.02 515.0 515.98 516.96 517.95 519.05 520.05 521.05 522.05 522.95 523.96 524.98 526.0 527.03 528.06 528.98 530.02 530.95 532.0 533.05 533.99 535.05 536.0 536.95 538.02 538.98 540.06 541.02 541.98 542.95 544.03 545.0 545.97 546.94 548.04 549.01 549.98 550.96 552.05 553.02 553.99 554.97 556.06 557.02 557.99 558.96 560.04 561.0 561.96 563.03 563.99 565.05 566.0 567.06 568.0 569.05 569.98 571.03 571.95 572.99 574.02 575.04 575.95 576.96 577.98 578.98 579.98 580.98 581.97 582.96 583.95 585.04 586.02 586.99 587.96 589.04 590.0 590.97 592.03 592.99 593.95 595.02 595.97 597.04 597.99 598.95 600.02
0.0 13.54 26.89 39.77 51.58 60.9 70.0 80.0 90.0
71.04621016395508 71.04640116776291 72.01828385346005 72.86622769671244 73.78380616888882 74.6687911250516 75.53851734100292 76.36764030081241 77.18133551154482 77.96350007421718 78.7148996341819 79.44358638507431 80.14972241721287 80.83351346454663 81.48863126151679 82.19218038521053 82.79637466926383 83.38620033031759 83.9499753586079 84.55469490631351 85.07760724218844 85.57671080199597 86.0628242770298 86.58308345197726 87.03199759835246 87.46401013135127 87.92150344746943 88.32348667487035 88.70581620544317 89.0731366507707 89.46856084454765 89.8089302791267 90.1354393507316 90.45167684330286 90.75470945707075 91.04499891710968 91.32299884563508 91.59178361798111 91.85144626538978 92.09969055317852 92.33695734246406 92.56586954226188 92.7844541505615 92.9710893349243 93.17318282103754 93.3677742527981 93.53405936521106 93.71173239951312 93.88261661152673 94.02866297110008 94.18438485663707 94.31881549645519 94.46188429454403 94.58542075370688 94.70226648863779 94.82885690351769 94.93604806687371 95.03844139025932 95.14914329683194 95.24291166257191 95.33241284382228 95.4178333955487 95.50999053245954 95.58729270871683 95.66179417291137 95.73284107811558 95.79991360693788 95.87288634464566 95.93411680484175 95.99249202854743 96.04758736720244 96.10066204148657 96.1512532899957 96.20522202659778 96.25091305638466 96.2940256910437 96.33554686656555 96.37472162744773 96.41656929355862 96.45161159983884 96.48537523218569 96.52111622725911 96.55132623093068 96.57984487628777 96.61068154379724 96.63621327549419 96.66386764368347 96.68698301124962 96.7115629182347 96.7325092115749 96.75457488337798 96.77336594647879 96.79337823151243 96.81220601341629 96.8300954929486 96.84515725741967 96.86124996929159 96.87640124366878 96.89081077356828 96.90451466643113 96.9174214383261 96.92958212526521 96.94127239490082 96.95217806774735 96.96266791859347 96.9725548510528 96.982999373928 96.99191783358893 97.00032675625928 97.0083389344195 97.01681567800802 97.02404969561658 97.030872868898 97.03816852193908 97.04433180044235 97.0502666894374 97.05648882194265 97.0618495131912 97.06690556272832 97.07177414362293 97.076924672725 97.08131983319345 97.08554940776455 97.08953695981151 97.09379336556326 97.09746360545462 97.10092242038135 97.10424885260556 97.10744603498586 97.11045781552842 97.11338077725686 97.11613312262224 97.11877690707782 97.12131488878698 97.12372680159413 97.12577729541789 97.12798845762354 97.13008872078395 97.13210251190323 97.13381679243585 97.13564181781528 97.13721171809753 97.13888031619501 97.14031638801238 97.14184029463689 97.14313913392537 97.1445300685196 97.14570419576765 97.1468353879712 97.14804476424625 97.1490766976002 97.15004990304622 97.15109974349787 97.15198710350307 97.15283246860176 97.15364592653069 97.15441278475821 97.15523859561013 97.15593007542088 97.15659545418691 97.1572290237626 97.15782629656132 97.15846948268461 97.15901345996174 97.159526272226 97.1600197257656 97.16048490837875 97.16098141786799 97.16140107976182 97.16180087711689 97.1621817500616 97.16258464170261 97.16292495503508 97.16324932138942 97.16359610085856 97.16388603789142 97.16419370093033 97.16445591881707 97.16473416786877 97.16496887830088 97.16521833763255 97.16542861238658 97.16565246401828 97.1658649737885 97.16604206841042 97.16623303179298 97.16641269377351 97.16658342333716 97.1667456645559 97.16689836575468 97.16702667945619 97.16716420178099 97.16729501742412 97.16743155827353 97.16754818657606 97.16765808866664 97.16776273559451 97.16786237863396 97.16795631218751 97.1680556755423 97.16814045824464 97.16822122724582 97.16830589493465 97.16837883197208 97.16844761680227 97.16852049128812 97.16858263726458 97.16864187076845 97.16870462603377 97.16875814252091 97.1688096695062 97.1688636836453 97.16891021413439 97.16895454178776 97.16900143173875 97.16904144098346 97.16907993950677 97.16911659710252 97.16915150179916 97.16918506823124 97.16922046645686 97.16925100013633 97.16928004468848 97.16930767273725 97.16933138403749 97.16935675321552 97.1693811058466 97.1694042476438 97.16942644890642 97.16944753575608 97.16946547404109 97.16948478290884 97.16950121934931 97.16951888084361 97.16953563903473 97.16954991316905 97.16956522489177 97.16957827483502 97.16959071940084 97.16960404599376 97.16961541064596 97.16962756049367 97.16963782311531 97.16964760476878 97.16965702277611 97.16966698517074 97.16967548566168 97.16968358371813 97.16969129839232 97.16969960600127 97.16970656214025 97.16971318895801 97.16971956554742 97.16972630034421 97.16973199270527 97.16973741557544 97.16974263367814 97.16974814490963 97.16975275621397 97.1697571960864 97.16976142576382 97.16976589992801 97.16976967912332 97.16977328120234 97.16977709744052 97.16978035185161 97.16978376837454 97.16978668022327 97.16978977007612 97.22057621273511 97.25104928695706 97.27136515948564 97.30183797529713 97.36278068046593 97.41356678005856 97.44403920995904 97.47451151541888 97.44404290767068 97.38310408928396 97.24091104084182 97.01746371342311 96.74323245165948 96.42837402756926 96.11351551075342 95.79865691999701 95.5548956516725 95.38223182562339 95.29082197447079 95.2806662250646 95.26035365626437 95.20957083042723 95.10800398866363 94.89471263043774 94.62048067336188 94.32593504906639 94.09233001376852 93.92982241694348 93.57433604263429 92.43677829491816 90.08040782992639 86.00754289685848 80.54320021091296
70.84189413879645 70.84208459331195 71.81117232053342 72.65667763096033 73.57161731373789 74.4540572135472 75.32128225451663 76.14802080695063 76.95937597771801 77.73929117685506 78.4885298478569 79.21512102770922 79.91922634058808 80.60105092878901 81.25428472569808 81.95581056961204 82.55826730039885 83.14639672974194 83.7085504432204 84.31153092709646 84.83293946185763 85.33060769027668 85.8153231910517 86.33408619489542 86.78170934553962 87.21247948878454 87.66865713703427 88.06948433352217 88.4507143536523 88.81697845194634 89.21126547740229 89.5506560711706 89.8762261618568 90.19155421270924 90.49371535959668 90.78316999975594 91.06037045086714 91.32838224691812 91.58729815160993 91.8348285338148 92.07141298681277 92.29966687660834 92.51762287518726 92.70372133058258 92.90523363245394 93.09926545452137 93.26507236108588 93.4422344399399 93.61262721992806 93.75825357663837 93.91352763425307 94.04757167591312 94.19022903406616 94.31341022476022 94.4299199325327 94.55614629632063 94.66302919731643 94.7651280560601 94.87551160401125 94.96901030892444 95.05825410099727 95.14342899869717 95.23532110838335 95.31240097759073 95.38668818907568 95.45753077625594 95.52441041664048 95.59717329797903 95.65822767046801 95.7164350176093 95.77137191205493 95.82429395319423 95.87473971044099 95.92855324273702 95.97411287340255 96.01710152393734 96.05850329208303 96.09756539345231 96.13929271325927 96.17423424421713 96.20790077847613 96.24353898892484 96.27366211410063 96.30209874500193 96.33284673184399 96.35830503890753 96.38587987814553 96.40892877010363 96.43343798973068 96.4543240453272 96.47632626025701 96.49506328366573 96.51501801699432 96.53379165360946 96.55162968624064 96.56664813580664 96.58269456795561 96.59780227001346 96.6121703607163 96.62583484366677 96.6387044980248 96.65083021303207 96.66248686357076 96.67336117367856 96.68382085761465 96.69367935704797 96.70409384336818 96.71298665515536 96.72137139528802 96.72936053187584 96.73781289788599 96.7450261117709 96.75182966284247 96.75910433490755 96.76524988893878 96.77116771026861 96.77737194904839 96.7827172239204 96.78775873317532 96.79261331291359 96.79774903002735 96.80213155081081 96.80634896189193 96.81032504646186 96.81456921156203 96.81822889650859 96.82167776451041 96.82499463051838 96.82818261838155 96.83118573758908 96.8341002934093 96.8368447235282 96.8394809049388 96.84201158787252 96.84441656445553 96.84646116143065 96.84866596473452 96.85076018791868 96.85276818773966 96.85447753831212 96.85629731524932 96.85786270078286 96.85952650029459 96.86095844222966 96.86247796637488 96.86377307043695 96.86516000495537 96.86633075562624 96.867458694726 96.86866459305405 96.86969355875468 96.87066396543821 96.87171078673897 96.87259559485761 96.87343852883949 96.87424964741082 96.87501430029306 96.87583773626262 96.87652722750275 96.87719069276004 96.87782244030444 96.87841799545484 96.8790593318914 96.87960174478846 96.88011308229758 96.88060511675421 96.88106896158648 96.88156404320439 96.88198249822668 96.882381145837 96.88276092346015 96.88316265645781 96.88350199111082 96.8838254246463 96.88417120684053 96.88446031006704 96.8847670883228 96.88502855211841 96.88530600097627 96.88554003642372 96.88578877835556 96.8859984483975 96.88622165627247 96.88643355490312 96.88661014023299 96.88680055443947 96.8869796997447 96.88714993832107 96.88731171296347 96.88746397502126 96.88759191971582 96.88772904655134 96.8878594859924 96.88799563417507 96.88811192707573 96.88822151310781 96.88832585909007 96.8884252155742 96.88851887899187 96.88861795659568 96.88870249547831 96.8887830322025 96.8888674564024 96.88894018368613 96.88900877070361 96.88908143561564 96.88914340287153 96.8892024660306 96.88926504082313 96.88931840340656 96.88936978220957 96.88942364101379 96.88947003768962 96.8895142378647 96.8895609929687 96.88960088715407 96.88963927496259 96.88967582713774 96.8897106314548 96.8897441013559 96.88977939778265 96.88980984365278 96.88983880467808 96.88986635327358 96.88988999638441 96.88991529260528 96.8899395752026 96.8899626504482 96.88998478786401 96.89000581407171 96.89002370076946 96.89004295410841 96.89005934328065 96.8900769539837 96.8900936639813 96.8901078970658 96.89012316475477 96.89013617716876 96.89014858594626 96.89016187421431 96.89017320618385 96.89018532109078 96.89019555419898 96.89020530772218 96.89021469864502 96.89022463238962 96.8902331084347 96.8902411832026 96.8902488756908 96.89025715940856 96.89026409554295 96.89027070330317 96.89027706155468 96.89028377698341 96.89028945297427 96.89029486024924 96.89030006334563 96.89030555872782 96.89031015677087 96.98173012337129 97.04267804051447 97.07315435805532 97.11378726737765 97.1747345704673 97.22552480813314 97.24584263358484 97.25600333772606 97.21537711116541 97.12396463232672 96.97160794980104 96.73799313321163 96.45359143925862 96.16918990387752 95.8949452298297 95.62070070131156 95.38708517768026 95.21441324622997 95.07221287861469 95.00111361708667 94.90969970663353 94.77765652601515 94.62529868806432 94.42215433025991 94.18853801864014 93.8025623042343 93.2032834510399 92.21802765052604 90.66396345051547 88.34810245851735 84.98604056313471 80.64887885257811 75.31630253747764 69.06957002744942 62.05088340405386 54.56496124821635 46.87589315825337 39.16651039050599 31.700902424102644 24.702529717489995 18.415167207609084 13.143533648985606 8.907943648669388
70.61283323924613 70.61302307794405 71.57897734707213 72.42174879204647 73.33373009956713 74.21331670924768 75.07773765596734 75.90180302357454 76.71053475029755 77.4879281637136 78.23474423879189 78.9589860513484 79.66081470296197 80.34043467261893 80.99155629673879 81.69081381986857 82.29132256094715 82.8775503266239 83.43788636657938 84.03891716723865 84.55863977435126 85.05469883726921 85.5378470540242 86.05493268430587 86.50110848571143 86.93048577240287 87.38518841121459 87.78471956897697 88.16471691609055 88.5297967323316 88.92280886611745 89.26110207089505 89.58561945994553 89.89992792587776 90.20111206184595 90.48963077643376 90.76593492479276 91.03308012878209 91.29115885215968 91.5378888671143 91.77370834554064 92.00122419689217 92.21847545433303 92.4039721770938 92.60483290704295 92.79823734464749 92.96350812947738 93.14009737066743 93.30993920091132 93.45509468788173 93.60986668078253 93.74347730307773 93.88567339148095 94.00845628686274 94.12458927096354 94.2504074931456 94.35694479788447 94.45871352914199 94.56874016180879 94.6619365470605 94.75089177735023 94.83579126967139 94.9273862544774 95.00421689285332 95.07826390331466 95.14887742735446 95.21554081843097 95.28806842753045 95.34892538619174 95.40694452510598 95.46170378603951 95.51445470851382 95.56473735393708 95.61837688501159 95.66378920270488 95.7066388533007 95.74790675254904 95.78684255012328 95.82843494839084 95.86326349904786 95.89682117559326 95.93234415309058 95.96236987784768 95.99071456145799 96.0213631274473 96.04673911736239 96.07422479583532 96.09719916127221 96.12162913253975 96.14244765495212 96.16437872769686 96.1830551666239 96.2029453781152 96.22165831186317 96.23943866681859 96.25440855557733 96.27040310302971 96.28546195569037 96.29978358846292 96.3134038885355 96.3262319300225 96.3383184376198 96.34993739742633 96.36077654642945 96.37120240991733 96.38102903277853 96.39140984479296 96.40027390247225 96.40863153130105 96.41659483573353 96.42501987177764 96.43220976238355 96.43899131478405 96.44624246485064 96.45236814778508 96.45826683437137 96.46445101230249 96.46977900370847 96.47480421169621 96.47964309458706 96.48476220582099 96.48913055611726 96.49333433057859 96.49729755883631 96.50152800080997 96.50517585249408 96.5086135688911 96.51191971011085 96.5150973899017 96.51809079879311 96.52099593065896 96.52373148690965 96.52635914446452 96.52888164466235 96.53127884496966 96.53331683092418 96.53551450519467 96.53760195689634 96.53960346403031 96.54130728757129 96.54312118042326 96.54468150442332 96.54633992418883 96.54776723606831 96.54928184696874 96.55057276342819 96.55195521341847 96.55312217857222 96.55424647058224 96.55544846974641 96.5564741083789 96.55744137733961 96.55848481383775 96.55936676100885 96.56020696943942 96.56101546533174 96.56177764577758 96.56259841924093 96.56328568107308 96.56394700107506 96.56457670592054 96.56517033539689 96.56580959812969 96.56635025718339 96.56685994132862 96.56735038483605 96.56781272986773 96.56830621068372 96.56872331266928 96.56912067128837 96.5694992209347 96.56989965496481 96.57023789240971 96.57056028015191 96.57090494429048 96.57119311272768 96.57149889904352 96.57175951741944 96.57203606917135 96.57226934788619 96.57251728553335 96.57272627762605 96.57294876377841 96.57315997725388 96.57333599161095 96.5735257901302 96.57370435618517 96.57387404431041 96.57403529586904 96.57418706560117 96.57431459659804 96.57445128004626 96.5745812977231 96.57471700568286 96.57483292256087 96.57494215425638 96.57504616284527 96.57514519806914 96.57523855863457 96.57533731587984 96.5754215814136 96.5755018577295 96.57558600895135 96.57565850107794 96.57572686632545 96.57579929628203 96.57586106317237 96.57591993535601 96.57598230781858 96.57603549785888 96.57608671053316 96.57614039518977 96.57618664184612 96.57623069910392 96.57627730302947 96.57631706822059 96.57635533190557 96.57639176589255 96.57642645767298 96.57645981935217 96.57649500165108 96.57652534907723 96.57655421645966 96.57658167597924 96.5766052426422 96.57663045707002 96.57665466115175 96.57667766178561 96.57669972762207 96.60722180828341 96.63774077084766 96.69876224231811 96.73944678485623 96.73946436818397 96.75981515226994 96.76999641774191 96.77001166650403 96.70902233582994 96.66836649823237 96.61754447013688 96.52605224481606 96.44472783699665 96.30239917292872 96.14990294107645 96.027907507458 95.80424194974871 95.58057490817856 95.29590503947784 94.94006528423029 94.42155297462918 93.66919670826591 92.55082554934498 90.94443467716111 88.85002456438959 86.2065914194392 83.05480417581768 79.53700183118194 75.80569082045147 71.93203970046116 68.03805394631361 64.22540428681407 60.65676422638427 57.48463933529348 54.75986539391645 52.40110607586646 50.26602194720497 48.090269451849245 45.701007962751966 42.8135596553218 39.58043035117492 36.01178738775288 32.15846590756768 28.10180273905862 23.9129672451942 19.673296212631172 15.545462824235228 11.732808676989853 8.469176601686112 5.835903312171439 3.9448266989832477 2.6129393772457905 1.7385705856958182 1.2098824724414425 0.8642017781863693 0.6303589525279265 0.4880198404330914 0.38634904548809734 0.30501240780053424 0.25417700922470776 0.2135086899287971 0.1830074504870158 0.16267329080587317 0.14233913070543383 0.13217205114671107 0.1220049712477714 0.111837891147904 0.10167081094103696 0.10167081162187495 0.10167081235096816 0.10167081296640014 0.10167081355931318 0.09150373276872964
69.47016977573794 69.47035654244833 70.42067964936241 71.24981328808987 72.14703682890296 73.0123898859024 73.86282269211563 74.67355295696726 75.46919771134382 76.2340112719267 76.96874229951707 77.68126436341049 78.37173595822497 79.04035825404881 79.68094336722511 80.36888543979711 80.9596766923333 81.53641806554563 82.08768669536087 82.67899155946085 83.19030396679725 83.67833575562159 84.15366562280157 84.66238372511242 85.10133946802182 85.52376853135137 85.9711131295875 86.36417903683427 86.73802723138085 87.09719929193294 87.48385166665813 87.81667057919564 88.13593659754294 88.44515889451952 88.74146924066548 89.02531911846296 89.29715208728331 89.55997432262731 89.81387679199577 90.05661419880104 90.2886176243993 90.51245179299173 90.72618747029098 90.90868246775656 91.10629285061103 91.2965675995401 91.45916395709173 91.63289561468544 91.79998904856717 91.94279561588829 92.09506307394251 92.22651159666701 92.36640665468498 92.4872026657844 92.60145637508836 92.72523859504624 92.83005190316804 92.93017380331001 93.03841997472928 93.13010824736926 93.21762399581303 93.30114963661887 93.39126242282475 93.46684978063364 93.53969855545486 93.60916940485257 93.67475404270756 93.74610800326171 93.80598016893322 93.8630604367219 93.91693357817987 93.96883088029918 94.01829984725724 94.07107137842937 94.11574882975572 94.15790508330296 94.19850518155079 94.23681091641164 94.27773026260523 94.31199521440215 94.34500985749102 94.37995799884824 94.40949784452258 94.437383851815 94.46753645984654 94.49250181312243 94.51954271577884 94.54214530788816 94.56617995107862 94.58666158621662 94.60823776829359 94.62661198334133 94.64618032957232 94.66459044887837 94.68208308046903 94.6968107250895 94.71254644728094 94.7273616161812 94.7414514949544 94.75485139005893 94.76747184698031 94.77936276958265 94.79079371029624 94.8014574591777 94.81171461036872 94.82138221790088 94.8315950466456 94.84031566531553 94.84853805021392 94.85637249171022 94.86466119303407 94.87173473615857 94.87840654884465 94.88554036012353 94.89156691668451 94.89737015017346 94.90345425515963 94.90869602851099 94.91363991811366 94.91840049774956 94.92343677104732 94.92773443229105 94.93187018088136 94.93576927580919 94.93993126037567 94.94352008218308 94.94690216913224 94.95015481006594 94.95328106834559 94.9562260376147 94.95908415836533 94.96177544758925 94.9643605841441 94.9668422650081 94.96920067359612 94.97120568067155 94.9733677919717 94.97542146433494 94.9773905828935 94.97906683500278 94.98085137527119 94.98238644996253 94.98401803302448 94.9854222480098 94.98691234933517 94.98818237606388 94.98954245511926 94.9906905363339 94.9917966349456 94.99297918324702 94.99398822489934 94.99493984142337 94.99596639293465 94.99683406835422 94.99766068045349 94.99845609318976 94.99920593996042 95.00001343159092 95.00068957208791 95.00134019054785 95.00195970545069 95.00254372875939 95.00317264688294 95.00370455694133 95.00420599333012 95.0046885004349 95.00514336375608 95.00562885901941 95.00603921142168 95.00643013994649 95.00680256386708 95.0071965180363 95.00752928209127 95.00784645292492 95.00818553967619 95.00846904494483 95.00876988299794 95.00902628402295 95.00929836058859 95.00952786436548 95.00977178986247 95.00997740002559 95.01019628588627 95.01040408148553 95.03104484283274 95.04146542798848 95.01093965122612 95.0008727387898 94.99079749213277 94.99094677374708 94.9706044113219 94.97073882500885 94.9913345428151 94.99146802597424 94.97111412997926 94.90981774074129 94.80758016742737 94.6234655817598 94.25513308264732 93.56955081651861 92.41318835265444 90.81675693371913 88.77002885345776 86.25252072405924 83.3358772481963 80.05080691549864 76.44846715775527 72.66190732244547 68.82417497653 65.09900641525294 61.66038698954259 58.6720655790634 56.13403694519311 54.03607115410108 52.42934206596261 51.24220648332027 50.44396561334744 49.98344917822304 49.72761400483472 49.56388512426675 49.42062532662632 49.26712882203281 49.072694913619564 48.85779189327455 48.632652645918924 48.39727996784922 48.14143836439491 47.90606433948996 47.721860511485445 47.53765605410426 47.3022791913942 46.913390502182295 46.207241262253106 45.09172580415751 43.495203749100725 41.315332548043166 38.654455195341896 35.584209363099916 32.145532333605864 28.45100036408066 24.602954271458838 20.734439095900154 16.97849856520593 13.50911414234716 10.479798653436664 7.921254872445209 5.915356223260201 4.400697903086663 3.264704052417473 2.4869064343677327 1.9240265149426117 1.5146592746351208 1.2281021951610316 1.0131843812312753 0.8596716465571979 0.7368614524576677 0.6447538055243194 0.5833487142747883 0.5219436112258345 0.4810068793823266 0.45030433221442284 0.4196017834293817 0.40936760951105494 0.3786650528348219 0.35819668566829554 0.34796250630316466 0.3479625185376462 0.3274941449081432 0.3274941553219638 0.32749416410625093 0.31725998052240756 0.3172599881461604 0.3274941897683927 0.3274941968214042 0.33772839830121737 0.34796259977503996 0.36843099555385933 0.3888993909767376 0.419601982214819 0.45030457425273496 0.4912413618379843 0.5424123455451164 0.6140517211080878 0.675456902720581 0.7777988680911688 0.910843422922461 1.0848247653436522 1.3202112860415127 1.6067687917059377 2.0468392460024734 2.6506568522022937 3.5000951803995393 4.636091025287331 6.160986363548941 8.054312801005832 10.27513356132419 12.813214462982838 15.586681915177133 18.53413076218538 21.54298480980739 24.459731114346955 27.151325124389103
54.73027979329501 54.73042693262616 55.479114458557696 56.13232599064517 56.83918039425973 57.52092645998048 58.190917991305376 58.829630900392274 59.45645907950384 60.05899769853318 60.63783657056484 61.1991786839017 61.7431489044368 62.269905718830735 62.77457416269285 63.31655156443218 63.7819912006835 64.23636200222577 64.6706647604953 65.13650903235758 65.53933331226999 65.9238165579077 66.29829292249484 66.69907334616829 67.0448932959951 67.37769312797305 67.7301220208996 68.03978884840654 68.33431549709336 68.61727993249647 68.92189402398013 69.1840968120614 69.43562230234085 69.67923510603036 69.91267556259709 70.13629936085897 70.35045594761566 70.55751366062705 70.75754416629017 70.94877856565378 71.1315564750354 71.30789844618518 71.47628458167556 71.62005855407855 71.77574079263646 71.92564384138537 72.05374118404191 72.19061118536408 72.32225143350932 72.43475790083242 72.55471788667418 72.65827621178481 72.76848892166791 72.86365494050344 72.9536667757676 73.05118540215933 73.13375986106861 73.21263831531589 73.29791726695015 73.37015150549527 73.43909852857163 73.50490204835539 73.57589508058666 73.63544462904855 73.69283665560377 73.74756747081967 73.79923663459937 73.85545101032488 73.90261975036985 73.9475889657444 73.9900315294355 74.03091747911255 74.0698903276235 74.11146501609043 74.14666299271028 74.1798747087479 74.21186044800709 74.24203863230389 74.27427588281536 74.3012706404934 74.3272803747342 74.35481336566988 74.37808557047414 74.40005484140524 74.42380979521334 74.44347810427806 74.46478158133917 74.48258845001662 74.50152352316805 74.51765945065097 74.53465768868256 74.54913333965321 74.56454975604849 74.57905369326214 74.59283481146535 74.60443760606593 74.61683458855593 74.62850633690077 74.63960668414335 74.6501634455654 74.66010614673708 74.6694741031294 74.67847967466572 74.68688083392315 74.69496166568706 74.70257804069915 74.71062395416797 74.71749426845274 74.72397206212318 74.73014422459954 74.73667426395372 74.74224697229148 74.74750318767451 74.75312337672177 74.75787124372481 74.76244317141091 74.76723637645503 74.77136597226657 74.77526088805696 74.77901138782245 74.782979085722 74.78636488718305 74.78962312994011 74.79269493121869 74.79597384331224 74.79880120392302 74.80146569381286 74.80402820300124 74.80649114487836 75.16969372357804 75.55407862457106 75.9277383071666 76.24825826065651 76.50501987891305 77.04831746267116 77.48519456291993 77.87975451480757 78.27424298081141 78.64744528766987 78.95671888489332 79.17054123760175 79.2567577008429 79.18379807685741 78.86644509914723 78.20938988294135 77.13804161355804 75.68449187219092 73.8697213649804 71.66200297719823 69.13574010330082 66.38630601487368 63.50935282277041 60.589915276753345 57.755268003010364 55.13292162915644 52.860936411047184 51.03488663510014 49.6017440141717 48.50832354798469 47.77592869223836 47.31961025345842 47.09689443467131 47.02287015282182 47.03375292474389 47.05524027869855 47.07671847701723 47.108802844838124 47.11966329249121 47.14110633002539 47.162539908747654 47.18396447217666 47.20539989967107 47.248044936005755 47.30130246843958 47.38643127300696 47.482152942147216 47.5991239882353 47.7373136407122 47.87551193731985 48.03492980639621 48.19435576060533 48.34314283449688 48.50255755045833 48.640726828209495 48.77887893091132 48.90641823266207 49.023332026323324 49.15086205915128 49.26776789265772 49.384669267614825 49.46969746657232 49.52286942215886 49.50169528986526 49.384940260480114 49.14072964614689 48.71596754633577 48.110654165 47.28230728201082 46.252166952736005 45.009617449173554 43.54402844715734 41.94036860296521 40.21988207004827 38.4250442453521 36.619581632510034 34.84597953759094 33.17857656146813 31.649237652103203 30.300447428734806 29.153443393292367 28.229469446615024 27.560388989907484 27.10371729579459 26.870076818387286 26.88071037368705 27.114374492651365 27.560450327412497 28.18707620943738 28.994252333718702 29.97135837016105 31.11839546970598 32.40349979930342 33.8160518518581 35.28170734689799 36.704879694512115 38.17053589795682 39.64681308239798 41.10184922861622 42.53564438536431 43.88447459216394 45.148338802153916 46.28475643329044 47.219380888230745 48.01593787618678 48.68504693309436 49.30105171511142 49.74712680360081 50.02327043399326 50.19320729261545 50.23569679535644 50.19322004694296 50.108261064708735 49.980818456053846 49.88523755213861 49.800277103150904 49.71531691622008 49.69407994031733 49.72594607201034 49.82153599819686 49.97022956994991 50.20388779740538 50.501269887232425 50.819893221485756 51.18099945837842 51.552725861081996 51.93507283262135 52.317419736587205 52.667904829204225 52.99714812861883 53.27328800793659 53.506945108991225 53.676878331177186 53.804328492624364 53.89991654604781 53.99550472556241 54.05923057788356 54.14419787348307 54.239785568081004 54.367235392983865 54.53716765603201 54.73896204720039 54.9513768796998 55.206274525728446 55.482413300004 55.747931501317915 55.98158760708536 56.225864327562014 56.427658175495274 56.618831410196 56.76752189946367 56.884350292177785 56.95869593100244 57.022420850367915 57.06490436560059 57.0649051295674 57.054285178087184 57.03304458052639 57.00118319252046 56.95870108774798 56.905598274148716 56.85249549301919 56.788771936204206 56.73566903832816 56.67194547936415 56.60822184746563 56.565739552947896 56.59760204075204 56.71442989707362 56.92684390042276 57.21360260221568 57.564085374494894 57.88270613086993
29.416376700567508 29.41645578486981 29.818859616478143 30.16994710526153 30.549866511625098 30.916290713348776 31.276397099540826 31.61969188276094 31.956598873058027 32.2804507346043 32.591564479553604 32.893274083929356 33.185646660528384 33.468767392604406 33.74001608911401 34.03131756743592 34.281481603195544 34.52569637261362 34.759124989964064 35.00950650887202 35.22601610478112 35.43266777971228 35.63394096610487 35.84935203218233 36.03522299708689 36.21409592191613 36.403519055027196 36.56995847547266 36.728260367566925 36.88034781269088 37.044071493571494 37.18499998900891 37.32018966097477 37.45112642997133 37.576595775888336 37.69678887400016 37.81189354462738 37.92318271960885 38.030694918128845 38.13347939412701 38.23171868424609 38.32649879264411 38.41700280635362 38.494278298967885 38.57795423470772 38.65852397721983 38.72737361036913 38.800938363429154 38.871692233919525 38.93216209880101 38.996638073450576 39.05229849969797 39.11153551809722 39.162685255860886 39.211064728131824 39.263478943080024 39.307860981657115 39.35025649530074 39.396092141955165 39.4349165291088 39.47197410694062 39.50734211772903 39.545499382539624 39.577506015001944 39.60835302472185 39.63776968920084 39.665540780291316 39.69575482740699 39.72110703519571 39.74527704463806 39.76808903183035 39.79006437166057 39.81101145976649 39.83335698224091 39.852275155933015 39.870125756250154 39.88731741977988 39.903537560454595 39.920864406003666 39.935373521685094 39.94935320794284 39.96415161270373 39.97665993434506 39.988467956375764 40.00123574547465 40.011807048795156 40.02325722059453 40.03282803877511 40.0430052431815 40.05167796554 40.0608141617201 40.06859452029943 40.076880520549544 40.0846760823908 40.0920831441846 40.09831940276101 40.104982520659426 40.11125584042615 40.11722204409308 40.122896081790344 40.12824007499104 40.13327515493567 40.13811546062599 40.142630907401916 40.14697418487315 40.151067826588395 40.155392336208905 40.15908498594165 40.16256666408248 40.16588407187115 40.16939383097045 40.17238904474105 40.1752141501911 40.178234883846535 40.18078676271163 40.18324407788652 40.185820324997145 40.18803989607319 40.19013333156338 40.1921491464712 40.194281700817506 40.19610149804105 40.19785273513842 40.199503763854175 40.2012661102861 40.20278575727327 40.2042178646663 40.205595159572674 40.20691893913899 40.51964719905443 40.72401287101557 40.860601596256444 40.956520701916524 41.06594442421855 41.58165576129621 42.04305681466403 42.491002516028054 42.966010344305104 43.45454568311256 43.97005758543873 44.48563837517658 44.94693473967433 45.32701236942629 45.530884872252166 45.47741098913346 45.08514965385876 44.30004516463205 43.05420340153335 41.266403596179885 39.04506097020147 36.39005821565776 33.42337041894186 30.21277725103135 26.88013343787113 23.547418562217462 20.309479844885125 17.247613018296732 14.42958680140584 11.882476706155334 9.701153464309336 7.844978330645999 6.327508466968772 5.12165746092208 4.200324609214682 3.50932198618395 2.980906401738125 2.5879811303641147 2.303450473450287 2.1137636819269834 1.9782741501291456 1.883432772508557 1.8427907855893668 1.8292472602844514 1.8699034418213847 1.9241104087857537 2.018966946492215 2.1815752191026023 2.4390347774974 2.7913477944504765 3.3333651269596416 4.173492255981619 5.447232200329902 7.317194439990803 9.93243565734077 13.320057361918595 17.181959236028064 21.125176638780925 24.85159848059264 28.130864007574196 30.82746444703789 32.95494177580432 34.499753499627616 35.43479059701693 35.66520072954159 35.15031980894426 33.90370070704725 32.37251327720375 30.93617563876766 29.98765784999826 29.75732669650405 30.461989426970337 31.939043043026214 34.02588331035812 36.50569432288591 39.093913391267286 41.61438407811169 43.83673676102049 45.66611837404059 46.95347251011981 47.685241201885006 47.820774492241476 47.31942118256949 46.3166835773543 44.920970187981105 43.29489261205588 41.68236134879546 40.24598902936625 39.13483507252678 38.41665418443146 38.213404664438855 38.5115374537788 39.324601270086866 40.530640095181 42.03479816877905 43.72866756644826 45.54449645572109 47.40097843785375 49.12195190388676 50.612560629061875 51.832151651408886 52.67231651303212 53.051752026142786 52.9840065159322 52.509734671831296 51.71024053301774 50.653277648585984 49.40660230294967 48.024416367884754 46.69643340812861 45.44975598691967 44.37923919676552 43.57974079468915 43.07836151066289 42.902203923298394 43.06481910394244 43.56620755639293 44.35216479196558 45.4091404228876 46.69648174300522 48.10578188059672 49.66414175037168 51.22250166966444 52.71310702930798 54.054652574247655 55.20648470500199 56.0872982194802 56.65644031132206 56.927462149586816 56.90036298737521 56.561592274644305 55.978904613633205 55.15230023434258 54.203736982176785 53.22807168965977 52.29305924580977 51.466453917440084 50.85666359755129 50.43658608644285 50.20622176044531 50.17912123229157 50.38238672975972 50.82956889849908 51.50711713460264 52.44213301862581 53.64816781232641 55.16587419180096 57.022354055612674 59.09564885278267 61.16894378400285 62.93056711626761 64.3263150368984 65.4103913119642 66.23699969083373 66.81969109451819 67.13136364102562 67.0907116716699 66.61642960418202 65.73561913832366 64.55668788527372 63.55391882313031 63.20159500908109 63.635225744066524 64.6515469956921 65.73562300097365 66.480925371347 66.75194472716616 66.61643582664662 66.31831552457389 65.96599147705994 65.55946357802992 64.96322245265203 63.98755492630163
50.0 50.0 50.0 50.0 50.0 50.0 50.0 50.0 50.0 50.0 50.0 50.0 50.0 50.0 50.0 50.0 50.0 50.0 50.0 50.0 50.0 50.0 50.0 50.0 50.0 50.0 50.0 50.0 50.0 50.0 50.0 50.0 50.0 50.0 50.0 50.0 50.0 50.0 50.0 50.0 50.0 50.0 50.0 50.0 50.0 50.0 50.0 50.0 50.0 50.0 50.0 50.0 50.0 50.0 50.0 50.0 50.0 50.0 50.0 50.0 50.0 50.0 50.0 50.0 50.0 50.0 50.0 50.0 50.0 50.0 50.0 50.0 50.0 50.0 50.0 50.0 50.0 50.0 50.0 50.0 50.0 50.0 50.0 50.0 50.0 50.0 50.0 50.0 50.0 50.0 50.0 50.0 50.0 50.0 50.0 50.0 50.0 50.0 50.0 50.0 50.0 50.0 50.0 50.0 50.0 50.0 50.0 50.0 50.0 50.0 50.0 50.0 50.0 50.0 50.0 50.0 50.0 50.0 50.0 50.0 50.0 50.0 50.0 50.0 50.0 50.0 50.0 50.0 50.0 50.0 50.0 50.0 50.0 50.0 50.0 50.0 50.0 50.0 50.0 50.0 50.0 50.0 50.0 50.0 50.0 50.0 50.0 50.0 50.0 50.0 50.0 50.0 50.0 50.0 50.0 50.0 50.0 50.0 50.0 50.0 50.0 50.0 50.0 50.0 50.0 50.0 50.0 50.0 50.0 50.0 50.0 50.0 50.0 50.0 50.0 50.0 50.0 50.0 50.0 50.0 50.0 50.0 50.0 50.0 50.0 50.0 50.0 50.0 50.0 50.0 50.0 50.0 50.0 50.0 50.0 50.0 50.0 50.0 50.0 50.0 50.0 50.0 50.0 50.0 50.0 50.0 50.0 50.0 50.0 50.0 50.0 50.0 50.0 50.0 50.0 50.0 50.0 50.0 50.0 50.0 50.0 50.0 50.0 50.0 50.0 50.0 50.0 50.0 50.0 50.0 50.0 50.0 50.0 50.0 50.0 50.0 50.0 50.0 50.0 50.0 50.0 50.0 50.0 50.0 50.0 50.0 50.0 50.0 50.0 50.0 50.0 50.0 50.0 50.0 50.0 50.0 50.0 50.0 50.0 50.0 50.0 50.0 50.0 50.0 50.0 50.0 50.0 50.0 50.0 50.0 50.0 50.0 50.0 50.0 50.0 50.0 50.0 50.0 50.0 50.0 50.0 50.0 50.0 50.0 50.0 50.0 50.0 50.0 50.0 50.0 50.0 50.0 50.0 50.0 50.0 50.0 50.0 50.0 50.0 50.0 50.0 50.0
50.0 50.0 50.0 50.0 50.0 50.0 50.0 50.0 50.0 50.0 50.0 50.0 50.0 50.0 50.0 50.0 50.0 50.0 50.0 50.0 50.0 50.0 50.0 50.0 50.0 50.0 50.0 50.0 50.0 50.0 50.0 50.0 50.0 50.0 50.0 50.0 50.0 50.0 50.0 50.0 50.0 50.0 50.0 50.0 50.0 50.0 50.0 50.0 50.0 50.0 50.0 50.0 50.0 50.0 50.0 50.0 50.0 50.0 50.0 50.0 50.0 50.0 50.0 50.0 50.0 50.0 50.0 50.0 50.0 50.0 50.0 50.0 50.0 50.0 50.0 50.0 50.0 50.0 50.0 50.0 50.0 50.0 50.0 50.0 50.0 50.0 50.0 50.0 50.0 50.0 50.0 50.0 50.0 50.0 50.0 50.0 50.0 50.0 50.0 50.0 50.0 50.0 50.0 50.0 50.0 50.0 50.0 50.0 50.0 50.0 50.0 50.0 50.0 50.0 50.0 50.0 50.0 50.0 50.0 50.0 50.0 50.0 50.0 50.0 50.0 50.0 50.0 50.0 50.0 50.0 50.0 50.0 50.0 50.0 50.0 50.0 50.0 50.0 50.0 50.0 50.0 50.0 50.0 50.0 50.0 50.0 50.0 50.0 50.0 50.0 50.0 50.0 50.0 50.0 50.0 50.0 50.0 50.0 50.0 50.0 50.0 50.0 50.0 50.0 50.0 50.0 50.0 50.0 50.0 50.0 50.0 50.0 50.0 50.0 50.0 50.0 50.0 50.0 50.0 50.0 50.0 50.0 50.0 50.0 50.0 50.0 50.0 50.0 50.0 50.0 50.0 50.0 50.0 50.0 50.0 50.0 50.0 50.0 50.0 50.0 50.0 50.0 50.0 50.0 50.0 50.0 50.0 50.0 50.0 50.0 50.0 50.0 50.0 50.0 50.0 50.0 50.0 50.0 50.0 50.0 50.0 50.0 50.0 50.0 50.0 50.0 50.0 50.0 50.0 50.0 50.0 50.0 50.0 50.0 50.0 50.0 50.0 50.0 50.0 50.0 50.0 50.0 50.0 50.0 50.0 50.0 50.0 50.0 50.0 50.0 50.0 50.0 50.0 50.0 50.0 50.0 50.0 50.0 50.0 50.0 50.0 50.0 50.0 50.0 50.0 50.0 50.0 50.0 50.0 50.0 50.0 50.0 50.0 50.0 50.0 50.0 50.0 50.0 50.0 50.0 50.0 50.0 50.0 50.0 50.0 50.0 50.0 50.0 50.0 50.0 50.0 50.0 50.0 50.0 50.0 50.0 50.0 50.0 50.0 50.0 50.0 50.0
50.0 50.0 50.0 50.0 50.0 50.0 50.0 50.0 50.0 50.0 50.0 50.0 50.0 50.0 50.0 50.0 50.0 50.0 50.0 50.0 50.0 50.0 50.0 50.0 50.0 50.0 50.0 50.0 50.0 50.0 50.0 50.0 50.0 50.0 50.0 50.0 50.0 50.0 50.0 50.0 50.0 50.0 50.0 50.0 50.0 50.0 50.0 50.0 50.0 50.0 50.0 50.0 50.0 50.0 50.0 50.0 50.0 50.0 50.0 50.0 50.0 50.0 50.0 50.0 50.0 50.0 50.0 50.0 50.0 50.0 50.0 50.0 50.0 50.0 50.0 50.0 50.0 50.0 50.0 50.0 50.0 50.0 50.0 50.0 50.0 50.0 50.0 50.0 50.0 50.0 50.0 50.0 50.0 50.0 50.0 50.0 50.0 50.0 50.0 50.0 50.0 50.0 50.0 50.0 50.0 50.0 50.0 50.0 50.0 50.0 50.0 50.0 50.0 50.0 50.0 50.0 50.0 50.0 50.0 50.0 50.0 50.0 50.0 50.0 50.0 50.0 50.0 50.0 50.0 50.0 50.0 50.0 50.0 50.0 50.0 50.0 50.0 50.0 50.0 50.0 50.0 50.0 50.0 50.0 50.0 50.0 50.0 50.0 50.0 50.0 50.0 50.0 50.0 50.0 50.0 50.0 50.0 50.0 50.0 50.0 50.0 50.0 50.0 50.0 50.0 50.0 50.0 50.0 50.0 50.0 50.0 50.0 50.0 50.0 50.0 50.0 50.0 50.0 50.0 50.0 50.0 50.0 50.0 50.0 50.0 50.0 50.0 50.0 50.0 50.0 50.0 50.0 50.0 50.0 50.0 50.0 50.0 50.0 50.0 50.0 50.0 50.0 50.0 50.0 50.0 50.0 50.0 50.0 50.0 50.0 50.0 50.0 50.0 50.0 50.0 50.0 50.0 50.0 50.0 50.0 50.0 50.0 50.0 50.0 50.0 50.0 50.0 50.0 50.0 50.0 50.0 50.0 50.0 50.0 50.0 50.0 50.0 50.0 50.0 50.0 50.0 50.0 50.0 50.0 50.0 50.0 50.0 50.0 50.0 50.0 50.0 50.0 50.0 50.0 50.0 50.0 50.0 50.0 50.0 50.0 50.0 50.0 50.0 50.0 50.0 50.0 50.0 50.0 50.0 50.0 50.0 50.0 50.0 50.0 50.0 50.0 50.0 50.0 50.0 50.0 50.0 50.0 50.0 50.0 50.0 50.0 50.0 50.0 50.0 50.0 50.0 50.0 50.0 50.0 50.0 50.0 50.0 50.0 50.0 50.0 50.0 50.0