4 151 9
300.0440999999999 302.0443999999999 304.0446999999999 306.0449999999999 308.0452999999999 310.0455999999999 312.0458999999999 314.0461999999999 316.04649999999987 318.0467999999999 320.0470999999999 322.04739999999987 324.0476999999999 326.0479999999999 328.04829999999987 330.0485999999999 332.0488999999999 334.04919999999987 336.0494999999999 338.0497999999999 340.0500999999999 342.05039999999985 344.0506999999999 346.0509999999999 348.05129999999986 350.0515999999999 352.0518999999999 354.05219999999986 356.0524999999999 358.0527999999999 360.05309999999986 362.0533999999999 364.0536999999999 366.05399999999986 368.0542999999999 370.0545999999999 372.05489999999986 374.0551999999999 376.0554999999999 378.05579999999986 380.05609999999984 382.0563999999999 384.05669999999986 386.05699999999985 388.0572999999999 390.05759999999987 392.05789999999985 394.0581999999999 396.05849999999987 398.05879999999985 399.99 402.04 403.99 406.05 407.99 410.06 412.01 413.96 416.02 417.97 420.04 422.0 423.95 426.02 427.98 430.05 432.01 433.96 436.03 437.99 440.06 442.01 443.96 446.03 447.98 450.04 451.98 454.04 455.99 458.04 459.98 462.03 463.97 466.02 467.95 470.0 472.05 473.98 476.02 477.96 480.0 482.05 483.98 486.03 487.96 490.01 492.06 493.99 496.05 497.98 500.04 501.98 504.04 505.98 508.04 509.99 512.05 514.0 515.95 518.01 519.96 522.03 523.98 526.04 527.99 530.05 532.0 534.06 536.0 538.06 540.0 542.05 543.99 546.04 547.98 550.03 551.96 554.0 556.04 557.97 560.01 562.05 563.98 566.01 568.05 569.98 572.01 574.05 575.97 578.01 580.05 581.98 584.02 585.95 588.0 590.04 591.97 594.02 595.96 598.01 599.95
0.0 13.54 26.89 39.77 50.0 60.0 70.0 80.0 90.0
72.01465445588735 74.02708637797093 75.88190088534544 77.57210204725071 79.15846009162848 80.74203277504378 82.37187405772107 84.02146320663972 85.60000388554506 86.98436575367896 88.0727725498414 88.88845393714035 89.52213174760422 90.0878762230479 90.63800459302225 91.09286946667835 91.28364791020296 91.04657857304507 90.30190345960851 89.16446990451075 87.84079593112489 86.58108277413541 85.54044941774633 84.67675569192816 83.68694657608862 82.10335922934144 79.72384470064507 76.62643631202124 73.11244996044064 69.36500320410319 65.1637883604356 60.19557254517325 54.36864078732815 47.77411079730246 40.67697080598684 33.51690409771795 26.79661650375733 20.84676515204979 15.773689828022903 11.437886240675478 7.709100953267811 4.7328931042252576 2.7163169496249844 1.528083308219575 0.9029177747439512 0.5748293291791833 0.4004822630305226 0.29789866111526714 0.24661487041520236 0.20557127681817716 0.18506054862422952 0.16453792034929607 0.1645720651769807 0.1748925044868192 0.20579067075935709 0.31902759903278666 0.4219984020731633 0.44263952467139495 0.45298808186640643 0.4427386104209032 0.4427825070627725 0.43252195099295065 0.4222561486862097 0.4016878262888711 0.3811124441891859 0.32963058129907197 0.20602971842747947 0.09271767949964858 0.06181454280879797 0.041211268497964346 0.030909578265211478 0.03091053834509217 0.03091140928738987 0.03091224551466004 0.030912957944226212 0.030913638832802876 0.03091421903198852 0.02060985102644291 0.020610169287534588 0.020610472051739583 0.020610731364276755 0.020610979383482973 0.02061119180678595 0.02061139497792855 0.020611568134706847 0.020611734649379362 0.020611884944194452 0.0309180195531422 0.03091820346292583 0.030918361788437453 0.030918512514856004 0.04122486568018378 0.0412250210705855 0.05153146312377834 0.06183794677650972 0.07214448555410347 0.09275744441711625 0.1339832814348663 0.1442900062329914 0.15459672462823473 0.1649034711378782 0.185516690885618 0.20612996172452808 0.20613022176901896 0.20613047163462825 0.20613068558688907 0.2061308900581619 0.20613106514057258 0.20613122395849454 0.20613137573854828 0.2061315057030403 0.2061316304805198 0.206131736780344 0.20613183836953994 0.20613192535713776 0.20613200848990465 0.20613207967383737 0.2061321477032639 0.20613220567021062 0.20613226136805898 0.2061323088274309 0.20613235421880086 0.20613239309471465 0.20613243027664038 0.2061324621214874 0.20613249257871763 0.2061325185360507 0.2061325433816262 0.20613256581792025 0.20613258503798612 0.20613260343485176 0.2061326200477679 0.2061326342792325 0.20613264783771687 0.20613266014487283 0.2061326706878051 0.20613268073218072 0.2061326898495489 0.20613269762139053 0.20613270510100568 0.2061327118553197 0.20613271764140634 0.20613272317967274 0.20613272792403153 0.2061327324863269 0.2061327365850753 0.20613274009627022 0.20613274347272398 0.20613274636452208 0.2061327491303113 0.20613275149909957
72.14091909967476 74.05608394452312 76.00671508056871 77.99146038705842 79.91741327793271 81.66727847304604 83.15044689288747 84.35061029103157 85.3500943076188 86.24672910978579 87.09887327515959 87.84827522496732 88.30397257232771 88.32393971545955 87.81892688027612 86.92703310837415 85.84960896086587 84.84241353499142 84.02144300023784 83.30875282126709 82.33876949640009 80.73838481589465 78.27706384997101 75.16916905839263 71.60331885494108 67.72105277482382 63.37467309654358 58.25392090654476 52.307919434679455 45.6575801269339 38.60734867848265 31.595765848839886 25.08424299775571 19.393858832982115 14.500258562111373 10.357614258449209 6.898677963741732 4.208495065184782 2.4025319393515567 1.3710165731383785 0.8088533435448417 0.5225030541106973 0.3587868779625287 0.26666624675325984 0.22574708353326173 0.18478100885692145 0.1745828334569418 0.16437072590142987 0.17469918418193314 0.20558734138586388 0.27761251554162114 0.38052367487741434 0.44232198814483464 0.45269832657682724 0.45277485543795354 0.45284875191074514 0.442618276112773 0.43237936830387513 0.4221355164435286 0.39128795183987725 0.35013445806805543 0.2677726076641928 0.1544960291357176 0.08240394186161346 0.0515057062962706 0.041207042575245156 0.041209163764106466 0.03090830833767838 0.03090968668323158 0.03091086674451568 0.030911993724315957 0.030912953879223028 0.030913824889581363 0.030914661182199328 0.030915373667439003 0.030916054609224367 0.03091663485375024 0.020611461603328707 0.030917669833936814 0.03091812401573401 0.030918513014936113 0.030918885072818 0.030919203732672502 0.03091950851320191 0.030919768268666614 0.030920018060194066 0.04122699136004547 0.04122724756253247 0.051534365993424654 0.061841555867877825 0.09276278601640837 0.12368426171241619 0.18552709188007613 0.29890584258095204 0.453513713862739 0.6390439497175523 0.8348822373417393 0.9894923201642988 1.0822596143706775 1.1956414310550958 1.319330861442184 1.4636349296709659 1.6388612561119689 1.6388633236272268 1.6388653102140522 1.6388670112674457 1.6388686369410947 1.6388700289550313 1.638871291656178 1.6388724984019005 1.638873531700354 1.6388745237588351 1.6388753689084774 1.6388761766056985 1.6388768682111432 1.6388775291682869 1.638878095124776 1.6388786360009808 1.6388790968742197 1.6388795397067173 1.6388799170382085 1.6388802779277996 1.6388805870154664 1.6388808826348755 1.6388811358211932 1.6388813779750955 1.6388815843520197 1.6388817818897805 1.6388819602722569 1.6388821130837214 1.6388822593502324 1.6388823914332364 1.6388825045822217 1.6388826123805957 1.6388827102301315 1.638882794052993 1.6388828739120194 1.6388829464007608 1.6388830081917298 1.6388830676593171 1.63888312136031 1.6388831673632933 1.638883211395952 1.6388832491165517 1.6388832853896345 1.6388833179772306 1.6388833458934116 1.6388833727383165 1.638883395729908 1.6388834177196505 1.638883436552989
70.97591162321375 72.0779428791828 73.00445827395926 73.68041709258966 73.94330195228551 73.66256551812538 72.77940241133372 71.38398020785321 69.45197947283799 67.00537277524413 64.05144851090792 60.65480849365186 56.8190688018804 52.45482306445607 47.49839601703019 42.15197357554642 36.68210154494742 31.35247167238996 26.256659450617004 21.537136891284746 17.278088267413928 13.513569887515615 10.166911234301304 7.208114868216975 4.715137029360507 2.875860852004 1.7082253146929658 1.0476773563259671 0.6865924331136319 0.4957802817916633 0.3852081855281488 0.33509503948616826 0.3051040145001665 0.30553249959266204 0.32631599103289727 0.3879468615784157 0.5007695090455027 0.6137669203587676 0.6757216976807926 0.6967379082252553 0.7074803888548536 0.6976702291602395 0.6775401931269996 0.6470798426512809 0.6062811984878158 0.5654186634149324 0.4730783456237221 0.3497889041233299 0.22640564849689795 0.14411760349640862 0.11326365803197347 0.09269260529401452 0.08241052517113422 0.07212351328868533 0.07213570580190742 0.06184069622164589 0.061849295698225296 0.06185709837253922 0.06186455710737847 0.06187094520865083 0.05156423299025428 0.05156861002335955 0.061887071780805714 0.0618916230429189 0.07221143974887549 0.08253232189834137 0.09285364165777003 0.1134930553533588 0.14445214832079117 0.20636809024870315 0.29924464062814654 0.44372135255109674 0.6398023024773528 0.8668523757247957 1.0835904424156442 1.2693767626397177 1.4345258663792617 1.5687184458318792 1.6822701003545089 1.7855030837033623 1.8784141605062683 1.9610054133849977 1.9919891866161894 1.9920088222938774 1.9817041812593372 2.02300602816205 2.1365576598106655 2.384289306854155 2.7868482342842777 3.3855218580941013 4.1906358998594015 5.23315713809043 6.451154910776642 7.772379608965426 9.134896683975857 10.44581119359834 11.69479823631588 12.89217685374674 13.717967064044087 14.574722160564676 15.379869185391213 16.071471959651543 16.566956124318214 16.566977024461185 16.566997106513067 16.567014302158416 16.56703073580337 16.567044807423972 16.567057571844646 16.567069770621913 16.567080216051675 16.567090244593917 16.567098788060903 16.567106952928047 16.56711394424413 16.567120625742007 16.567126346895208 16.56713181451629 16.56713647340166 16.567140949916393 16.567144764293133 16.56714841246164 16.567151536973732 16.567154525337614 16.56715708475294 16.567159532643547 16.56716161887106 16.567163615745052 16.56716541898169 16.567166963725526 16.567168442307597 16.56716977751113 16.567170921314037 16.567172011028575 16.56717300017208 16.567173847522437 16.56717465480309 16.567175387578846 16.56717601221273 16.567176613359965 16.56717715621372 16.567177621249673 16.567178066367966 16.56717844767878 16.567178814356907 16.567179143779104 16.567179425978797 16.567179697349154 16.56717992976705 16.567180152057436 16.567180342440295
8.565625702633668 6.365904349146967 4.630133057852362 3.4401153557889055 2.7256445156525877 2.326235652944938 2.2025063846118647 2.299905754966715 2.5756183625417335 2.9643413269101964 3.331866164233975 3.611399638426596 3.7617830438478514 3.816702598200191 3.811806432925621 3.7458592857207478 3.617849832529647 3.397673577835609 3.044870844647596 2.5776152297332273 2.0445644398587945 1.56528456540316 1.211323639056168 1.0148787575069773 0.9074119309102163 0.8899760103455345 0.922884347648118 1.0167258699811323 1.1923002023872127 1.460289166373087 1.8620569279169652 2.408416407078869 3.089604000448321 3.8648590424851093 4.651965327480609 5.409505983273329 6.0649717106533005 6.617895618673404 7.05755527915114 7.404286344458437 7.637150214356992 7.755909843392664 7.770734078736498 7.712584107602016 7.664365072013247 7.729891156831134 8.033889503578932 8.659699428885975 9.690716229808984 11.148036291330445 12.979859539826421 15.124298099059068 17.4563341550751 19.882746606938596 22.27826511280065 24.53921788207707 26.61299204324703 28.458059309346925 30.084888431090576 31.451373514906475 32.58901853039417 33.59108582400951 34.50975471853546 35.50133267416713 36.66966745369375 38.087935531445616 39.82882799672676 41.86126148393658 44.13331781587769 46.54066238295988 48.958521066228194 51.25130089660825 53.314936288336135 55.09741018000051 56.56728375924453 57.72469004819518 58.62155412543078 59.268418326441335 59.71723889290931 59.99936315631446 60.18761841267061 60.36542849295286 60.63689055482322 61.07500321930565 61.82554823642632 63.024025041982696 64.76416871519271 67.04596753509382 69.6715503596474 72.3700267421235 74.91224979203916 77.24611165899171 79.43409596024287 81.54916158077641 83.63294476044076 85.5396299698869 87.01917487773407 87.82153962773148 88.14468412397736 88.07192464567287 87.82205670201296 87.63467132912449 87.67647240369317 87.67658301247337 87.67668929171106 87.67678029536397 87.67686726632034 87.6769417368535 87.67700928935793 87.67707384833608 87.67712912816101 87.67718220171298 87.67722741587556 87.67727062639314 87.6773076261852 87.67734298634187 87.6773732641145 87.6774022001318 87.67742685611758 87.67745054695236 87.6774707335874 87.67749004060693 87.67750657630583 87.67752239147438 87.67753593653995 87.67754889138885 87.67755993222629 87.67757050018253 87.67758004336149 87.67758821853195 87.67759604355783 87.6776031097886 87.67760916307948 87.67761493012115 87.67762016491581 87.67762464930567 87.67762892163665 87.6776327996691 87.67763610538773 87.67763928680914 87.67764215972689 87.67764462081338 87.67764697649064 87.67764899448278 87.67765093503505 87.67765267841965 87.67765417189096 87.67765560805071 87.67765683806432 87.67765801448058 87.67765902203426
8.565625702633668 6.365904349146967 4.630133057852362 3.4401153557889055 2.7256445156525877 2.326235652944938 2.2025063846118647 2.299905754966715 2.5756183625417335 2.9643413269101964 3.331866164233975 3.611399638426596 3.7617830438478514 3.816702598200191 3.811806432925621 3.7458592857207478 3.617849832529647 3.397673577835609 3.044870844647596 2.5776152297332273 2.0445644398587945 1.56528456540316 1.211323639056168 1.0148787575069773 0.9074119309102163 0.8899760103455345 0.922884347648118 1.0167258699811323 1.1923002023872127 1.460289166373087 1.8620569279169652 2.408416407078869 3.089604000448321 3.8648590424851093 4.651965327480609 5.409505983273329 6.0649717106533005 6.617895618673404 7.05755527915114 7.404286344458437 7.637150214356992 7.755909843392664 7.770734078736498 7.712584107602016 7.664365072013247 7.729891156831134 8.033889503578932 8.659699428885975 9.690716229808984 11.148036291330445 12.979859539826421 15.124298099059068 17.4563341550751 19.882746606938596 22.27826511280065 24.53921788207707 26.61299204324703 28.458059309346925 30.084888431090576 31.451373514906475 32.58901853039417 33.59108582400951 34.50975471853546 35.50133267416713 36.66966745369375 38.087935531445616 39.82882799672676 41.86126148393658 44.13331781587769 46.54066238295988 48.958521066228194 51.25130089660825 53.314936288336135 55.09741018000051 56.56728375924453 57.72469004819518 58.62155412543078 59.268418326441335 59.71723889290931 59.99936315631446 60.18761841267061 60.36542849295286 60.63689055482322 61.07500321930565 61.82554823642632 63.024025041982696 64.76416871519271 67.04596753509382 69.6715503596474 72.3700267421235 74.91224979203916 77.24611165899171 79.43409596024287 81.54916158077641 83.63294476044076 85.5396299698869 87.01917487773407 87.82153962773148 88.14468412397736 88.07192464567287 87.82205670201296 87.63467132912449 87.67647240369317 87.67658301247337 87.67668929171106 87.67678029536397 87.67686726632034 87.6769417368535 87.67700928935793 87.67707384833608 87.67712912816101 87.67718220171298 87.67722741587556 87.67727062639314 87.6773076261852 87.67734298634187 87.6773732641145 87.6774022001318 87.67742685611758 87.67745054695236 87.6774707335874 87.67749004060693 87.67750657630583 87.67752239147438 87.67753593653995 87.67754889138885 87.67755993222629 87.67757050018253 87.67758004336149 87.67758821853195 87.67759604355783 87.6776031097886 87.67760916307948 87.67761493012115 87.67762016491581 87.67762464930567 87.67762892163665 87.6776327996691 87.67763610538773 87.67763928680914 87.67764215972689 87.67764462081338 87.67764697649064 87.67764899448278 87.67765093503505 87.67765267841965 87.67765417189096 87.67765560805071 87.67765683806432 87.67765801448058 87.67765902203426
8.565625702633668 6.365904349146967 4.630133057852362 3.4401153557889055 2.7256445156525877 2.326235652944938 2.2025063846118647 2.299905754966715 2.5756183625417335 2.9643413269101964 3.331866164233975 3.611399638426596 3.7617830438478514 3.816702598200191 3.811806432925621 3.7458592857207478 3.617849832529647 3.397673577835609 3.044870844647596 2.5776152297332273 2.0445644398587945 1.56528456540316 1.211323639056168 1.0148787575069773 0.9074119309102163 0.8899760103455345 0.922884347648118 1.0167258699811323 1.1923002023872127 1.460289166373087 1.8620569279169652 2.408416407078869 3.089604000448321 3.8648590424851093 4.651965327480609 5.409505983273329 6.0649717106533005 6.617895618673404 7.05755527915114 7.404286344458437 7.637150214356992 7.755909843392664 7.770734078736498 7.712584107602016 7.664365072013247 7.729891156831134 8.033889503578932 8.659699428885975 9.690716229808984 11.148036291330445 12.979859539826421 15.124298099059068 17.4563341550751 19.882746606938596 22.27826511280065 24.53921788207707 26.61299204324703 28.458059309346925 30.084888431090576 31.451373514906475 32.58901853039417 33.59108582400951 34.50975471853546 35.50133267416713 36.66966745369375 38.087935531445616 39.82882799672676 41.86126148393658 44.13331781587769 46.54066238295988 48.958521066228194 51.25130089660825 53.314936288336135 55.09741018000051 56.56728375924453 57.72469004819518 58.62155412543078 59.268418326441335 59.71723889290931 59.99936315631446 60.18761841267061 60.36542849295286 60.63689055482322 61.07500321930565 61.82554823642632 63.024025041982696 64.76416871519271 67.04596753509382 69.6715503596474 72.3700267421235 74.91224979203916 77.24611165899171 79.43409596024287 81.54916158077641 83.63294476044076 85.5396299698869 87.01917487773407 87.82153962773148 88.14468412397736 88.07192464567287 87.82205670201296 87.63467132912449 87.67647240369317 87.67658301247337 87.67668929171106 87.67678029536397 87.67686726632034 87.6769417368535 87.67700928935793 87.67707384833608 87.67712912816101 87.67718220171298 87.67722741587556 87.67727062639314 87.6773076261852 87.67734298634187 87.6773732641145 87.6774022001318 87.67742685611758 87.67745054695236 87.6774707335874 87.67749004060693 87.67750657630583 87.67752239147438 87.67753593653995 87.67754889138885 87.67755993222629 87.67757050018253 87.67758004336149 87.67758821853195 87.67759604355783 87.6776031097886 87.67760916307948 87.67761493012115 87.67762016491581 87.67762464930567 87.67762892163665 87.6776327996691 87.67763610538773 87.67763928680914 87.67764215972689 87.67764462081338 87.67764697649064 87.67764899448278 87.67765093503505 87.67765267841965 87.67765417189096 87.67765560805071 87.67765683806432 87.67765801448058 87.67765902203426
8.565625702633668 6.365904349146967 4.630133057852362 3.4401153557889055 2.7256445156525877 2.326235652944938 2.2025063846118647 2.299905754966715 2.5756183625417335 2.9643413269101964 3.331866164233975 3.611399638426596 3.7617830438478514 3.816702598200191 3.811806432925621 3.7458592857207478 3.617849832529647 3.397673577835609 3.044870844647596 2.5776152297332273 2.0445644398587945 1.56528456540316 1.211323639056168 1.0148787575069773 0.9074119309102163 0.8899760103455345 0.922884347648118 1.0167258699811323 1.1923002023872127 1.460289166373087 1.8620569279169652 2.408416407078869 3.089604000448321 3.8648590424851093 4.651965327480609 5.409505983273329 6.0649717106533005 6.617895618673404 7.05755527915114 7.404286344458437 7.637150214356992 7.755909843392664 7.770734078736498 7.712584107602016 7.664365072013247 7.729891156831134 8.033889503578932 8.659699428885975 9.690716229808984 11.148036291330445 12.979859539826421 15.124298099059068 17.4563341550751 19.882746606938596 22.27826511280065 24.53921788207707 26.61299204324703 28.458059309346925 30.084888431090576 31.451373514906475 32.58901853039417 33.59108582400951 34.50975471853546 35.50133267416713 36.66966745369375 38.087935531445616 39.82882799672676 41.86126148393658 44.13331781587769 46.54066238295988 48.958521066228194 51.25130089660825 53.314936288336135 55.09741018000051 56.56728375924453 57.72469004819518 58.62155412543078 59.268418326441335 59.71723889290931 59.99936315631446 60.18761841267061 60.36542849295286 60.63689055482322 61.07500321930565 61.82554823642632 63.024025041982696 64.76416871519271 67.04596753509382 69.6715503596474 72.3700267421235 74.91224979203916 77.24611165899171 79.43409596024287 81.54916158077641 83.63294476044076 85.5396299698869 87.01917487773407 87.82153962773148 88.14468412397736 88.07192464567287 87.82205670201296 87.63467132912449 87.67647240369317 87.67658301247337 87.67668929171106 87.67678029536397 87.67686726632034 87.6769417368535 87.67700928935793 87.67707384833608 87.67712912816101 87.67718220171298 87.67722741587556 87.67727062639314 87.6773076261852 87.67734298634187 87.6773732641145 87.6774022001318 87.67742685611758 87.67745054695236 87.6774707335874 87.67749004060693 87.67750657630583 87.67752239147438 87.67753593653995 87.67754889138885 87.67755993222629 87.67757050018253 87.67758004336149 87.67758821853195 87.67759604355783 87.6776031097886 87.67760916307948 87.67761493012115 87.67762016491581 87.67762464930567 87.67762892163665 87.6776327996691 87.67763610538773 87.67763928680914 87.67764215972689 87.67764462081338 87.67764697649064 87.67764899448278 87.67765093503505 87.67765267841965 87.67765417189096 87.67765560805071 87.67765683806432 87.67765801448058 87.67765902203426
8.565625702633668 6.365904349146967 4.630133057852362 3.4401153557889055 2.7256445156525877 2.326235652944938 2.2025063846118647 2.299905754966715 2.5756183625417335 2.9643413269101964 3.331866164233975 3.611399638426596 3.7617830438478514 3.816702598200191 3.811806432925621 3.7458592857207478 3.617849832529647 3.397673577835609 3.044870844647596 2.5776152297332273 2.0445644398587945 1.56528456540316 1.211323639056168 1.0148787575069773 0.9074119309102163 0.8899760103455345 0.922884347648118 1.0167258699811323 1.1923002023872127 1.460289166373087 1.8620569279169652 2.408416407078869 3.089604000448321 3.8648590424851093 4.651965327480609 5.409505983273329 6.0649717106533005 6.617895618673404 7.05755527915114 7.404286344458437 7.637150214356992 7.755909843392664 7.770734078736498 7.712584107602016 7.664365072013247 7.729891156831134 8.033889503578932 8.659699428885975 9.690716229808984 11.148036291330445 12.979859539826421 15.124298099059068 17.4563341550751 19.882746606938596 22.27826511280065 24.53921788207707 26.61299204324703 28.458059309346925 30.084888431090576 31.451373514906475 32.58901853039417 33.59108582400951 34.50975471853546 35.50133267416713 36.66966745369375 38.087935531445616 39.82882799672676 41.86126148393658 44.13331781587769 46.54066238295988 48.958521066228194 51.25130089660825 53.314936288336135 55.09741018000051 56.56728375924453 57.72469004819518 58.62155412543078 59.268418326441335 59.71723889290931 59.99936315631446 60.18761841267061 60.36542849295286 60.63689055482322 61.07500321930565 61.82554823642632 63.024025041982696 64.76416871519271 67.04596753509382 69.6715503596474 72.3700267421235 74.91224979203916 77.24611165899171 79.43409596024287 81.54916158077641 83.63294476044076 85.5396299698869 87.01917487773407 87.82153962773148 88.14468412397736 88.07192464567287 87.82205670201296 87.63467132912449 87.67647240369317 87.67658301247337 87.67668929171106 87.67678029536397 87.67686726632034 87.6769417368535 87.67700928935793 87.67707384833608 87.67712912816101 87.67718220171298 87.67722741587556 87.67727062639314 87.6773076261852 87.67734298634187 87.6773732641145 87.6774022001318 87.67742685611758 87.67745054695236 87.6774707335874 87.67749004060693 87.67750657630583 87.67752239147438 87.67753593653995 87.67754889138885 87.67755993222629 87.67757050018253 87.67758004336149 87.67758821853195 87.67759604355783 87.6776031097886 87.67760916307948 87.67761493012115 87.67762016491581 87.67762464930567 87.67762892163665 87.6776327996691 87.67763610538773 87.67763928680914 87.67764215972689 87.67764462081338 87.67764697649064 87.67764899448278 87.67765093503505 87.67765267841965 87.67765417189096 87.67765560805071 87.67765683806432 87.67765801448058 87.67765902203426
8.565625702633668 6.365904349146967 4.630133057852362 3.4401153557889055 2.7256445156525877 2.326235652944938 2.2025063846118647 2.299905754966715 2.5756183625417335 2.9643413269101964 3.331866164233975 3.611399638426596 3.7617830438478514 3.816702598200191 3.811806432925621 3.7458592857207478 3.617849832529647 3.397673577835609 3.044870844647596 2.5776152297332273 2.0445644398587945 1.56528456540316 1.211323639056168 1.0148787575069773 0.9074119309102163 0.8899760103455345 0.922884347648118 1.0167258699811323 1.1923002023872127 1.460289166373087 1.8620569279169652 2.408416407078869 3.089604000448321 3.8648590424851093 4.651965327480609 5.409505983273329 6.0649717106533005 6.617895618673404 7.05755527915114 7.404286344458437 7.637150214356992 7.755909843392664 7.770734078736498 7.712584107602016 7.664365072013247 7.729891156831134 8.033889503578932 8.659699428885975 9.690716229808984 11.148036291330445 12.979859539826421 15.124298099059068 17.4563341550751 19.882746606938596 22.27826511280065 24.53921788207707 26.61299204324703 28.458059309346925 30.084888431090576 31.451373514906475 32.58901853039417 33.59108582400951 34.50975471853546 35.50133267416713 36.66966745369375 38.087935531445616 39.82882799672676 41.86126148393658 44.13331781587769 46.54066238295988 48.958521066228194 51.25130089660825 53.314936288336135 55.09741018000051 56.56728375924453 57.72469004819518 58.62155412543078 59.268418326441335 59.71723889290931 59.99936315631446 60.18761841267061 60.36542849295286 60.63689055482322 61.07500321930565 61.82554823642632 63.024025041982696 64.76416871519271 67.04596753509382 69.6715503596474 72.3700267421235 74.91224979203916 77.24611165899171 79.43409596024287 81.54916158077641 83.63294476044076 85.5396299698869 87.01917487773407 87.82153962773148 88.14468412397736 88.07192464567287 87.82205670201296 87.63467132912449 87.67647240369317 87.67658301247337 87.67668929171106 87.67678029536397 87.67686726632034 87.6769417368535 87.67700928935793 87.67707384833608 87.67712912816101 87.67718220171298 87.67722741587556 87.67727062639314 87.6773076261852 87.67734298634187 87.6773732641145 87.6774022001318 87.67742685611758 87.67745054695236 87.6774707335874 87.67749004060693 87.67750657630583 87.67752239147438 87.67753593653995 87.67754889138885 87.67755993222629 87.67757050018253 87.67758004336149 87.67758821853195 87.67759604355783 87.6776031097886 87.67760916307948 87.67761493012115 87.67762016491581 87.67762464930567 87.67762892163665 87.6776327996691 87.67763610538773 87.67763928680914 87.67764215972689 87.67764462081338 87.67764697649064 87.67764899448278 87.67765093503505 87.67765267841965 87.67765417189096 87.67765560805071 87.67765683806432 87.67765801448058 87.67765902203426