4 151 9
300.0440999999999 302.0443999999999 304.0446999999999 306.0449999999999 308.0452999999999 310.0455999999999 312.0458999999999 314.0461999999999 316.04649999999987 318.0467999999999 320.0470999999999 322.04739999999987 324.0476999999999 326.0479999999999 328.04829999999987 330.0485999999999 332.0488999999999 334.04919999999987 336.0494999999999 338.0497999999999 340.0500999999999 342.05039999999985 344.0506999999999 346.0509999999999 348.05129999999986 350.0515999999999 352.0518999999999 354.05219999999986 356.0524999999999 358.0527999999999 360.05309999999986 362.0533999999999 364.0536999999999 366.05399999999986 368.0542999999999 370.0545999999999 372.05489999999986 374.0551999999999 376.0554999999999 378.05579999999986 380.05609999999984 382.0563999999999 384.05669999999986 386.05699999999985 388.0572999999999 390.05759999999987 392.05789999999985 394.0581999999999 396.05849999999987 398.05879999999985 399.99 402.04 403.99 406.05 407.99 410.06 412.01 413.96 416.02 417.97 420.04 422.0 423.95 426.02 427.98 430.05 432.01 433.96 436.03 437.99 440.06 442.01 443.96 446.03 447.98 450.04 451.98 454.04 455.99 458.04 459.98 462.03 463.97 466.02 467.95 470.0 472.05 473.98 476.02 477.96 480.0 482.05 483.98 486.03 487.96 490.01 492.06 493.99 496.05 497.98 500.04 501.98 504.04 505.98 508.04 509.99 512.05 514.0 515.95 518.01 519.96 522.03 523.98 526.04 527.99 530.05 532.0 534.06 536.0 538.06 540.0 542.05 543.99 546.04 547.98 550.03 551.96 554.0 556.04 557.97 560.01 562.05 563.98 566.01 568.05 569.98 572.01 574.05 575.97 578.01 580.05 581.98 584.02 585.95 588.0 590.04 591.97 594.02 595.96 598.01 599.95
0.0 13.54 26.89 39.77 50.0 60.0 70.0 80.0 90.0
72.8741258344438 74.62283111575351 76.29400102592382 78.00157257984282 79.75400963463761 81.47543816775925 83.0410061319246 84.34401914549069 85.42305297312016 86.38348396117493 87.37356608666605 88.43840906806412 89.52213174760422 90.48139580717353 91.20508282822364 91.66446245642952 91.95534509865185 92.23464659389002 92.6243133301397 93.17032489693344 93.7911114167343 94.37318295544858 94.83035813070755 95.16442618441282 95.4569819705802 95.83060866422524 96.33883171603246 96.94481401618017 97.54039621721778 97.9858966030581 98.17079579183985 98.12577919693224 97.95291539681868 97.77523953087766 97.64509387469681 97.4722131941542 97.07395765431967 96.2771231372961 94.99993491368558 93.36507140644402 91.58780495077534 89.92496898027989 88.53143205249431 87.35713838533114 86.08500147842899 84.2330263436496 81.59569389847519 78.2548965646933 74.51879334379365 70.57261933168022 66.18998955793275 61.05385206961066 55.06992730984716 48.33205800465156 41.10668648418158 33.837507923219434 27.02848302058846 21.009936508239935 15.88546841636057 11.511203870943485 7.7538425074015755 4.757741460922457 2.729216570776721 1.534653490180559 0.9064295969904961 0.576853517273376 0.40175795093358496 0.2987569672766454 0.2472581712351919 0.20605634248982171 0.18545746959126888 0.16485620450715827 0.164860849532746 0.17516939124974026 0.20608638629484144 0.3194409346056298 0.4224943267705098 0.44311179706852244 0.4534237243257609 0.4431251491124009 0.4431307243319501 0.43283056705314243 0.422529432039112 0.40192220206960666 0.38131401049207664 0.3297877543900698 0.2061188494419445 0.09275405865942661 0.06183640692585166 0.041224482384583275 0.030918512514856004 0.030918649260137827 0.030918765802939122 0.030918877874267 0.03091897338825486 0.030919065237472912 0.03091914813903875 0.020612812528440966 0.020612858033284488 0.020612896617097965 0.020612933892234776 0.02061296565395756 0.020612996172452807 0.020613022176901898 0.020613047163462826 0.020613068558688906 0.02061308900581619 0.03091965977108588 0.030919683593774176 0.03091970636078224 0.03091972585545604 0.041226326096103966 0.0412263473560688 0.051532959592384985 0.06183957760714132 0.07214620297146662 0.09275943585322681 0.13398589600712155 0.14429254396914742 0.15459919602604424 0.16490584706194472 0.18551911879692076 0.20613239309471465 0.20613243027664038 0.2061324621214874 0.20613249257871763 0.2061325185360507 0.2061325433816262 0.20613256581792025 0.20613258503798612 0.20613260343485176 0.2061326200477679 0.2061326342792325 0.20613264783771687 0.20613266014487283 0.2061326706878051 0.20613268073218072 0.2061326898495489 0.20613269762139053 0.20613270510100568 0.2061327118553197 0.20613271764140634 0.20613272317967274 0.20613272792403153 0.2061327324863269 0.2061327365850753 0.20613274009627022 0.20613274347272398 0.20613274636452208 0.2061327491303113 0.20613275149909957
72.56314855928824 74.6286625895858 76.6169879753762 78.40475677938386 79.95050194919985 81.2963318174443 82.58421396934945 83.91468982441125 85.2881566484696 86.59652345621691 87.69823993517008 88.5279879358255 89.12074255197504 89.60766343082321 90.16303342061715 90.84275106185306 91.61705977525 92.38675202648959 93.03970567710815 93.52936687839181 93.95555713077593 94.41015040597772 94.98633965851222 95.67888943499149 96.37220165193449 96.92875860368177 97.24941919754599 97.32458725104827 97.25562661274441 97.15496581115212 97.08523365897408 96.97750467853167 96.62003557920964 95.86078309370184 94.60807745827019 93.0146382815852 91.29522642549338 89.71653436290762 88.39272828780237 87.23348733267026 85.85107956485439 83.85661760580504 81.014077043939 77.54859583466914 73.65511661826149 69.47765933020247 64.86265741847319 59.49192960594877 53.31408044328643 46.45245978613593 39.215338306509004 32.04626407886549 25.407797923668408 19.620357017772942 14.653440775991951 10.45668936230266 6.95837103842406 4.241435708123728 2.419557228395835 1.3798048828037779 0.813547711393423 0.5252462688797628 0.3604907346500077 0.26781281105024374 0.22662510770359062 0.18543169158860318 0.1751389459974525 0.1648443111342847 0.17515489120497896 0.20607244496343788 0.2782079435188436 0.3812597645104174 0.4430981567506662 0.45341503067225686 0.453425480455772 0.4534354676019574 0.44313843290375343 0.4328406936699028 0.4225414877304698 0.3916295708659641 0.35040981416927597 0.26796367063108933 0.1545960186633625 0.08245202270187175 0.05153294711444436 0.04122669074692542 0.04122699136004547 0.030920435671899348 0.030920619596054792 0.030920777933938912 0.030920928672136125 0.030921065428104046 0.03092118198001269 0.030921294060098487 0.030921389581550385 0.030921481437946083 0.030921564345990343 0.020614423336756223 0.030921703267733646 0.03092176114797662 0.030921817065051184 0.030921864711358434 0.03092191049267866 0.030921949502400507 0.030921986985170798 0.030922019080517844 0.04122939967147408 0.041229434690692617 0.051536833070949 0.06184424522271323 0.09276642632266155 0.12368864330255361 0.18553306063114838 0.29891452277714 0.4535256742219516 0.6390591623171936 0.8349001616673387 0.989511629283611 1.0822786488792018 1.195660544691693 1.3193498703200672 1.463654084690236 1.6388805870154664 1.6388808826348755 1.6388811358211932 1.6388813779750955 1.6388815843520197 1.6388817818897805 1.6388819602722569 1.6388821130837214 1.6388822593502324 1.6388823914332364 1.6388825045822217 1.6388826123805957 1.6388827102301315 1.638882794052993 1.6388828739120194 1.6388829464007608 1.6388830081917298 1.6388830676593171 1.63888312136031 1.6388831673632933 1.638883211395952 1.6388832491165517 1.6388832853896345 1.6388833179772306 1.6388833458934116 1.6388833727383165 1.638883395729908 1.6388834177196505 1.638883436552989
72.60684746476844 74.34054869736399 76.0681374317923 77.80307948746085 79.47703774705658 81.0330434203974 82.44494694122989 83.74695916753033 85.01177482296603 86.29860879685599 87.57851045861753 88.80217185285338 89.87135224036994 90.7684263868486 91.49451891203941 92.08937278206744 92.5749762070942 92.88689694485913 92.9785486994792 92.8220266018751 92.43826392355773 91.88832389888177 91.23438978839356 90.39015868583138 89.16803627981335 87.42817398513903 85.11986259273009 82.36355832039527 79.13987486389185 75.48001841154709 71.39529607038821 66.95808152641797 62.170028021317265 56.93088909076603 51.170426343846195 45.10392722245896 39.00892277605477 33.15364314804609 27.622683944587546 22.551766705938043 18.01511656837649 14.035483433694226 10.522404514472342 7.436282636182974 4.8502495879025265 2.950457389092466 1.7483330164354944 1.0699425302595973 0.69979927717223 0.5044116122374301 0.3912744550195447 0.33987288607805327 0.30903946939175325 0.30910077123722274 0.3297632265230054 0.39165774273709064 0.5051025815355066 0.6185709837253921 0.6805101281811632 0.7012040456980428 0.711586415265509 0.70133309631769 0.680757789588863 0.6498620419506485 0.608639277883379 0.5674097130510969 0.474585279584158 0.3507967165467454 0.22699623307552902 0.1444576631740922 0.11350658782446939 0.09287191099906676 0.08255513580352941 0.0722376979770663 0.07223936282770961 0.061920817689742336 0.06192197984370913 0.06192309654599523 0.061924052773785605 0.061924962440579046 0.051604784629293084 0.05160540561539468 0.06192712497252402 0.061927735408099815 0.07224963160841334 0.08257167461885918 0.09289381129611589 0.11353758604067406 0.1445032417777033 0.20643425963988427 0.29933113570424297 0.4438377848873539 0.6399545671490429 0.8670383627531151 1.0838013014886612 1.2695995818306283 1.4347545938639958 1.568943860504007 1.6824895646645495 1.7857131259048786 1.8786148937860407 1.9611943945624875 1.992163571335461 1.992166084561376 1.9818463828352082 2.023136949048629 2.1366824687297803 2.3844157947133566 2.786981647600034 3.3856690870803656 4.190800353717744 5.233342525862377 6.451362456410009 7.772605318102692 9.135137595424332 10.446059858723308 11.695049315284903 12.892428433850993 13.718208332181185 14.574955153446695 15.380090778066522 16.071682291715124 16.567151536973732 16.567154525337614 16.56715708475294 16.567159532643547 16.56716161887106 16.567163615745052 16.56716541898169 16.567166963725526 16.567168442307597 16.56716977751113 16.567170921314037 16.567172011028575 16.56717300017208 16.567173847522437 16.56717465480309 16.567175387578846 16.56717601221273 16.567176613359965 16.56717715621372 16.567177621249673 16.567178066367966 16.56717844767878 16.567178814356907 16.567179143779104 16.567179425978797 16.567179697349154 16.56717992976705 16.567180152057436 16.567180342440295
53.337023392111234 51.39646607198263 49.297299027722204 47.21148788277917 45.35773465464813 44.01953620188113 43.2523694741889 42.99325738882223 42.95380206697204 42.85150291224617 42.286246332302824 41.04369614777373 39.006219192816374 36.32023440222762 33.178956745741054 29.735767286132823 26.100895172486005 22.34849086110836 18.514779168260382 14.724997346866825 11.155778788355754 8.115551823173073 5.786322837805497 4.220287902504262 3.286847660852561 2.7609483048219423 2.575962904424417 2.653654520650756 2.9348928058762156 3.3392626391888074 3.7138827738124083 3.986697797249702 4.116050512225172 4.142388814152923 4.106491516957441 4.008186338082524 3.8473374967239478 3.5928668881409433 3.20328277677431 2.699048513831916 2.1317790571240387 1.6257381113653515 1.2536784313694882 1.047004025359951 0.9334138788649423 0.9130609688605903 0.9445529002915798 1.0383332648544334 1.2152345111336025 1.485712199124188 1.891380653521544 2.4427560503634926 3.129455974197502 3.909996194669933 4.701109164792667 5.46125027049193 6.117450868424259 6.669695070307633 7.1075678998391085 7.4517483245112635 7.681474185701342 7.796629464574874 7.807636814148296 7.745745310727374 7.694174971118591 7.75711098166402 8.059480488749413 8.684649770548036 9.715994696133526 11.174341180782267 13.00769896016146 15.15355472557712 17.486965819128027 19.914224624605097 22.310278367207108 24.571011155484015 26.64426713803339 28.48842251719105 30.113821322065377 31.478832544858033 32.61464749914705 33.61505396837945 34.53208936423964 35.52204690053424 36.689061649316514 38.10609646340044 39.84605844227314 41.87768637213754 44.14892799404691 46.55558507421188 48.972672267052715 51.2647492210247 53.327624553506 55.109231574132245 56.57829135450346 57.73482271259447 58.63090101902159 59.27693481397297 59.725029438927095 60.0064213341703 60.194050251984685 60.37124588115506 60.64219889043465 61.07982488143197 61.82998466567315 63.02810370567396 64.76795197180533 67.04952436055004 69.67488570903349 72.37317395727077 74.91518958657389 77.24884814944177 79.43665150262017 81.55152976038565 83.63515038296279 85.54166626198351 87.02104311729425 87.82325339200464 88.14623439040054 88.07333257176037 87.82332203946552 87.63581822975114 87.67750657630583 87.67752239147438 87.67753593653995 87.67754889138885 87.67755993222629 87.67757050018253 87.67758004336149 87.67758821853195 87.67759604355783 87.6776031097886 87.67760916307948 87.67761493012115 87.67762016491581 87.67762464930567 87.67762892163665 87.6776327996691 87.67763610538773 87.67763928680914 87.67764215972689 87.67764462081338 87.67764697649064 87.67764899448278 87.67765093503505 87.67765267841965 87.67765417189096 87.67765560805071 87.67765683806432 87.67765801448058 87.67765902203426
53.337023392111234 51.39646607198263 49.297299027722204 47.21148788277917 45.35773465464813 44.01953620188113 43.2523694741889 42.99325738882223 42.95380206697204 42.85150291224617 42.286246332302824 41.04369614777373 39.006219192816374 36.32023440222762 33.178956745741054 29.735767286132823 26.100895172486005 22.34849086110836 18.514779168260382 14.724997346866825 11.155778788355754 8.115551823173073 5.786322837805497 4.220287902504262 3.286847660852561 2.7609483048219423 2.575962904424417 2.653654520650756 2.9348928058762156 3.3392626391888074 3.7138827738124083 3.986697797249702 4.116050512225172 4.142388814152923 4.106491516957441 4.008186338082524 3.8473374967239478 3.5928668881409433 3.20328277677431 2.699048513831916 2.1317790571240387 1.6257381113653515 1.2536784313694882 1.047004025359951 0.9334138788649423 0.9130609688605903 0.9445529002915798 1.0383332648544334 1.2152345111336025 1.485712199124188 1.891380653521544 2.4427560503634926 3.129455974197502 3.909996194669933 4.701109164792667 5.46125027049193 6.117450868424259 6.669695070307633 7.1075678998391085 7.4517483245112635 7.681474185701342 7.796629464574874 7.807636814148296 7.745745310727374 7.694174971118591 7.75711098166402 8.059480488749413 8.684649770548036 9.715994696133526 11.174341180782267 13.00769896016146 15.15355472557712 17.486965819128027 19.914224624605097 22.310278367207108 24.571011155484015 26.64426713803339 28.48842251719105 30.113821322065377 31.478832544858033 32.61464749914705 33.61505396837945 34.53208936423964 35.52204690053424 36.689061649316514 38.10609646340044 39.84605844227314 41.87768637213754 44.14892799404691 46.55558507421188 48.972672267052715 51.2647492210247 53.327624553506 55.109231574132245 56.57829135450346 57.73482271259447 58.63090101902159 59.27693481397297 59.725029438927095 60.0064213341703 60.194050251984685 60.37124588115506 60.64219889043465 61.07982488143197 61.82998466567315 63.02810370567396 64.76795197180533 67.04952436055004 69.67488570903349 72.37317395727077 74.91518958657389 77.24884814944177 79.43665150262017 81.55152976038565 83.63515038296279 85.54166626198351 87.02104311729425 87.82325339200464 88.14623439040054 88.07333257176037 87.82332203946552 87.63581822975114 87.67750657630583 87.67752239147438 87.67753593653995 87.67754889138885 87.67755993222629 87.67757050018253 87.67758004336149 87.67758821853195 87.67759604355783 87.6776031097886 87.67760916307948 87.67761493012115 87.67762016491581 87.67762464930567 87.67762892163665 87.6776327996691 87.67763610538773 87.67763928680914 87.67764215972689 87.67764462081338 87.67764697649064 87.67764899448278 87.67765093503505 87.67765267841965 87.67765417189096 87.67765560805071 87.67765683806432 87.67765801448058 87.67765902203426
53.337023392111234 51.39646607198263 49.297299027722204 47.21148788277917 45.35773465464813 44.01953620188113 43.2523694741889 42.99325738882223 42.95380206697204 42.85150291224617 42.286246332302824 41.04369614777373 39.006219192816374 36.32023440222762 33.178956745741054 29.735767286132823 26.100895172486005 22.34849086110836 18.514779168260382 14.724997346866825 11.155778788355754 8.115551823173073 5.786322837805497 4.220287902504262 3.286847660852561 2.7609483048219423 2.575962904424417 2.653654520650756 2.9348928058762156 3.3392626391888074 3.7138827738124083 3.986697797249702 4.116050512225172 4.142388814152923 4.106491516957441 4.008186338082524 3.8473374967239478 3.5928668881409433 3.20328277677431 2.699048513831916 2.1317790571240387 1.6257381113653515 1.2536784313694882 1.047004025359951 0.9334138788649423 0.9130609688605903 0.9445529002915798 1.0383332648544334 1.2152345111336025 1.485712199124188 1.891380653521544 2.4427560503634926 3.129455974197502 3.909996194669933 4.701109164792667 5.46125027049193 6.117450868424259 6.669695070307633 7.1075678998391085 7.4517483245112635 7.681474185701342 7.796629464574874 7.807636814148296 7.745745310727374 7.694174971118591 7.75711098166402 8.059480488749413 8.684649770548036 9.715994696133526 11.174341180782267 13.00769896016146 15.15355472557712 17.486965819128027 19.914224624605097 22.310278367207108 24.571011155484015 26.64426713803339 28.48842251719105 30.113821322065377 31.478832544858033 32.61464749914705 33.61505396837945 34.53208936423964 35.52204690053424 36.689061649316514 38.10609646340044 39.84605844227314 41.87768637213754 44.14892799404691 46.55558507421188 48.972672267052715 51.2647492210247 53.327624553506 55.109231574132245 56.57829135450346 57.73482271259447 58.63090101902159 59.27693481397297 59.725029438927095 60.0064213341703 60.194050251984685 60.37124588115506 60.64219889043465 61.07982488143197 61.82998466567315 63.02810370567396 64.76795197180533 67.04952436055004 69.67488570903349 72.37317395727077 74.91518958657389 77.24884814944177 79.43665150262017 81.55152976038565 83.63515038296279 85.54166626198351 87.02104311729425 87.82325339200464 88.14623439040054 88.07333257176037 87.82332203946552 87.63581822975114 87.67750657630583 87.67752239147438 87.67753593653995 87.67754889138885 87.67755993222629 87.67757050018253 87.67758004336149 87.67758821853195 87.67759604355783 87.6776031097886 87.67760916307948 87.67761493012115 87.67762016491581 87.67762464930567 87.67762892163665 87.6776327996691 87.67763610538773 87.67763928680914 87.67764215972689 87.67764462081338 87.67764697649064 87.67764899448278 87.67765093503505 87.67765267841965 87.67765417189096 87.67765560805071 87.67765683806432 87.67765801448058 87.67765902203426
53.337023392111234 51.39646607198263 49.297299027722204 47.21148788277917 45.35773465464813 44.01953620188113 43.2523694741889 42.99325738882223 42.95380206697204 42.85150291224617 42.286246332302824 41.04369614777373 39.006219192816374 36.32023440222762 33.178956745741054 29.735767286132823 26.100895172486005 22.34849086110836 18.514779168260382 14.724997346866825 11.155778788355754 8.115551823173073 5.786322837805497 4.220287902504262 3.286847660852561 2.7609483048219423 2.575962904424417 2.653654520650756 2.9348928058762156 3.3392626391888074 3.7138827738124083 3.986697797249702 4.116050512225172 4.142388814152923 4.106491516957441 4.008186338082524 3.8473374967239478 3.5928668881409433 3.20328277677431 2.699048513831916 2.1317790571240387 1.6257381113653515 1.2536784313694882 1.047004025359951 0.9334138788649423 0.9130609688605903 0.9445529002915798 1.0383332648544334 1.2152345111336025 1.485712199124188 1.891380653521544 2.4427560503634926 3.129455974197502 3.909996194669933 4.701109164792667 5.46125027049193 6.117450868424259 6.669695070307633 7.1075678998391085 7.4517483245112635 7.681474185701342 7.796629464574874 7.807636814148296 7.745745310727374 7.694174971118591 7.75711098166402 8.059480488749413 8.684649770548036 9.715994696133526 11.174341180782267 13.00769896016146 15.15355472557712 17.486965819128027 19.914224624605097 22.310278367207108 24.571011155484015 26.64426713803339 28.48842251719105 30.113821322065377 31.478832544858033 32.61464749914705 33.61505396837945 34.53208936423964 35.52204690053424 36.689061649316514 38.10609646340044 39.84605844227314 41.87768637213754 44.14892799404691 46.55558507421188 48.972672267052715 51.2647492210247 53.327624553506 55.109231574132245 56.57829135450346 57.73482271259447 58.63090101902159 59.27693481397297 59.725029438927095 60.0064213341703 60.194050251984685 60.37124588115506 60.64219889043465 61.07982488143197 61.82998466567315 63.02810370567396 64.76795197180533 67.04952436055004 69.67488570903349 72.37317395727077 74.91518958657389 77.24884814944177 79.43665150262017 81.55152976038565 83.63515038296279 85.54166626198351 87.02104311729425 87.82325339200464 88.14623439040054 88.07333257176037 87.82332203946552 87.63581822975114 87.67750657630583 87.67752239147438 87.67753593653995 87.67754889138885 87.67755993222629 87.67757050018253 87.67758004336149 87.67758821853195 87.67759604355783 87.6776031097886 87.67760916307948 87.67761493012115 87.67762016491581 87.67762464930567 87.67762892163665 87.6776327996691 87.67763610538773 87.67763928680914 87.67764215972689 87.67764462081338 87.67764697649064 87.67764899448278 87.67765093503505 87.67765267841965 87.67765417189096 87.67765560805071 87.67765683806432 87.67765801448058 87.67765902203426
53.337023392111234 51.39646607198263 49.297299027722204 47.21148788277917 45.35773465464813 44.01953620188113 43.2523694741889 42.99325738882223 42.95380206697204 42.85150291224617 42.286246332302824 41.04369614777373 39.006219192816374 36.32023440222762 33.178956745741054 29.735767286132823 26.100895172486005 22.34849086110836 18.514779168260382 14.724997346866825 11.155778788355754 8.115551823173073 5.786322837805497 4.220287902504262 3.286847660852561 2.7609483048219423 2.575962904424417 2.653654520650756 2.9348928058762156 3.3392626391888074 3.7138827738124083 3.986697797249702 4.116050512225172 4.142388814152923 4.106491516957441 4.008186338082524 3.8473374967239478 3.5928668881409433 3.20328277677431 2.699048513831916 2.1317790571240387 1.6257381113653515 1.2536784313694882 1.047004025359951 0.9334138788649423 0.9130609688605903 0.9445529002915798 1.0383332648544334 1.2152345111336025 1.485712199124188 1.891380653521544 2.4427560503634926 3.129455974197502 3.909996194669933 4.701109164792667 5.46125027049193 6.117450868424259 6.669695070307633 7.1075678998391085 7.4517483245112635 7.681474185701342 7.796629464574874 7.807636814148296 7.745745310727374 7.694174971118591 7.75711098166402 8.059480488749413 8.684649770548036 9.715994696133526 11.174341180782267 13.00769896016146 15.15355472557712 17.486965819128027 19.914224624605097 22.310278367207108 24.571011155484015 26.64426713803339 28.48842251719105 30.113821322065377 31.478832544858033 32.61464749914705 33.61505396837945 34.53208936423964 35.52204690053424 36.689061649316514 38.10609646340044 39.84605844227314 41.87768637213754 44.14892799404691 46.55558507421188 48.972672267052715 51.2647492210247 53.327624553506 55.109231574132245 56.57829135450346 57.73482271259447 58.63090101902159 59.27693481397297 59.725029438927095 60.0064213341703 60.194050251984685 60.37124588115506 60.64219889043465 61.07982488143197 61.82998466567315 63.02810370567396 64.76795197180533 67.04952436055004 69.67488570903349 72.37317395727077 74.91518958657389 77.24884814944177 79.43665150262017 81.55152976038565 83.63515038296279 85.54166626198351 87.02104311729425 87.82325339200464 88.14623439040054 88.07333257176037 87.82332203946552 87.63581822975114 87.67750657630583 87.67752239147438 87.67753593653995 87.67754889138885 87.67755993222629 87.67757050018253 87.67758004336149 87.67758821853195 87.67759604355783 87.6776031097886 87.67760916307948 87.67761493012115 87.67762016491581 87.67762464930567 87.67762892163665 87.6776327996691 87.67763610538773 87.67763928680914 87.67764215972689 87.67764462081338 87.67764697649064 87.67764899448278 87.67765093503505 87.67765267841965 87.67765417189096 87.67765560805071 87.67765683806432 87.67765801448058 87.67765902203426
53.337023392111234 51.39646607198263 49.297299027722204 47.21148788277917 45.35773465464813 44.01953620188113 43.2523694741889 42.99325738882223 42.95380206697204 42.85150291224617 42.286246332302824 41.04369614777373 39.006219192816374 36.32023440222762 33.178956745741054 29.735767286132823 26.100895172486005 22.34849086110836 18.514779168260382 14.724997346866825 11.155778788355754 8.115551823173073 5.786322837805497 4.220287902504262 3.286847660852561 2.7609483048219423 2.575962904424417 2.653654520650756 2.9348928058762156 3.3392626391888074 3.7138827738124083 3.986697797249702 4.116050512225172 4.142388814152923 4.106491516957441 4.008186338082524 3.8473374967239478 3.5928668881409433 3.20328277677431 2.699048513831916 2.1317790571240387 1.6257381113653515 1.2536784313694882 1.047004025359951 0.9334138788649423 0.9130609688605903 0.9445529002915798 1.0383332648544334 1.2152345111336025 1.485712199124188 1.891380653521544 2.4427560503634926 3.129455974197502 3.909996194669933 4.701109164792667 5.46125027049193 6.117450868424259 6.669695070307633 7.1075678998391085 7.4517483245112635 7.681474185701342 7.796629464574874 7.807636814148296 7.745745310727374 7.694174971118591 7.75711098166402 8.059480488749413 8.684649770548036 9.715994696133526 11.174341180782267 13.00769896016146 15.15355472557712 17.486965819128027 19.914224624605097 22.310278367207108 24.571011155484015 26.64426713803339 28.48842251719105 30.113821322065377 31.478832544858033 32.61464749914705 33.61505396837945 34.53208936423964 35.52204690053424 36.689061649316514 38.10609646340044 39.84605844227314 41.87768637213754 44.14892799404691 46.55558507421188 48.972672267052715 51.2647492210247 53.327624553506 55.109231574132245 56.57829135450346 57.73482271259447 58.63090101902159 59.27693481397297 59.725029438927095 60.0064213341703 60.194050251984685 60.37124588115506 60.64219889043465 61.07982488143197 61.82998466567315 63.02810370567396 64.76795197180533 67.04952436055004 69.67488570903349 72.37317395727077 74.91518958657389 77.24884814944177 79.43665150262017 81.55152976038565 83.63515038296279 85.54166626198351 87.02104311729425 87.82325339200464 88.14623439040054 88.07333257176037 87.82332203946552 87.63581822975114 87.67750657630583 87.67752239147438 87.67753593653995 87.67754889138885 87.67755993222629 87.67757050018253 87.67758004336149 87.67758821853195 87.67759604355783 87.6776031097886 87.67760916307948 87.67761493012115 87.67762016491581 87.67762464930567 87.67762892163665 87.6776327996691 87.67763610538773 87.67763928680914 87.67764215972689 87.67764462081338 87.67764697649064 87.67764899448278 87.67765093503505 87.67765267841965 87.67765417189096 87.67765560805071 87.67765683806432 87.67765801448058 87.67765902203426