4 151 9
300.0440999999999 302.0443999999999 304.0446999999999 306.0449999999999 308.0452999999999 310.0455999999999 312.0458999999999 314.0461999999999 316.04649999999987 318.0467999999999 320.0470999999999 322.04739999999987 324.0476999999999 326.0479999999999 328.04829999999987 330.0485999999999 332.0488999999999 334.04919999999987 336.0494999999999 338.0497999999999 340.0500999999999 342.05039999999985 344.0506999999999 346.0509999999999 348.05129999999986 350.0515999999999 352.0518999999999 354.05219999999986 356.0524999999999 358.0527999999999 360.05309999999986 362.0533999999999 364.0536999999999 366.05399999999986 368.0542999999999 370.0545999999999 372.05489999999986 374.0551999999999 376.0554999999999 378.05579999999986 380.05609999999984 382.0563999999999 384.05669999999986 386.05699999999985 388.0572999999999 390.05759999999987 392.05789999999985 394.0581999999999 396.05849999999987 398.05879999999985 399.99 402.04 403.99 406.05 407.99 410.06 412.01 413.96 416.02 417.97 420.04 422.0 423.95 426.02 427.98 430.05 432.01 433.96 436.03 437.99 440.06 442.01 443.96 446.03 447.98 450.04 451.98 454.04 455.99 458.04 459.98 462.03 463.97 466.02 467.95 470.0 472.05 473.98 476.02 477.96 480.0 482.05 483.98 486.03 487.96 490.01 492.06 493.99 496.05 497.98 500.04 501.98 504.04 505.98 508.04 509.99 512.05 514.0 515.95 518.01 519.96 522.03 523.98 526.04 527.99 530.05 532.0 534.06 536.0 538.06 540.0 542.05 543.99 546.04 547.98 550.03 551.96 554.0 556.04 557.97 560.01 562.05 563.98 566.01 568.05 569.98 572.01 574.05 575.97 578.01 580.05 581.98 584.02 585.95 588.0 590.04 591.97 594.02 595.96 598.01 599.95
0.0 13.54 26.89 39.77 50.0 60.0 70.0 80.0 90.0
73.12292018086804 75.0675835511702 76.89221388575504 78.62134107420732 80.18412874903308 81.56816758522902 82.9209055032214 84.28299504895134 85.60885143116631 86.79602966946128 87.77311263705197 88.58536249470126 89.34579746363113 90.19094087603318 91.12947239686346 92.07410409908454 92.88612548835958 93.45169188353607 93.81952845179384 94.10828118784215 94.47844158833935 94.97485145046137 95.53353885418329 95.99946345585234 96.25495047190168 96.2708411533906 96.14820082636317 96.04959836485831 96.09871387519584 96.3391597078835 96.68289941268732 97.01048309116014 97.23192669754705 97.34814020063357 97.44145447141277 97.63531248416743 97.9821445807608 98.44249021825374 98.90502209081114 99.22724387147716 99.29690590404316 99.14489061188753 98.87393696634943 98.60752354718936 98.39751658857377 98.15210795734554 97.68686585152209 96.8273372300865 95.49133294868649 93.80217361213423 91.97509266624206 90.26961655163254 88.83805793334889 87.63143254227799 86.3291863835503 84.44969282784022 81.78534885056965 78.41925346387644 74.6606720385268 70.69403021278887 66.29380884814253 61.14006721536067 55.14047366014553 48.387933536028626 41.149843636102645 33.869542228479645 27.051702029528055 21.02630931764253 15.896639925662546 11.518549545181033 7.758304144568082 4.760222905144195 2.730507820386105 1.5353081938947823 0.9067800996973023 0.5770545915456538 0.4018848474158508 0.29884283988342214 0.247322031450415 0.2061047205173958 0.18549658227849075 0.16488783506786378 0.1648895344542876 0.17519685731239265 0.20611568134706848 0.3194818870653801 0.4225436413559862 0.4431582802617049 0.45346698412291225 0.44316318563427015 0.4431653460462694 0.43286108964192965 0.4225564659735014 0.40194541236547104 0.38133400512181 0.3298033625330445 0.20612765426025834 0.09275765637798435 0.06183857409985345 0.04122579323419593 0.030919400838352158 0.03091944848093633 0.03091949425867921 0.030919533265352843 0.030919570745194237 0.030919602838033355 0.03091963350872428 0.020613106514057258 0.02061312239584945 0.020613137573854832 0.020613150570304033 0.020613163048051983 0.0206131736780344 0.020613183836953992 0.020613192535713778 0.020613200848990463 0.020613207967383737 0.03091982215548958 0.03091983085053159 0.030919839205208844 0.03091984632411463 0.041226470843760174 0.04122647861894293 0.051533107569160096 0.061839738636446206 0.07214637240255117 0.09275963334122281 0.13398615319805704 0.14429279607254417 0.15459943877848958 0.1649060827478814 0.18551935804299108 0.2061326342792325 0.20613264783771687 0.20613266014487283 0.2061326706878051 0.20613268073218072 0.2061326898495489 0.20613269762139053 0.20613270510100568 0.2061327118553197 0.20613271764140634 0.20613272317967274 0.20613272792403153 0.2061327324863269 0.2061327365850753 0.20613274009627022 0.20613274347272398 0.20613274636452208 0.2061327491303113 0.20613275149909957
73.11355481914153 74.91495191211712 76.60113673135523 78.26699131527538 79.9256854457495 81.52395817429081 82.94454401160093 84.15008687638623 85.21737075229906 86.26466728139765 87.39855660516483 88.59228508414992 89.72403855966911 90.65713099374825 91.35399077579042 91.87169884524901 92.37517726998601 92.97600253606882 93.67137278270789 94.3403716267105 94.82951664004004 95.07105105138577 95.10519639218292 95.07244593379298 95.1552045914298 95.40783661464909 95.79449082531691 96.2079950872378 96.52968786962627 96.7104131389713 96.85241535283745 97.04848361336539 97.39185844067906 97.874408709292 98.37570082061654 98.75414303306839 98.90826453340956 98.82813047490963 98.61626845525579 98.38578632312422 98.19889136631109 97.98469038264135 97.5285244838714 96.6767708421626 95.3370978685243 93.66344026725285 91.87164871210595 90.22925534951617 88.84994979041142 87.64188363279376 86.21410899320345 84.17800753707125 81.29466679787508 77.79209198289524 73.86404346212797 69.6563716575437 65.01341934716916 59.61687909161288 53.41558681241528 46.53237511485277 39.276847737398924 32.09151713390864 25.44034613101483 19.643039641262106 14.668825153177865 10.466588814112269 6.964348676133993 4.244741011707831 2.4212587901864744 1.380685381255034 0.8140158347403202 0.5255202159467915 0.3606612903784492 0.2679270635790609 0.226712740227886 0.1854963276553462 0.17519426417125136 0.16489169282662966 0.17520012905897528 0.20612082677156007 0.278266617134425 0.38133291589808865 0.4431752535016392 0.4534861248602947 0.45348993460711035 0.4534935982161796 0.44319015712048876 0.43288609940659084 0.4225818011460821 0.3916631871632262 0.3504371916175427 0.26798256704356843 0.15460590990006345 0.08245678416026264 0.051535649302583975 0.041228641917261444 0.041228752461320455 0.030921635005134337 0.030921703267733646 0.03092176114797662 0.030921817065051184 0.030921864711358434 0.03092191049267866 0.030921949502400507 0.030921986985170798 0.030922019080517844 0.03092204975360556 0.020614717345346308 0.0309220998425694 0.030922122611356614 0.030922142107553847 0.030922160825638402 0.030922176771858066 0.030922192011428273 0.03092220506058761 0.030922217531477114 0.04122963761320191 0.04122965122015046 0.05153707851805723 0.061844510932328955 0.09276678775687973 0.12368907757945657 0.18553365136024147 0.2989153811095056 0.4535268551958019 0.6390606631097856 0.8349019391981988 0.9895135286881693 1.0822805398024338 1.1956624221239727 1.319351755954904 1.4636559722233935 1.6388825045822217 1.6388826123805957 1.6388827102301315 1.638882794052993 1.6388828739120194 1.6388829464007608 1.6388830081917298 1.6388830676593171 1.63888312136031 1.6388831673632933 1.638883211395952 1.6388832491165517 1.6388832853896345 1.6388833179772306 1.6388833458934116 1.6388833727383165 1.638883395729908 1.6388834177196505 1.638883436552989
72.83336633165104 74.84421095141117 76.66341187955778 78.31435454824211 79.89123952810232 81.43829306450857 82.96044264949101 84.37558521632747 85.59659628828975 86.60399521433028 87.45118967498091 88.25026276737883 89.08129484659278 89.9614291089339 90.8129954937002 91.57416079178238 92.21939911588039 92.79015991408964 93.36782459941422 94.01581610698038 94.70005123232562 95.36549977637117 95.90620948727737 96.30399878489337 96.5604121309294 96.71710433290107 96.7960850378667 96.72882668694169 96.46623685246529 95.9790153688922 95.28834063064733 94.45618355455565 93.54489084575106 92.46431879339265 91.02176674873878 89.0746412439915 86.57180634947862 83.63597234755474 80.2470707033644 76.43624699059416 72.21426635803964 67.65349251592086 62.75459394826285 57.415497149534275 51.56472972901458 45.4185391812213 39.25521837490754 33.343112890109175 27.7655654383923 22.65734609254253 18.09129519656158 14.089276004690207 10.55884853755157 7.459631945858311 4.864007591214328 2.958046635935395 1.7523967114497165 1.0721897051240132 0.7011316472169561 0.5052793858706485 0.39188817072593257 0.34035282615417306 0.30943535890402857 0.30945811521459443 0.3301094388520022 0.39202852901712143 0.5055364934700813 0.6190530292001387 0.680988699226587 0.7016515068455907 0.7119958690807625 0.70169888310406 0.6810798703791175 0.6501392817935968 0.6088746295478381 0.5676074954893048 0.4747351788017701 0.35089754709397303 0.22705486017054724 0.1444915790280178 0.11353052618444479 0.09288973010771041 0.08256949996336536 0.07224902464278313 0.07224963160841334 0.061928755964144384 0.06192920753074393 0.06192959238582221 0.061929960761872835 0.06193027789196527 0.05160881650073155 0.05160904475434348 0.061931087143455764 0.06193131162522251 0.07225342009924407 0.08257558255808965 0.09289777945881987 0.11354198990489524 0.14450830616750734 0.20644082380403223 0.2993397358230504 0.4438492577167734 0.6399696446777128 0.8670567414671274 1.0838222406130045 1.2696216568009253 1.4347771166832826 1.5689662372139836 1.6825111428103905 1.7857340001978759 1.8786346413217476 1.9612131753724884 1.9921807265394107 1.992181708358326 1.981860359685279 2.0231499331124194 2.136694799879942 2.384428317229447 2.786994920759158 3.3856836333785516 4.190816681808729 5.23336090038508 6.451382997263914 7.772627637121012 9.135161383181526 10.446084390676178 11.695074214442936 12.892453181349264 13.718232300203528 14.57497803911554 15.380112759525435 16.07170301780986 16.567170921314037 16.567172011028575 16.56717300017208 16.567173847522437 16.56717465480309 16.567175387578846 16.56717601221273 16.567176613359965 16.56717715621372 16.567177621249673 16.567178066367966 16.56717844767878 16.567178814356907 16.567179143779104 16.567179425978797 16.567179697349154 16.56717992976705 16.567180152057436 16.567180342440295
72.88402510675124 74.73290167131255 76.26101507050949 77.20601748491957 77.31299029521313 76.54423029452153 74.98060121157006 72.82153700783499 70.23031597583415 67.33678096724445 64.24168397651128 61.01315790164418 57.730705366183734 54.589264952917866 51.82719272837467 49.745781671036966 48.38025459693802 47.635774098448096 47.17585376400775 46.68347582739067 45.72479793412362 44.07721696590682 41.625485051202865 38.53524787167582 35.01601817834646 31.230067272125122 27.291008566165775 23.272855163868122 19.209281038460652 15.225812217218689 11.49973619219049 8.342344490902976 5.932860838070198 4.317129781499324 3.3551785326519443 2.812943111302131 2.6199027457583988 2.6946501661057076 2.97595303132581 3.3815665288238947 3.756484455029252 4.028102709051731 4.154752487431114 4.177649724951092 4.13813486296791 4.0361445100769275 3.8716289209753767 3.613399761693428 3.219852123516383 2.711684503296595 2.1407934869529566 1.6319689357747587 1.2580205078999924 1.0502915310150618 0.9360615593613719 0.9154095691491234 0.9467483486847067 1.0405140515300522 1.2175482346722923 1.4882681709568584 1.894347292408732 2.446205506241783 3.1334649080781825 3.914516447356845 4.706044772592156 5.466420490434377 6.122706107732112 6.674892689354066 7.1125663209637695 7.456503527903172 7.685894181424464 7.8006958690427926 7.811330770902931 7.749049749323324 7.697150192981349 7.759814883779394 8.062026100405726 8.68714602535186 9.7185040793798 11.176964699084273 13.010442263313534 15.156462201423022 17.49000845929362 19.917347118422718 22.31344975946507 24.574161169262347 26.647377122963317 28.491411001939344 30.116694391408586 31.481534592586332 32.61719567499299 33.617424453616486 34.53429876828919 35.52409823587731 36.69098548159845 38.107899942740985 39.84776055397256 41.87931071215666 44.15047527684861 46.55706544139011 48.97407930678089 51.26607437121036 53.32888096892887 55.110399730986714 56.5793844514357 57.73582656807358 58.63182140860872 59.27778023796298 59.7257954201389 60.00712278593345 60.194682996971764 60.371824008902905 60.642721101213375 61.08030390714628 61.83042071784806 63.028508206674 64.7683257584363 67.04987649240117 69.67521753965238 72.3734849037165 74.91548146925226 77.24911937394255 79.43690442541968 81.55176393541606 83.63536816760252 85.5418671515202 87.02122838805683 87.82342197202217 88.14638839673025 88.07347086495595 87.82344755788884 87.63593124519272 87.67760916307948 87.67761493012115 87.67762016491581 87.67762464930567 87.67762892163665 87.6776327996691 87.67763610538773 87.67763928680914 87.67764215972689 87.67764462081338 87.67764697649064 87.67764899448278 87.67765093503505 87.67765267841965 87.67765417189096 87.67765560805071 87.67765683806432 87.67765801448058 87.67765902203426
72.88402510675124 74.73290167131255 76.26101507050949 77.20601748491957 77.31299029521313 76.54423029452153 74.98060121157006 72.82153700783499 70.23031597583415 67.33678096724445 64.24168397651128 61.01315790164418 57.730705366183734 54.589264952917866 51.82719272837467 49.745781671036966 48.38025459693802 47.635774098448096 47.17585376400775 46.68347582739067 45.72479793412362 44.07721696590682 41.625485051202865 38.53524787167582 35.01601817834646 31.230067272125122 27.291008566165775 23.272855163868122 19.209281038460652 15.225812217218689 11.49973619219049 8.342344490902976 5.932860838070198 4.317129781499324 3.3551785326519443 2.812943111302131 2.6199027457583988 2.6946501661057076 2.97595303132581 3.3815665288238947 3.756484455029252 4.028102709051731 4.154752487431114 4.177649724951092 4.13813486296791 4.0361445100769275 3.8716289209753767 3.613399761693428 3.219852123516383 2.711684503296595 2.1407934869529566 1.6319689357747587 1.2580205078999924 1.0502915310150618 0.9360615593613719 0.9154095691491234 0.9467483486847067 1.0405140515300522 1.2175482346722923 1.4882681709568584 1.894347292408732 2.446205506241783 3.1334649080781825 3.914516447356845 4.706044772592156 5.466420490434377 6.122706107732112 6.674892689354066 7.1125663209637695 7.456503527903172 7.685894181424464 7.8006958690427926 7.811330770902931 7.749049749323324 7.697150192981349 7.759814883779394 8.062026100405726 8.68714602535186 9.7185040793798 11.176964699084273 13.010442263313534 15.156462201423022 17.49000845929362 19.917347118422718 22.31344975946507 24.574161169262347 26.647377122963317 28.491411001939344 30.116694391408586 31.481534592586332 32.61719567499299 33.617424453616486 34.53429876828919 35.52409823587731 36.69098548159845 38.107899942740985 39.84776055397256 41.87931071215666 44.15047527684861 46.55706544139011 48.97407930678089 51.26607437121036 53.32888096892887 55.110399730986714 56.5793844514357 57.73582656807358 58.63182140860872 59.27778023796298 59.7257954201389 60.00712278593345 60.194682996971764 60.371824008902905 60.642721101213375 61.08030390714628 61.83042071784806 63.028508206674 64.7683257584363 67.04987649240117 69.67521753965238 72.3734849037165 74.91548146925226 77.24911937394255 79.43690442541968 81.55176393541606 83.63536816760252 85.5418671515202 87.02122838805683 87.82342197202217 88.14638839673025 88.07347086495595 87.82344755788884 87.63593124519272 87.67760916307948 87.67761493012115 87.67762016491581 87.67762464930567 87.67762892163665 87.6776327996691 87.67763610538773 87.67763928680914 87.67764215972689 87.67764462081338 87.67764697649064 87.67764899448278 87.67765093503505 87.67765267841965 87.67765417189096 87.67765560805071 87.67765683806432 87.67765801448058 87.67765902203426
72.88402510675124 74.73290167131255 76.26101507050949 77.20601748491957 77.31299029521313 76.54423029452153 74.98060121157006 72.82153700783499 70.23031597583415 67.33678096724445 64.24168397651128 61.01315790164418 57.730705366183734 54.589264952917866 51.82719272837467 49.745781671036966 48.38025459693802 47.635774098448096 47.17585376400775 46.68347582739067 45.72479793412362 44.07721696590682 41.625485051202865 38.53524787167582 35.01601817834646 31.230067272125122 27.291008566165775 23.272855163868122 19.209281038460652 15.225812217218689 11.49973619219049 8.342344490902976 5.932860838070198 4.317129781499324 3.3551785326519443 2.812943111302131 2.6199027457583988 2.6946501661057076 2.97595303132581 3.3815665288238947 3.756484455029252 4.028102709051731 4.154752487431114 4.177649724951092 4.13813486296791 4.0361445100769275 3.8716289209753767 3.613399761693428 3.219852123516383 2.711684503296595 2.1407934869529566 1.6319689357747587 1.2580205078999924 1.0502915310150618 0.9360615593613719 0.9154095691491234 0.9467483486847067 1.0405140515300522 1.2175482346722923 1.4882681709568584 1.894347292408732 2.446205506241783 3.1334649080781825 3.914516447356845 4.706044772592156 5.466420490434377 6.122706107732112 6.674892689354066 7.1125663209637695 7.456503527903172 7.685894181424464 7.8006958690427926 7.811330770902931 7.749049749323324 7.697150192981349 7.759814883779394 8.062026100405726 8.68714602535186 9.7185040793798 11.176964699084273 13.010442263313534 15.156462201423022 17.49000845929362 19.917347118422718 22.31344975946507 24.574161169262347 26.647377122963317 28.491411001939344 30.116694391408586 31.481534592586332 32.61719567499299 33.617424453616486 34.53429876828919 35.52409823587731 36.69098548159845 38.107899942740985 39.84776055397256 41.87931071215666 44.15047527684861 46.55706544139011 48.97407930678089 51.26607437121036 53.32888096892887 55.110399730986714 56.5793844514357 57.73582656807358 58.63182140860872 59.27778023796298 59.7257954201389 60.00712278593345 60.194682996971764 60.371824008902905 60.642721101213375 61.08030390714628 61.83042071784806 63.028508206674 64.7683257584363 67.04987649240117 69.67521753965238 72.3734849037165 74.91548146925226 77.24911937394255 79.43690442541968 81.55176393541606 83.63536816760252 85.5418671515202 87.02122838805683 87.82342197202217 88.14638839673025 88.07347086495595 87.82344755788884 87.63593124519272 87.67760916307948 87.67761493012115 87.67762016491581 87.67762464930567 87.67762892163665 87.6776327996691 87.67763610538773 87.67763928680914 87.67764215972689 87.67764462081338 87.67764697649064 87.67764899448278 87.67765093503505 87.67765267841965 87.67765417189096 87.67765560805071 87.67765683806432 87.67765801448058 87.67765902203426
72.88402510675124 74.73290167131255 76.26101507050949 77.20601748491957 77.31299029521313 76.54423029452153 74.98060121157006 72.82153700783499 70.23031597583415 67.33678096724445 64.24168397651128 61.01315790164418 57.730705366183734 54.589264952917866 51.82719272837467 49.745781671036966 48.38025459693802 47.635774098448096 47.17585376400775 46.68347582739067 45.72479793412362 44.07721696590682 41.625485051202865 38.53524787167582 35.01601817834646 31.230067272125122 27.291008566165775 23.272855163868122 19.209281038460652 15.225812217218689 11.49973619219049 8.342344490902976 5.932860838070198 4.317129781499324 3.3551785326519443 2.812943111302131 2.6199027457583988 2.6946501661057076 2.97595303132581 3.3815665288238947 3.756484455029252 4.028102709051731 4.154752487431114 4.177649724951092 4.13813486296791 4.0361445100769275 3.8716289209753767 3.613399761693428 3.219852123516383 2.711684503296595 2.1407934869529566 1.6319689357747587 1.2580205078999924 1.0502915310150618 0.9360615593613719 0.9154095691491234 0.9467483486847067 1.0405140515300522 1.2175482346722923 1.4882681709568584 1.894347292408732 2.446205506241783 3.1334649080781825 3.914516447356845 4.706044772592156 5.466420490434377 6.122706107732112 6.674892689354066 7.1125663209637695 7.456503527903172 7.685894181424464 7.8006958690427926 7.811330770902931 7.749049749323324 7.697150192981349 7.759814883779394 8.062026100405726 8.68714602535186 9.7185040793798 11.176964699084273 13.010442263313534 15.156462201423022 17.49000845929362 19.917347118422718 22.31344975946507 24.574161169262347 26.647377122963317 28.491411001939344 30.116694391408586 31.481534592586332 32.61719567499299 33.617424453616486 34.53429876828919 35.52409823587731 36.69098548159845 38.107899942740985 39.84776055397256 41.87931071215666 44.15047527684861 46.55706544139011 48.97407930678089 51.26607437121036 53.32888096892887 55.110399730986714 56.5793844514357 57.73582656807358 58.63182140860872 59.27778023796298 59.7257954201389 60.00712278593345 60.194682996971764 60.371824008902905 60.642721101213375 61.08030390714628 61.83042071784806 63.028508206674 64.7683257584363 67.04987649240117 69.67521753965238 72.3734849037165 74.91548146925226 77.24911937394255 79.43690442541968 81.55176393541606 83.63536816760252 85.5418671515202 87.02122838805683 87.82342197202217 88.14638839673025 88.07347086495595 87.82344755788884 87.63593124519272 87.67760916307948 87.67761493012115 87.67762016491581 87.67762464930567 87.67762892163665 87.6776327996691 87.67763610538773 87.67763928680914 87.67764215972689 87.67764462081338 87.67764697649064 87.67764899448278 87.67765093503505 87.67765267841965 87.67765417189096 87.67765560805071 87.67765683806432 87.67765801448058 87.67765902203426
72.88402510675124 74.73290167131255 76.26101507050949 77.20601748491957 77.31299029521313 76.54423029452153 74.98060121157006 72.82153700783499 70.23031597583415 67.33678096724445 64.24168397651128 61.01315790164418 57.730705366183734 54.589264952917866 51.82719272837467 49.745781671036966 48.38025459693802 47.635774098448096 47.17585376400775 46.68347582739067 45.72479793412362 44.07721696590682 41.625485051202865 38.53524787167582 35.01601817834646 31.230067272125122 27.291008566165775 23.272855163868122 19.209281038460652 15.225812217218689 11.49973619219049 8.342344490902976 5.932860838070198 4.317129781499324 3.3551785326519443 2.812943111302131 2.6199027457583988 2.6946501661057076 2.97595303132581 3.3815665288238947 3.756484455029252 4.028102709051731 4.154752487431114 4.177649724951092 4.13813486296791 4.0361445100769275 3.8716289209753767 3.613399761693428 3.219852123516383 2.711684503296595 2.1407934869529566 1.6319689357747587 1.2580205078999924 1.0502915310150618 0.9360615593613719 0.9154095691491234 0.9467483486847067 1.0405140515300522 1.2175482346722923 1.4882681709568584 1.894347292408732 2.446205506241783 3.1334649080781825 3.914516447356845 4.706044772592156 5.466420490434377 6.122706107732112 6.674892689354066 7.1125663209637695 7.456503527903172 7.685894181424464 7.8006958690427926 7.811330770902931 7.749049749323324 7.697150192981349 7.759814883779394 8.062026100405726 8.68714602535186 9.7185040793798 11.176964699084273 13.010442263313534 15.156462201423022 17.49000845929362 19.917347118422718 22.31344975946507 24.574161169262347 26.647377122963317 28.491411001939344 30.116694391408586 31.481534592586332 32.61719567499299 33.617424453616486 34.53429876828919 35.52409823587731 36.69098548159845 38.107899942740985 39.84776055397256 41.87931071215666 44.15047527684861 46.55706544139011 48.97407930678089 51.26607437121036 53.32888096892887 55.110399730986714 56.5793844514357 57.73582656807358 58.63182140860872 59.27778023796298 59.7257954201389 60.00712278593345 60.194682996971764 60.371824008902905 60.642721101213375 61.08030390714628 61.83042071784806 63.028508206674 64.7683257584363 67.04987649240117 69.67521753965238 72.3734849037165 74.91548146925226 77.24911937394255 79.43690442541968 81.55176393541606 83.63536816760252 85.5418671515202 87.02122838805683 87.82342197202217 88.14638839673025 88.07347086495595 87.82344755788884 87.63593124519272 87.67760916307948 87.67761493012115 87.67762016491581 87.67762464930567 87.67762892163665 87.6776327996691 87.67763610538773 87.67763928680914 87.67764215972689 87.67764462081338 87.67764697649064 87.67764899448278 87.67765093503505 87.67765267841965 87.67765417189096 87.67765560805071 87.67765683806432 87.67765801448058 87.67765902203426
72.88402510675124 74.73290167131255 76.26101507050949 77.20601748491957 77.31299029521313 76.54423029452153 74.98060121157006 72.82153700783499 70.23031597583415 67.33678096724445 64.24168397651128 61.01315790164418 57.730705366183734 54.589264952917866 51.82719272837467 49.745781671036966 48.38025459693802 47.635774098448096 47.17585376400775 46.68347582739067 45.72479793412362 44.07721696590682 41.625485051202865 38.53524787167582 35.01601817834646 31.230067272125122 27.291008566165775 23.272855163868122 19.209281038460652 15.225812217218689 11.49973619219049 8.342344490902976 5.932860838070198 4.317129781499324 3.3551785326519443 2.812943111302131 2.6199027457583988 2.6946501661057076 2.97595303132581 3.3815665288238947 3.756484455029252 4.028102709051731 4.154752487431114 4.177649724951092 4.13813486296791 4.0361445100769275 3.8716289209753767 3.613399761693428 3.219852123516383 2.711684503296595 2.1407934869529566 1.6319689357747587 1.2580205078999924 1.0502915310150618 0.9360615593613719 0.9154095691491234 0.9467483486847067 1.0405140515300522 1.2175482346722923 1.4882681709568584 1.894347292408732 2.446205506241783 3.1334649080781825 3.914516447356845 4.706044772592156 5.466420490434377 6.122706107732112 6.674892689354066 7.1125663209637695 7.456503527903172 7.685894181424464 7.8006958690427926 7.811330770902931 7.749049749323324 7.697150192981349 7.759814883779394 8.062026100405726 8.68714602535186 9.7185040793798 11.176964699084273 13.010442263313534 15.156462201423022 17.49000845929362 19.917347118422718 22.31344975946507 24.574161169262347 26.647377122963317 28.491411001939344 30.116694391408586 31.481534592586332 32.61719567499299 33.617424453616486 34.53429876828919 35.52409823587731 36.69098548159845 38.107899942740985 39.84776055397256 41.87931071215666 44.15047527684861 46.55706544139011 48.97407930678089 51.26607437121036 53.32888096892887 55.110399730986714 56.5793844514357 57.73582656807358 58.63182140860872 59.27778023796298 59.7257954201389 60.00712278593345 60.194682996971764 60.371824008902905 60.642721101213375 61.08030390714628 61.83042071784806 63.028508206674 64.7683257584363 67.04987649240117 69.67521753965238 72.3734849037165 74.91548146925226 77.24911937394255 79.43690442541968 81.55176393541606 83.63536816760252 85.5418671515202 87.02122838805683 87.82342197202217 88.14638839673025 88.07347086495595 87.82344755788884 87.63593124519272 87.67760916307948 87.67761493012115 87.67762016491581 87.67762464930567 87.67762892163665 87.6776327996691 87.67763610538773 87.67763928680914 87.67764215972689 87.67764462081338 87.67764697649064 87.67764899448278 87.67765093503505 87.67765267841965 87.67765417189096 87.67765560805071 87.67765683806432 87.67765801448058 87.67765902203426