4 151 9
300.0440999999999 302.0443999999999 304.0446999999999 306.0449999999999 308.0452999999999 310.0455999999999 312.0458999999999 314.0461999999999 316.04649999999987 318.0467999999999 320.0470999999999 322.04739999999987 324.0476999999999 326.0479999999999 328.04829999999987 330.0485999999999 332.0488999999999 334.04919999999987 336.0494999999999 338.0497999999999 340.0500999999999 342.05039999999985 344.0506999999999 346.0509999999999 348.05129999999986 350.0515999999999 352.0518999999999 354.05219999999986 356.0524999999999 358.0527999999999 360.05309999999986 362.0533999999999 364.0536999999999 366.05399999999986 368.0542999999999 370.0545999999999 372.05489999999986 374.0551999999999 376.0554999999999 378.05579999999986 380.05609999999984 382.0563999999999 384.05669999999986 386.05699999999985 388.0572999999999 390.05759999999987 392.05789999999985 394.0581999999999 396.05849999999987 398.05879999999985 399.99 402.04 403.99 406.05 407.99 410.06 412.01 413.96 416.02 417.97 420.04 422.0 423.95 426.02 427.98 430.05 432.01 433.96 436.03 437.99 440.06 442.01 443.96 446.03 447.98 450.04 451.98 454.04 455.99 458.04 459.98 462.03 463.97 466.02 467.95 470.0 472.05 473.98 476.02 477.96 480.0 482.05 483.98 486.03 487.96 490.01 492.06 493.99 496.05 497.98 500.04 501.98 504.04 505.98 508.04 509.99 512.05 514.0 515.95 518.01 519.96 522.03 523.98 526.04 527.99 530.05 532.0 534.06 536.0 538.06 540.0 542.05 543.99 546.04 547.98 550.03 551.96 554.0 556.04 557.97 560.01 562.05 563.98 566.01 568.05 569.98 572.01 574.05 575.97 578.01 580.05 581.98 584.02 585.95 588.0 590.04 591.97 594.02 595.96 598.01 599.95
0.0 13.54 26.89 39.77 50.0 60.0 70.0 80.0 90.0
72.75349827254115 74.66151583898615 76.47627608810272 78.27708197810945 79.91944006325126 81.45014832663114 82.89516965421357 84.25684186472017 85.52922352057512 86.69737743487107 87.73679022338052 88.64965461885501 89.47572798866393 90.2658969872952 91.10111848510338 91.99789170045105 92.86693414011819 93.62555549634266 94.23736788456723 94.7433557598116 95.2345047771049 95.69965728931055 96.0929562276861 96.45161870975906 96.69383314762848 96.81112648100265 96.98095681807642 97.24657210089542 97.55047791191723 97.77374031594971 97.83677823733622 97.7911903652006 97.75997475898542 97.88709887927492 98.17455632323532 98.52216487361434 98.77808368483281 98.82040805785483 98.70056726478361 98.54178915043488 98.50859146393475 98.64291710083334 98.87393696634943 99.03825843943916 99.013142344081 98.76799652432322 98.405680169782 98.0908384479202 97.94720603323788 98.01638478690687 98.20546446992446 98.39367636887904 98.48609525434938 98.48505561484237 98.47083595835235 98.56923688825906 98.82996723674424 99.21301718099778 99.6059020922155 99.86329726679861 99.87319851167048 99.6654152788042 99.34348317627264 99.03149871198708 98.7802253993052 98.49773807442894 97.9980355700306 97.10631632929862 95.74042438702661 94.02350907810565 92.17236238686061 90.4442351977397 88.99394733839544 87.7701690979581 86.453239050686 84.55910675399348 81.88146147606025 78.50292255972104 74.7324738366004 70.75575055362198 66.34594426160686 61.1836922998692 55.176160466765985 48.416166803154155 41.17160734907693 33.88569176357967 27.063404931727312 21.03455930265441 15.902262647764854 11.522242826491025 7.760546641228857 4.761471986061226 2.731157645926289 1.5356376010885946 0.9069565527221426 0.5771558844328277 0.40194892580750374 0.298885781662394 0.2473542963994138 0.20612896617097967 0.18551640503011296 0.16490372523166047 0.16490396937962246 0.1752106885036661 0.20613047163462825 0.319502562659678 0.4225683246192318 0.44318179005223096 0.4534886927086879 0.4431824578378788 0.4431827372615366 0.4328764240090916 0.4225700603997051 0.40195708482060283 0.38134406191070486 0.3298112135838474 0.20613207967383737 0.09275946646646875 0.06183966170106318 0.0412264522736118 0.03091984632411463 0.030919853132820124 0.03091985896420719 0.030919864541496055 0.030919869318223103 0.03091987388680764 0.0309198777804076 0.02061325433816262 0.020613256581792024 0.020613258503798613 0.020613260343485176 0.02061326200477679 0.020613263427923252 0.020613264783771686 0.020613266014487285 0.020613267068780514 0.020613268073218075 0.030919903477432332 0.030919904643208575 0.030919905765150846 0.03091990677829795 0.04122654352828127 0.04122654463593455 0.05153318198100788 0.06183981974589806 0.07214645780477635 0.0927597330433216 0.1339862832572706 0.14429292245516545 0.15459956184773346 0.16490620119927968
72.7214846066433 74.6286625895858 76.44262429114549 78.16974510531645 79.8346915997649 81.405929692963 82.85017185767792 84.15880528571864 85.33239783357618 86.39920356848654 87.42580054425622 88.47287609440455 89.55697197292305 90.61027976326052 91.5524836683193 92.33853626549345 93.00854125293002 93.6425318010027 94.26416806642459 94.79693892410474 95.22230743072053 95.50507535583284 95.72919424395418 96.0169071241841 96.38217703767634 96.75865548648733 97.00860346697016 97.09322130719565 97.1043893745948 97.17517275079672 97.41927731560489 97.79883235303618 98.17383686611517 98.3930698527016 98.41643188399327 98.30558493526154 98.23472496890224 98.31739078253283 98.54470367408364 98.78481353470929 98.87464226091818 98.74283206899803 98.43061720560574 98.08189683467015 97.88188317380835 97.88260663615254 98.04366535373079 98.2526014075797 98.38646996222518 98.39410158727445 98.37764995193449 98.43221870950629 98.64808991416196 99.01747034034965 99.41495178150156 99.69876953998609 99.7641007461627 99.60167591285696 99.31510223449455 99.01644591821736 98.76881139207998 98.49912383462845 97.99168141314782 97.09244449844606 95.70790343973 93.99326411413419 92.1642947584241 90.48922404327641 89.08171702107342 87.84868328791357 86.3990224594631 84.34084250048016 81.43731936745384 77.91525106620304 73.97018406162572 69.74661919841019 65.0898219120955 59.68048707243827 53.4669570328214 46.57300080903399 39.30773621298878 32.11441529563363 25.45681107323369 19.65450091155868 14.676583338193755 10.471579449719057 6.967361539847684 4.246406498940844 2.422115201690959 1.3811280810492716 0.8142511216995847 0.5256581122777688 0.360747123100148 0.26798454852085357 0.2267568569313695 0.1855288886276765 0.17522219796061195 0.1649153866940498 0.17522298518382398 0.20614507431984413 0.2782963535854607 0.3813696647734207 0.44321405039506073 0.45352192603520747 0.45352247578250504 0.4535229465142617 0.44321604646834634 0.4329090642522724 0.4226020311817818 0.3916802197438504 0.35045094388561027 0.26799206048886615 0.15461088385929034 0.08245917869714206 0.051537008434312685 0.04122962337530282 0.04122963761320191 0.030922238415112845 0.030922247110834335 0.030922255466164478 0.030922262585626574 0.030922269394864144 0.03092227522670691 0.030922280804431615 0.030922285581531945 0.0309222901504735 0.03092229404437773 0.020614865181003528 0.030922301137212397 0.030922304020447572 0.030922306780193063 0.030922309272325216 0.03092231140721173 0.030922313441143313 0.030922315287360974 0.0309223168689244 0.04122975783426464 0.041229759657880775 0.05153720151546321 0.06184464406261574 0.09276696913360244 0.12368929565005987 0.18553394845991908 0.29891581273194967 0.4535274500449303 0.6390614195886056 0.8349028365872098 0.989514489200493 1.0822814877461657 1.1956633739338332 1.319352703640142
72.78051192937843 74.68923795016589 76.50467202682032 78.34681645686315 80.09005638300428 81.69157409207807 83.15804933765779 84.49781805914914 85.71178839509594 86.8105801437982 87.79677465913745 88.71938549003218 89.62968762580283 90.51506677634049 91.32413805745462 91.99396315423688 92.53653544047648 93.04167619409031 93.59165824187686 94.22130446441653 94.85739295815294 95.41489147917642 95.80702010938175 96.07501171035055 96.34063879481512 96.65698180637834 97.02719787456047 97.35340357244371 97.53651329231887 97.5574178986779 97.47794505364944 97.42126693425145 97.47056249898652 97.63800245316172 97.8336130615505 97.98720993235878 98.0690654857274 98.12087166802165 98.22536314468974 98.44496797394487 98.73965427061219 99.04865282813164 99.25963829310543 99.35243361850539 99.32735702683438 99.22583525965322 99.06877616072423 98.78450168800627 98.32179844269832 97.64997048335229 96.78894413641369 95.80295716054701 94.75150131551156 93.54419673542486 91.98332999826081 89.92667908897673 87.32089730994441 84.29060604898012 80.81573310127206 76.92620854275586 72.63337859007218 68.00868289880657 63.05261163267756 57.662362134986104 51.76528637997959 45.578474768359015 39.3802611341898 33.43918112729416 27.83799258353533 22.71080833186978 18.130097709781154 14.116530471858148 10.577376774827204 7.471441905056573 4.870997036382705 2.9618791128260082 1.7544560955717587 1.0733336734639174 0.7018059314362369 0.5057205265980622 0.3921963631826274 0.34059567706160493 0.3096356248626201 0.3096386770404991 0.33028403020988956 0.3922154544395811 0.5057551948344088 0.6192959238582221 0.6812295683806012 0.7018764827756065 0.7122016677100954 0.7018830086590715 0.6812419585780135 0.6502787720648364 0.608993112265057 0.5677071300868664 0.47481087278952383 0.35094796879694895 0.2270844811203687 0.14450857666282257 0.11354265841563982 0.09289868184769677 0.08257672834551134 0.07225472845559396 0.07225481604086696 0.0619327637463866 0.06193282518057335 0.06193287778476251 0.06193292550222297 0.061932971105128645 0.051610841794553504 0.05161087303611812 0.061933079581536085 0.061933110104403916 0.07225532561352581 0.08257754829030284 0.09289977390782359 0.11354420558235463 0.14451084774306744 0.20644412398649709 0.29934404870062353 0.4438550665020875 0.6399771933285803 0.8670660312326227 1.0838327064791642 1.2696327866138042 1.434788451727774 1.5689774888431451 1.6825220955102898 1.7857444764638728 1.878644645794382 1.9612225904841833 1.9921894005069216 1.9921895315442457 1.9818674243196506 2.0231564324700293 2.1367010302456317 2.384434588492656 2.787001572147936 3.3856909216087647 4.190824875652816 5.233370127086347 6.451393328024909 7.772638860499765 9.13517336492577 10.446096756077539 11.695086784818677 12.89246569594336 13.718244315676266 14.574989641560808 15.380123807000647
72.67064653052904 74.57649124504357 76.38918484373723 78.15614458318508 79.85469561042291 81.44381088222607 82.92349825213883 84.25938248655835 85.48727752616817 86.60953222415907 87.6473553781549 88.59533868767353 89.49478862421074 90.34125579213801 91.15853880445181 91.9324385624061 92.65769289585984 93.33838909226557 93.93917663938583 94.46317882144949 94.92337040198792 95.27298921651337 95.3041408579729 94.71531849763136 93.23153472363077 90.84834660152201 87.69429619904699 84.0222258952408 80.0267819602289 75.85334215258244 71.607343068631 67.35367075456308 63.1675183347474 59.24746681086216 55.83387588845644 53.22953887540955 51.449113763161 50.37240674494156 49.630216699506484 48.88276752828915 47.67527240859439 45.77954261367018 43.080949732515144 39.755053834212006 36.01940445886605 32.04013945274435 27.931778622908148 23.76744843251798 19.57877823493026 15.490887334924226 11.68083436570448 8.461291170195246 6.009387219555336 4.3675489408547135 3.3906229816867466 2.839850140655803 2.6425723139111597 2.715741674493436 2.997041808424104 3.4032426007195293 3.7782860832108223 4.049250816715122 4.1744831499646216 4.195612043310661 4.1542297881952885 4.050357277674234 3.883961527523942 3.6238106956243605 3.228251185210496 2.718082989920011 2.145385096711978 1.6351258363681151 1.260228031039006 1.0519543342495372 0.9374066540843322 0.9165955835873647 0.9478609497893036 1.0416242236632924 1.2187191610797818 1.4895675228043346 1.8958370631890014 2.447950939748736 3.135492880433222 3.916800479355095 4.708533749429603 5.469026966453044 6.125354866420027 6.677511682721433 7.115082071716383 7.458894364093917 7.688115748369476 7.802742769060658 7.8131897665812655 7.750712342373231 7.698648004230908 7.761176997633143 8.063311547392095 8.688394311925038 9.71977192857474 11.178279529785543 13.01183260033383 15.157922822619604 17.491539587191163 19.9189195246969 22.315050910509164 24.575751511022297 26.64893375323758 28.492922486964634 30.11813615203586 31.482903656092166 32.618475677313704 33.618615371307975 34.53540980081125 35.52512985218639 36.691953120178745 38.10880711074603 39.84861605694368 41.88012795205916 44.15125178424743 46.55780970702591 48.974784923787354 51.26674530535014 53.329510000488305 55.11099019140916 56.57993080695682 57.736332694400794 58.632284612472624 59.27820534054641 59.726184219176744 60.00747482637169 60.195003557471146 60.37211383332047 60.642985140005436 61.080543766076566 61.83064112152749 63.02871068539678 64.76851461570998 67.0500528396709 69.67538382519406 72.37364069931833 74.91562794327425 77.24925556836162 79.4370316297221 81.55188169306217 83.63547786436091 85.54196841046861 87.02132192226773 87.82350722146715 88.14646560205114 88.07354097604788 87.82351064112986
72.67064653052904 74.57649124504357 76.38918484373723 78.15614458318508 79.85469561042291 81.44381088222607 82.92349825213883 84.25938248655835 85.48727752616817 86.60953222415907 87.6473553781549 88.59533868767353 89.49478862421074 90.34125579213801 91.15853880445181 91.9324385624061 92.65769289585984 93.33838909226557 93.93917663938583 94.46317882144949 94.92337040198792 95.27298921651337 95.3041408579729 94.71531849763136 93.23153472363077 90.84834660152201 87.69429619904699 84.0222258952408 80.0267819602289 75.85334215258244 71.607343068631 67.35367075456308 63.1675183347474 59.24746681086216 55.83387588845644 53.22953887540955 51.449113763161 50.37240674494156 49.630216699506484 48.88276752828915 47.67527240859439 45.77954261367018 43.080949732515144 39.755053834212006 36.01940445886605 32.04013945274435 27.931778622908148 23.76744843251798 19.57877823493026 15.490887334924226 11.68083436570448 8.461291170195246 6.009387219555336 4.3675489408547135 3.3906229816867466 2.839850140655803 2.6425723139111597 2.715741674493436 2.997041808424104 3.4032426007195293 3.7782860832108223 4.049250816715122 4.1744831499646216 4.195612043310661 4.1542297881952885 4.050357277674234 3.883961527523942 3.6238106956243605 3.228251185210496 2.718082989920011 2.145385096711978 1.6351258363681151 1.260228031039006 1.0519543342495372 0.9374066540843322 0.9165955835873647 0.9478609497893036 1.0416242236632924 1.2187191610797818 1.4895675228043346 1.8958370631890014 2.447950939748736 3.135492880433222 3.916800479355095 4.708533749429603 5.469026966453044 6.125354866420027 6.677511682721433 7.115082071716383 7.458894364093917 7.688115748369476 7.802742769060658 7.8131897665812655 7.750712342373231 7.698648004230908 7.761176997633143 8.063311547392095 8.688394311925038 9.71977192857474 11.178279529785543 13.01183260033383 15.157922822619604 17.491539587191163 19.9189195246969 22.315050910509164 24.575751511022297 26.64893375323758 28.492922486964634 30.11813615203586 31.482903656092166 32.618475677313704 33.618615371307975 34.53540980081125 35.52512985218639 36.691953120178745 38.10880711074603 39.84861605694368 41.88012795205916 44.15125178424743 46.55780970702591 48.974784923787354 51.26674530535014 53.329510000488305 55.11099019140916 56.57993080695682 57.736332694400794 58.632284612472624 59.27820534054641 59.726184219176744 60.00747482637169 60.195003557471146 60.37211383332047 60.642985140005436 61.080543766076566 61.83064112152749 63.02871068539678 64.76851461570998 67.0500528396709 69.67538382519406 72.37364069931833 74.91562794327425 77.24925556836162 79.4370316297221 81.55188169306217 83.63547786436091 85.54196841046861 87.02132192226773 87.82350722146715 88.14646560205114 88.07354097604788 87.82351064112986
72.67064653052904 74.57649124504357 76.38918484373723 78.15614458318508 79.85469561042291 81.44381088222607 82.92349825213883 84.25938248655835 85.48727752616817 86.60953222415907 87.6473553781549 88.59533868767353 89.49478862421074 90.34125579213801 91.15853880445181 91.9324385624061 92.65769289585984 93.33838909226557 93.93917663938583 94.46317882144949 94.92337040198792 95.27298921651337 95.3041408579729 94.71531849763136 93.23153472363077 90.84834660152201 87.69429619904699 84.0222258952408 80.0267819602289 75.85334215258244 71.607343068631 67.35367075456308 63.1675183347474 59.24746681086216 55.83387588845644 53.22953887540955 51.449113763161 50.37240674494156 49.630216699506484 48.88276752828915 47.67527240859439 45.77954261367018 43.080949732515144 39.755053834212006 36.01940445886605 32.04013945274435 27.931778622908148 23.76744843251798 19.57877823493026 15.490887334924226 11.68083436570448 8.461291170195246 6.009387219555336 4.3675489408547135 3.3906229816867466 2.839850140655803 2.6425723139111597 2.715741674493436 2.997041808424104 3.4032426007195293 3.7782860832108223 4.049250816715122 4.1744831499646216 4.195612043310661 4.1542297881952885 4.050357277674234 3.883961527523942 3.6238106956243605 3.228251185210496 2.718082989920011 2.145385096711978 1.6351258363681151 1.260228031039006 1.0519543342495372 0.9374066540843322 0.9165955835873647 0.9478609497893036 1.0416242236632924 1.2187191610797818 1.4895675228043346 1.8958370631890014 2.447950939748736 3.135492880433222 3.916800479355095 4.708533749429603 5.469026966453044 6.125354866420027 6.677511682721433 7.115082071716383 7.458894364093917 7.688115748369476 7.802742769060658 7.8131897665812655 7.750712342373231 7.698648004230908 7.761176997633143 8.063311547392095 8.688394311925038 9.71977192857474 11.178279529785543 13.01183260033383 15.157922822619604 17.491539587191163 19.9189195246969 22.315050910509164 24.575751511022297 26.64893375323758 28.492922486964634 30.11813615203586 31.482903656092166 32.618475677313704 33.618615371307975 34.53540980081125 35.52512985218639 36.691953120178745 38.10880711074603 39.84861605694368 41.88012795205916 44.15125178424743 46.55780970702591 48.974784923787354 51.26674530535014 53.329510000488305 55.11099019140916 56.57993080695682 57.736332694400794 58.632284612472624 59.27820534054641 59.726184219176744 60.00747482637169 60.195003557471146 60.37211383332047 60.642985140005436 61.080543766076566 61.83064112152749 63.02871068539678 64.76851461570998 67.0500528396709 69.67538382519406 72.37364069931833 74.91562794327425 77.24925556836162 79.4370316297221 81.55188169306217 83.63547786436091 85.54196841046861 87.02132192226773 87.82350722146715 88.14646560205114 88.07354097604788 87.82351064112986
72.67064653052904 74.57649124504357 76.38918484373723 78.15614458318508 79.85469561042291 81.44381088222607 82.92349825213883 84.25938248655835 85.48727752616817 86.60953222415907 87.6473553781549 88.59533868767353 89.49478862421074 90.34125579213801 91.15853880445181 91.9324385624061 92.65769289585984 93.33838909226557 93.93917663938583 94.46317882144949 94.92337040198792 95.27298921651337 95.3041408579729 94.71531849763136 93.23153472363077 90.84834660152201 87.69429619904699 84.0222258952408 80.0267819602289 75.85334215258244 71.607343068631 67.35367075456308 63.1675183347474 59.24746681086216 55.83387588845644 53.22953887540955 51.449113763161 50.37240674494156 49.630216699506484 48.88276752828915 47.67527240859439 45.77954261367018 43.080949732515144 39.755053834212006 36.01940445886605 32.04013945274435 27.931778622908148 23.76744843251798 19.57877823493026 15.490887334924226 11.68083436570448 8.461291170195246 6.009387219555336 4.3675489408547135 3.3906229816867466 2.839850140655803 2.6425723139111597 2.715741674493436 2.997041808424104 3.4032426007195293 3.7782860832108223 4.049250816715122 4.1744831499646216 4.195612043310661 4.1542297881952885 4.050357277674234 3.883961527523942 3.6238106956243605 3.228251185210496 2.718082989920011 2.145385096711978 1.6351258363681151 1.260228031039006 1.0519543342495372 0.9374066540843322 0.9165955835873647 0.9478609497893036 1.0416242236632924 1.2187191610797818 1.4895675228043346 1.8958370631890014 2.447950939748736 3.135492880433222 3.916800479355095 4.708533749429603 5.469026966453044 6.125354866420027 6.677511682721433 7.115082071716383 7.458894364093917 7.688115748369476 7.802742769060658 7.8131897665812655 7.750712342373231 7.698648004230908 7.761176997633143 8.063311547392095 8.688394311925038 9.71977192857474 11.178279529785543 13.01183260033383 15.157922822619604 17.491539587191163 19.9189195246969 22.315050910509164 24.575751511022297 26.64893375323758 28.492922486964634 30.11813615203586 31.482903656092166 32.618475677313704 33.618615371307975 34.53540980081125 35.52512985218639 36.691953120178745 38.10880711074603 39.84861605694368 41.88012795205916 44.15125178424743 46.55780970702591 48.974784923787354 51.26674530535014 53.329510000488305 55.11099019140916 56.57993080695682 57.736332694400794 58.632284612472624 59.27820534054641 59.726184219176744 60.00747482637169 60.195003557471146 60.37211383332047 60.642985140005436 61.080543766076566 61.83064112152749 63.02871068539678 64.76851461570998 67.0500528396709 69.67538382519406 72.37364069931833 74.91562794327425 77.24925556836162 79.4370316297221 81.55188169306217 83.63547786436091 85.54196841046861 87.02132192226773 87.82350722146715 88.14646560205114 88.07354097604788 87.82351064112986
72.67064653052904 74.57649124504357 76.38918484373723 78.15614458318508 79.85469561042291 81.44381088222607 82.92349825213883 84.25938248655835 85.48727752616817 86.60953222415907 87.6473553781549 88.59533868767353 89.49478862421074 90.34125579213801 91.15853880445181 91.9324385624061 92.65769289585984 93.33838909226557 93.93917663938583 94.46317882144949 94.92337040198792 95.27298921651337 95.3041408579729 94.71531849763136 93.23153472363077 90.84834660152201 87.69429619904699 84.0222258952408 80.0267819602289 75.85334215258244 71.607343068631 67.35367075456308 63.1675183347474 59.24746681086216 55.83387588845644 53.22953887540955 51.449113763161 50.37240674494156 49.630216699506484 48.88276752828915 47.67527240859439 45.77954261367018 43.080949732515144 39.755053834212006 36.01940445886605 32.04013945274435 27.931778622908148 23.76744843251798 19.57877823493026 15.490887334924226 11.68083436570448 8.461291170195246 6.009387219555336 4.3675489408547135 3.3906229816867466 2.839850140655803 2.6425723139111597 2.715741674493436 2.997041808424104 3.4032426007195293 3.7782860832108223 4.049250816715122 4.1744831499646216 4.195612043310661 4.1542297881952885 4.050357277674234 3.883961527523942 3.6238106956243605 3.228251185210496 2.718082989920011 2.145385096711978 1.6351258363681151 1.260228031039006 1.0519543342495372 0.9374066540843322 0.9165955835873647 0.9478609497893036 1.0416242236632924 1.2187191610797818 1.4895675228043346 1.8958370631890014 2.447950939748736 3.135492880433222 3.916800479355095 4.708533749429603 5.469026966453044 6.125354866420027 6.677511682721433 7.115082071716383 7.458894364093917 7.688115748369476 7.802742769060658 7.8131897665812655 7.750712342373231 7.698648004230908 7.761176997633143 8.063311547392095 8.688394311925038 9.71977192857474 11.178279529785543 13.01183260033383 15.157922822619604 17.491539587191163 19.9189195246969 22.315050910509164 24.575751511022297 26.64893375323758 28.492922486964634 30.11813615203586 31.482903656092166 32.618475677313704 33.618615371307975 34.53540980081125 35.52512985218639 36.691953120178745 38.10880711074603 39.84861605694368 41.88012795205916 44.15125178424743 46.55780970702591 48.974784923787354 51.26674530535014 53.329510000488305 55.11099019140916 56.57993080695682 57.736332694400794 58.632284612472624 59.27820534054641 59.726184219176744 60.00747482637169 60.195003557471146 60.37211383332047 60.642985140005436 61.080543766076566 61.83064112152749 63.02871068539678 64.76851461570998 67.0500528396709 69.67538382519406 72.37364069931833 74.91562794327425 77.24925556836162 79.4370316297221 81.55188169306217 83.63547786436091 85.54196841046861 87.02132192226773 87.82350722146715 88.14646560205114 88.07354097604788 87.82351064112986
72.67064653052904 74.57649124504357 76.38918484373723 78.15614458318508 79.85469561042291 81.44381088222607 82.92349825213883 84.25938248655835 85.48727752616817 86.60953222415907 87.6473553781549 88.59533868767353 89.49478862421074 90.34125579213801 91.15853880445181 91.9324385624061 92.65769289585984 93.33838909226557 93.93917663938583 94.46317882144949 94.92337040198792 95.27298921651337 95.3041408579729 94.71531849763136 93.23153472363077 90.84834660152201 87.69429619904699 84.0222258952408 80.0267819602289 75.85334215258244 71.607343068631 67.35367075456308 63.1675183347474 59.24746681086216 55.83387588845644 53.22953887540955 51.449113763161 50.37240674494156 49.630216699506484 48.88276752828915 47.67527240859439 45.77954261367018 43.080949732515144 39.755053834212006 36.01940445886605 32.04013945274435 27.931778622908148 23.76744843251798 19.57877823493026 15.490887334924226 11.68083436570448 8.461291170195246 6.009387219555336 4.3675489408547135 3.3906229816867466 2.839850140655803 2.6425723139111597 2.715741674493436 2.997041808424104 3.4032426007195293 3.7782860832108223 4.049250816715122 4.1744831499646216 4.195612043310661 4.1542297881952885 4.050357277674234 3.883961527523942 3.6238106956243605 3.228251185210496 2.718082989920011 2.145385096711978 1.6351258363681151 1.260228031039006 1.0519543342495372 0.9374066540843322 0.9165955835873647 0.9478609497893036 1.0416242236632924 1.2187191610797818 1.4895675228043346 1.8958370631890014 2.447950939748736 3.135492880433222 3.916800479355095 4.708533749429603 5.469026966453044 6.125354866420027 6.677511682721433 7.115082071716383 7.458894364093917 7.688115748369476 7.802742769060658 7.8131897665812655 7.750712342373231 7.698648004230908 7.761176997633143 8.063311547392095 8.688394311925038 9.71977192857474 11.178279529785543 13.01183260033383 15.157922822619604 17.491539587191163 19.9189195246969 22.315050910509164 24.575751511022297 26.64893375323758 28.492922486964634 30.11813615203586 31.482903656092166 32.618475677313704 33.618615371307975 34.53540980081125 35.52512985218639 36.691953120178745 38.10880711074603 39.84861605694368 41.88012795205916 44.15125178424743 46.55780970702591 48.974784923787354 51.26674530535014 53.329510000488305 55.11099019140916 56.57993080695682 57.736332694400794 58.632284612472624 59.27820534054641 59.726184219176744 60.00747482637169 60.195003557471146 60.37211383332047 60.642985140005436 61.080543766076566 61.83064112152749 63.02871068539678 64.76851461570998 67.0500528396709 69.67538382519406 72.37364069931833 74.91562794327425 77.24925556836162 79.4370316297221 81.55188169306217 83.63547786436091 85.54196841046861 87.02132192226773 87.82350722146715 88.14646560205114 88.07354097604788 87.82351064112986