4 151 9
300.0440999999999 302.0443999999999 304.0446999999999 306.0449999999999 308.0452999999999 310.0455999999999 312.0458999999999 314.0461999999999 316.04649999999987 318.0467999999999 320.0470999999999 322.04739999999987 324.0476999999999 326.0479999999999 328.04829999999987 330.0485999999999 332.0488999999999 334.04919999999987 336.0494999999999 338.0497999999999 340.0500999999999 342.05039999999985 344.0506999999999 346.0509999999999 348.05129999999986 350.0515999999999 352.0518999999999 354.05219999999986 356.0524999999999 358.0527999999999 360.05309999999986 362.0533999999999 364.0536999999999 366.05399999999986 368.0542999999999 370.0545999999999 372.05489999999986 374.0551999999999 376.0554999999999 378.05579999999986 380.05609999999984 382.0563999999999 384.05669999999986 386.05699999999985 388.0572999999999 390.05759999999987 392.05789999999985 394.0581999999999 396.05849999999987 398.05879999999985 399.99 402.04 403.99 406.05 407.99 410.06 412.01 413.96 416.02 417.97 420.04 422.0 423.95 426.02 427.98 430.05 432.01 433.96 436.03 437.99 440.06 442.01 443.96 446.03 447.98 450.04 451.98 454.04 455.99 458.04 459.98 462.03 463.97 466.02 467.95 470.0 472.05 473.98 476.02 477.96 480.0 482.05 483.98 486.03 487.96 490.01 492.06 493.99 496.05 497.98 500.04 501.98 504.04 505.98 508.04 509.99 512.05 514.0 515.95 518.01 519.96 522.03 523.98 526.04 527.99 530.05 532.0 534.06 536.0 538.06 540.0 542.05 543.99 546.04 547.98 550.03 551.96 554.0 556.04 557.97 560.01 562.05 563.98 566.01 568.05 569.98 572.01 574.05 575.97 578.01 580.05 581.98 584.02 585.95 588.0 590.04 591.97 594.02 595.96 598.01 599.95
0.0 13.54 26.89 39.77 50.0 60.0 70.0 80.0 90.0
72.75349827254115 74.66151583898615 76.47627608810272 78.19604980214868 79.82018180608307 81.43328843254571 82.88659103787765 84.23068868048901 85.49383333809011 86.67944066494559 87.78219324046984 88.78742345632733 89.67062377621316 90.43454823763477 91.12002109294342 91.77878105437976 92.49270284941095 93.27782827072949 94.04302396234705 94.70427424769042 95.2246857746534 95.64556387113136 96.05844840832715 96.45161870975906 96.77846016876889 97.07610888749083 97.26188655022065 97.32704092348614 97.44966096492267 97.67271351256477 97.93799567809491 98.12577919693224 98.15601080506421 98.080310481052 98.02182677077228 98.1246103542071 98.39031848028492 98.7182681012059 98.95613579731801 98.98170785199933 98.8464405096955 98.6736501729387 98.62793090298717 98.75110184460596 98.97210062704718 99.12726485506022 99.09368816011649 98.8407212845207 98.4712626328702 98.15000611683867 97.99984163811976 98.06460052818045 98.24952291065746 98.43361664293448 98.5222836260422 98.51778082389893 98.50060263024812 98.59538063494469 98.85435368366441 99.23522621480616 99.62606408912383 99.88167625430069 99.889326490428 99.6803790467614 99.3570442337537 99.04368872470553 98.7912499859764 98.50738348618219 98.00695762334918 97.11435421545298 95.74757027287009 94.02985764577039 92.17782249499659 90.44923037589528 88.99840592142728 87.77412519260498 86.45676589279456 84.56221876149525 81.88420257937491 78.50528804507607 74.7345119268675 70.75749222349704 66.34742642604397 61.18492599198089 55.17716789661023 48.41696469139212 41.17224017602842 33.886149430243854 27.06373409788108 21.034792136733614 15.902421603474272 11.522349957611366 7.760610216537721 4.761507192637118 2.7311759826291793 1.5356469067944882 0.9069616787451367 0.577158750796347 0.4019507316490475 0.2988870009479205 0.24735520670681727 0.20612965653957557 0.18551696555207525 0.16490417741521518 0.1649043773077026 0.17521108274885572 0.2061308900581619 0.31950315096788745 0.42256900911491374 0.4431824578378788 0.45348931254668867 0.4431830055331175 0.4431832340777395 0.43287686057603386 0.42257044698213236 0.40195741655531403 0.3813443473965991 0.32981143632522225 0.20613220567021062 0.09275951761562654 0.06183969264822926 0.041226470843760174 0.03091985896420719 0.030919864541496055 0.030919869318223103 0.03091987388680764 0.0309198777804076 0.030919881507243927 0.030919884872688035 0.020613258503798613 0.020613260343485176 0.02061326200477679 0.020613263427923252 0.020613264783771686 0.020613266014487285 0.020613267068780514 0.020613268073218075 0.020613268984954893 0.020613269762139053 0.030919905765150846 0.03091990677829795 0.030919907646210946 0.030919908476950905 0.041226545584806304 0.041226546497265384 0.051533184146268826 0.06183982202888106 0.07214646021545339 0.09275973586403494 0.13398628693470235 0.1442929260493697
72.7214846066433 74.6286625895858 76.44262429114549 78.16164125448655 79.7850585928642 81.32162363487167 82.79869613735627 84.18496051371586 85.44742491485329 86.57858528460505 87.58018286577408 88.48206140130806 89.35277947801121 90.25421041155381 91.20275809576842 92.12893579109799 92.95096270902603 93.62321211216405 94.18642442265846 94.72144614700483 95.25176674002158 95.69965728931055 96.04614553374275 96.25550784596712 96.41210319490187 96.63858269787947 96.94839953432619 97.27429030673248 97.47744122869719 97.5186907247546 97.49013506095083 97.52505646153467 97.73714761554693 98.08797506246067 98.43679741568162 98.63180900639378 98.63272562065657 98.50125707178849 98.41179765190674 98.4778695257977 98.69034656238897 98.9169997537016 98.99442515668972 98.85112639261223 98.52834073119904 98.1700437610411 97.96150872622165 97.95467946688335 98.10900655205387 98.3118666507201 98.43934162205484 98.44250313315162 98.42178564115763 98.47217462879121 98.6843378102267 99.0503724633866 99.44500384943024 99.7252128752295 99.78871769196778 99.6239719487056 99.33520536836654 99.03466904995683 98.78476102937783 98.51391249555888 98.00505794054368 97.10439582856522 95.71858513307829 94.00246842432584 92.17268568939656 90.49671420569375 89.08836591347858 87.85461492475186 86.4041405663799 84.3455005921005 81.44139936459014 77.91876296678181 73.97320166007307 69.74918606566435 65.09200089038163 59.68228539170521 53.46841517382952 46.57414721468817 39.30861434547097 32.11506284237905 25.45727587453551 19.654824813596694 14.676808924176187 10.471720880883247 6.967446282311013 4.2464535029276105 2.4221394126506635 1.3811409224553142 0.8142577921403342 0.5256619990216743 0.36074954511808777 0.2679861724621994 0.2267581385372625 0.185529810030806 0.17522298518382398 0.1649160594558753 0.17522363003529004 0.20614576474238958 0.2782971944341079 0.38137071052960625 0.4432151467874481 0.4535229465142617 0.4535233963862149 0.45352378159761875 0.4432167644101614 0.4329097165589926 0.4226026088032359 0.3916807037914197 0.3504513367477247 0.2679923307657117 0.15461102530293805 0.08245924675060563 0.05153704701650239 0.04122965122015046 0.04122966281444578 0.030922255466164478 0.030922262585626574 0.030922269394864144 0.03092227522670691 0.030922280804431615 0.030922285581531945 0.0309222901504735 0.03092229404437773 0.03092229777150529 0.030922301137212397 0.020614869346965048 0.030922306780193063 0.030922309272325216 0.03092231140721173 0.030922313441143313 0.030922315287360974 0.0309223168689244 0.03092231837569848 0.03092231974341058 0.04122976121237056 0.04122976270841049 0.05153720507422358 0.061844647825029936 0.09276697422995954 0.12368930182011711 0.18553395683656237 0.29891582529144456 0.4535274667881139 0.639061440941985 0.8349028619756136 0.9895145163590343 1.0822815147048042
72.78051192937843 74.68923795016589 76.50467202682032 78.22508429953427 79.84981934999774 81.50583467186046 83.06354179114325 84.48035622446032 85.76495398285265 86.92734553871485 87.96956715121573 88.90335518519036 89.73193034735046 90.50568308706241 91.27681004229218 92.0321270053691 92.7191290819106 93.27384506793707 93.70844101185736 94.11366770575951 94.57221108009091 95.11854126234493 95.67807391811743 96.16461534821514 96.49048425125667 96.69706349072683 96.90661726411155 97.17207479923344 97.49612550213573 97.78001312723742 97.92397558426097 97.90867790077678 97.79600678112003 97.70929336973333 97.73163931435272 97.87490952505976 98.04862591392964 98.18224836005753 98.24583955977097 98.28102964259776 98.3705340677314 98.57669943781735 98.85927363353038 99.15728255484866 99.35818488438461 99.44172238568439 99.40815845214993 99.29889713524646 99.13480054411899 98.84408776946539 98.37463534886132 97.6980059798913 96.83236707608269 95.84184580162155 94.78631742370635 93.57528016605384 92.01113556705984 89.95053055006746 87.3424438761005 84.30947467098821 80.8320916355226 76.94036615485244 72.64510775870245 68.01889372416787 63.06121874069655 57.66945992646602 51.77106375985445 45.58293805010356 39.38384643860428 33.44194902480234 27.840070359128944 22.712341789882885 18.131171700850143 14.117310118946673 10.577906699771765 7.471778667895576 4.871195747705118 2.961988118116772 1.754514828590592 1.0733660156367035 0.701825070958386 0.5057329750308678 0.39220512482598546 0.34060254474454904 0.3096412783217714 0.3096437798207219 0.33028910683063434 0.392220751776874 0.5057613462219614 0.6193027789196527 0.6812363778096565 0.7018830086590715 0.7122075021497413 0.7018881984191885 0.6812465323643013 0.650282712644956 0.6089965542300413 0.5677099495244762 0.4748130059789527 0.35094940046685486 0.22708531683127964 0.14450906065197278 0.11354300147507809 0.09289893658576365 0.08257693261813367 0.07225489103745104 0.07225496271066892 0.06193287778476251 0.06193292550222297 0.061932971105128645 0.0619330101534642 0.06193304764334174 0.05161089965128007 0.05161092508700326 0.06193313624016497 0.06193316121772712 0.07225537970608502 0.08257760405989428 0.09289983069197191 0.1135442681925734 0.14451092006237 0.20644421697771514 0.29934417107304556 0.44385523027384255 0.6399774076353159 0.8670662932972322 1.0838330031037142 1.269633099524387 1.4347887808339281 1.5689778059104549 1.682522402552111 1.785744779756651 1.8786449269029004 1.9612228548881177 1.9921896504879821 1.9921897523812024 1.981867622256818 2.0231566205392233 2.1367012053134173 2.38443476491349 2.7870017645967007 3.3856911275824877 4.19082510588498 5.233370388145261 6.4513936192978605 7.772639187081411 9.135173702175223 10.44609710511984 11.69508714045238 12.892466049794228 13.718244657385139
72.67064653052904 74.57649124504357 76.38918484373723 78.10700007810237 79.72928251921189 81.30747472674213 82.81944283239338 84.22413488878108 85.5230500034257 86.6820543361324 87.73914232482802 88.69746052834884 89.57921767008263 90.3791386963385 91.1394320052893 91.85540289586172 92.5510002734528 93.21146450458781 93.83113283522091 94.41379921934731 94.92337040198792 95.36271890497596 95.74462218126605 96.02159808650174 95.9840175807251 95.32856674451146 93.77924794178183 91.33248490040512 88.11811837642931 84.39041727907127 80.34468711501059 76.12645562460357 71.84099135926179 67.55280220003227 63.336713772822286 59.39122378588089 55.95658423519415 53.335489494644 51.54185319532341 50.45462719917977 49.7035670454697 48.94817867785998 47.7330292009854 45.82975045659746 43.12372120356033 39.790781995231406 36.04870574409513 32.0637312187049 27.950393756072856 23.781784781785078 19.58929962575885 15.498507536561561 11.686074800657781 8.46472580441842 6.011595347898588 4.369000216393544 3.3916479304529052 2.840603360677042 2.64322437270737 2.716349598739441 2.9976484627127187 3.4038689384726086 3.7788962180477745 4.049858771334608 4.17505299515366 4.196128490752484 4.154693430246791 4.050753909764013 3.884315135753274 3.6241106532266816 3.228492135828705 2.718266517783937 2.1455121850746717 1.6352161433383894 1.2602911682689353 1.052001749344589 0.9374448953960146 0.9166293168236974 0.9478926808398302 1.0416556103526815 1.2187523977643582 1.4896041888683795 1.8958794160759018 2.4480002995969348 3.135550129598032 3.9168650274025607 4.708606121805871 5.469100832182141 6.125429367744119 6.677585596905307 7.115153192596684 7.458963715150109 7.688178730315965 7.802800462953696 7.81324222350904 7.750759310387998 7.698691516179274 7.761215542427042 8.063347773544317 8.688429755676742 9.71980769904841 11.17831696815865 13.011871914473954 15.157964387256271 17.491582856556903 19.91896434466919 22.315096207754067 24.575796762979735 26.648976920410835 28.49296542005694 30.118177318145616 31.48294256340027 32.61851224323983 33.6186492765412 34.535441395057504 35.52515917103444 36.691980588903434 38.1088328479185 39.84864041405059 41.88015104547868 44.15127387938967 46.557830678644535 48.974804944773496 51.26676422153582 53.32952785873908 55.111006848318326 56.57994629181571 57.73634692395575 58.63229806131636 59.27821731980119 59.72619511855003 60.00748501810629 60.19501256467126 60.37212197243966 60.642992749521746 61.08055053693907 61.830647296805324 63.02871654443893 64.76851992243294 67.05005780060641 69.67538863643696 72.37364510228026 74.91563205892872 77.24925942182627 79.43703521621225 81.55188511961373 83.63548095198915 85.54197126873866 87.02132456848281 87.82350963190012 88.14646779769868
72.67064653052904 74.57649124504357 76.38918484373723 78.10700007810237 79.72928251921189 81.30747472674213 82.81944283239338 84.22413488878108 85.5230500034257 86.6820543361324 87.73914232482802 88.69746052834884 89.57921767008263 90.3791386963385 91.1394320052893 91.85540289586172 92.5510002734528 93.21146450458781 93.83113283522091 94.41379921934731 94.92337040198792 95.36271890497596 95.74462218126605 96.02159808650174 95.9840175807251 95.32856674451146 93.77924794178183 91.33248490040512 88.11811837642931 84.39041727907127 80.34468711501059 76.12645562460357 71.84099135926179 67.55280220003227 63.336713772822286 59.39122378588089 55.95658423519415 53.335489494644 51.54185319532341 50.45462719917977 49.7035670454697 48.94817867785998 47.7330292009854 45.82975045659746 43.12372120356033 39.790781995231406 36.04870574409513 32.0637312187049 27.950393756072856 23.781784781785078 19.58929962575885 15.498507536561561 11.686074800657781 8.46472580441842 6.011595347898588 4.369000216393544 3.3916479304529052 2.840603360677042 2.64322437270737 2.716349598739441 2.9976484627127187 3.4038689384726086 3.7788962180477745 4.049858771334608 4.17505299515366 4.196128490752484 4.154693430246791 4.050753909764013 3.884315135753274 3.6241106532266816 3.228492135828705 2.718266517783937 2.1455121850746717 1.6352161433383894 1.2602911682689353 1.052001749344589 0.9374448953960146 0.9166293168236974 0.9478926808398302 1.0416556103526815 1.2187523977643582 1.4896041888683795 1.8958794160759018 2.4480002995969348 3.135550129598032 3.9168650274025607 4.708606121805871 5.469100832182141 6.125429367744119 6.677585596905307 7.115153192596684 7.458963715150109 7.688178730315965 7.802800462953696 7.81324222350904 7.750759310387998 7.698691516179274 7.761215542427042 8.063347773544317 8.688429755676742 9.71980769904841 11.17831696815865 13.011871914473954 15.157964387256271 17.491582856556903 19.91896434466919 22.315096207754067 24.575796762979735 26.648976920410835 28.49296542005694 30.118177318145616 31.48294256340027 32.61851224323983 33.6186492765412 34.535441395057504 35.52515917103444 36.691980588903434 38.1088328479185 39.84864041405059 41.88015104547868 44.15127387938967 46.557830678644535 48.974804944773496 51.26676422153582 53.32952785873908 55.111006848318326 56.57994629181571 57.73634692395575 58.63229806131636 59.27821731980119 59.72619511855003 60.00748501810629 60.19501256467126 60.37212197243966 60.642992749521746 61.08055053693907 61.830647296805324 63.02871654443893 64.76851992243294 67.05005780060641 69.67538863643696 72.37364510228026 74.91563205892872 77.24925942182627 79.43703521621225 81.55188511961373 83.63548095198915 85.54197126873866 87.02132456848281 87.82350963190012 88.14646779769868
72.67064653052904 74.57649124504357 76.38918484373723 78.10700007810237 79.72928251921189 81.30747472674213 82.81944283239338 84.22413488878108 85.5230500034257 86.6820543361324 87.73914232482802 88.69746052834884 89.57921767008263 90.3791386963385 91.1394320052893 91.85540289586172 92.5510002734528 93.21146450458781 93.83113283522091 94.41379921934731 94.92337040198792 95.36271890497596 95.74462218126605 96.02159808650174 95.9840175807251 95.32856674451146 93.77924794178183 91.33248490040512 88.11811837642931 84.39041727907127 80.34468711501059 76.12645562460357 71.84099135926179 67.55280220003227 63.336713772822286 59.39122378588089 55.95658423519415 53.335489494644 51.54185319532341 50.45462719917977 49.7035670454697 48.94817867785998 47.7330292009854 45.82975045659746 43.12372120356033 39.790781995231406 36.04870574409513 32.0637312187049 27.950393756072856 23.781784781785078 19.58929962575885 15.498507536561561 11.686074800657781 8.46472580441842 6.011595347898588 4.369000216393544 3.3916479304529052 2.840603360677042 2.64322437270737 2.716349598739441 2.9976484627127187 3.4038689384726086 3.7788962180477745 4.049858771334608 4.17505299515366 4.196128490752484 4.154693430246791 4.050753909764013 3.884315135753274 3.6241106532266816 3.228492135828705 2.718266517783937 2.1455121850746717 1.6352161433383894 1.2602911682689353 1.052001749344589 0.9374448953960146 0.9166293168236974 0.9478926808398302 1.0416556103526815 1.2187523977643582 1.4896041888683795 1.8958794160759018 2.4480002995969348 3.135550129598032 3.9168650274025607 4.708606121805871 5.469100832182141 6.125429367744119 6.677585596905307 7.115153192596684 7.458963715150109 7.688178730315965 7.802800462953696 7.81324222350904 7.750759310387998 7.698691516179274 7.761215542427042 8.063347773544317 8.688429755676742 9.71980769904841 11.17831696815865 13.011871914473954 15.157964387256271 17.491582856556903 19.91896434466919 22.315096207754067 24.575796762979735 26.648976920410835 28.49296542005694 30.118177318145616 31.48294256340027 32.61851224323983 33.6186492765412 34.535441395057504 35.52515917103444 36.691980588903434 38.1088328479185 39.84864041405059 41.88015104547868 44.15127387938967 46.557830678644535 48.974804944773496 51.26676422153582 53.32952785873908 55.111006848318326 56.57994629181571 57.73634692395575 58.63229806131636 59.27821731980119 59.72619511855003 60.00748501810629 60.19501256467126 60.37212197243966 60.642992749521746 61.08055053693907 61.830647296805324 63.02871654443893 64.76851992243294 67.05005780060641 69.67538863643696 72.37364510228026 74.91563205892872 77.24925942182627 79.43703521621225 81.55188511961373 83.63548095198915 85.54197126873866 87.02132456848281 87.82350963190012 88.14646779769868
72.67064653052904 74.57649124504357 76.38918484373723 78.10700007810237 79.72928251921189 81.30747472674213 82.81944283239338 84.22413488878108 85.5230500034257 86.6820543361324 87.73914232482802 88.69746052834884 89.57921767008263 90.3791386963385 91.1394320052893 91.85540289586172 92.5510002734528 93.21146450458781 93.83113283522091 94.41379921934731 94.92337040198792 95.36271890497596 95.74462218126605 96.02159808650174 95.9840175807251 95.32856674451146 93.77924794178183 91.33248490040512 88.11811837642931 84.39041727907127 80.34468711501059 76.12645562460357 71.84099135926179 67.55280220003227 63.336713772822286 59.39122378588089 55.95658423519415 53.335489494644 51.54185319532341 50.45462719917977 49.7035670454697 48.94817867785998 47.7330292009854 45.82975045659746 43.12372120356033 39.790781995231406 36.04870574409513 32.0637312187049 27.950393756072856 23.781784781785078 19.58929962575885 15.498507536561561 11.686074800657781 8.46472580441842 6.011595347898588 4.369000216393544 3.3916479304529052 2.840603360677042 2.64322437270737 2.716349598739441 2.9976484627127187 3.4038689384726086 3.7788962180477745 4.049858771334608 4.17505299515366 4.196128490752484 4.154693430246791 4.050753909764013 3.884315135753274 3.6241106532266816 3.228492135828705 2.718266517783937 2.1455121850746717 1.6352161433383894 1.2602911682689353 1.052001749344589 0.9374448953960146 0.9166293168236974 0.9478926808398302 1.0416556103526815 1.2187523977643582 1.4896041888683795 1.8958794160759018 2.4480002995969348 3.135550129598032 3.9168650274025607 4.708606121805871 5.469100832182141 6.125429367744119 6.677585596905307 7.115153192596684 7.458963715150109 7.688178730315965 7.802800462953696 7.81324222350904 7.750759310387998 7.698691516179274 7.761215542427042 8.063347773544317 8.688429755676742 9.71980769904841 11.17831696815865 13.011871914473954 15.157964387256271 17.491582856556903 19.91896434466919 22.315096207754067 24.575796762979735 26.648976920410835 28.49296542005694 30.118177318145616 31.48294256340027 32.61851224323983 33.6186492765412 34.535441395057504 35.52515917103444 36.691980588903434 38.1088328479185 39.84864041405059 41.88015104547868 44.15127387938967 46.557830678644535 48.974804944773496 51.26676422153582 53.32952785873908 55.111006848318326 56.57994629181571 57.73634692395575 58.63229806131636 59.27821731980119 59.72619511855003 60.00748501810629 60.19501256467126 60.37212197243966 60.642992749521746 61.08055053693907 61.830647296805324 63.02871654443893 64.76851992243294 67.05005780060641 69.67538863643696 72.37364510228026 74.91563205892872 77.24925942182627 79.43703521621225 81.55188511961373 83.63548095198915 85.54197126873866 87.02132456848281 87.82350963190012 88.14646779769868
72.67064653052904 74.57649124504357 76.38918484373723 78.10700007810237 79.72928251921189 81.30747472674213 82.81944283239338 84.22413488878108 85.5230500034257 86.6820543361324 87.73914232482802 88.69746052834884 89.57921767008263 90.3791386963385 91.1394320052893 91.85540289586172 92.5510002734528 93.21146450458781 93.83113283522091 94.41379921934731 94.92337040198792 95.36271890497596 95.74462218126605 96.02159808650174 95.9840175807251 95.32856674451146 93.77924794178183 91.33248490040512 88.11811837642931 84.39041727907127 80.34468711501059 76.12645562460357 71.84099135926179 67.55280220003227 63.336713772822286 59.39122378588089 55.95658423519415 53.335489494644 51.54185319532341 50.45462719917977 49.7035670454697 48.94817867785998 47.7330292009854 45.82975045659746 43.12372120356033 39.790781995231406 36.04870574409513 32.0637312187049 27.950393756072856 23.781784781785078 19.58929962575885 15.498507536561561 11.686074800657781 8.46472580441842 6.011595347898588 4.369000216393544 3.3916479304529052 2.840603360677042 2.64322437270737 2.716349598739441 2.9976484627127187 3.4038689384726086 3.7788962180477745 4.049858771334608 4.17505299515366 4.196128490752484 4.154693430246791 4.050753909764013 3.884315135753274 3.6241106532266816 3.228492135828705 2.718266517783937 2.1455121850746717 1.6352161433383894 1.2602911682689353 1.052001749344589 0.9374448953960146 0.9166293168236974 0.9478926808398302 1.0416556103526815 1.2187523977643582 1.4896041888683795 1.8958794160759018 2.4480002995969348 3.135550129598032 3.9168650274025607 4.708606121805871 5.469100832182141 6.125429367744119 6.677585596905307 7.115153192596684 7.458963715150109 7.688178730315965 7.802800462953696 7.81324222350904 7.750759310387998 7.698691516179274 7.761215542427042 8.063347773544317 8.688429755676742 9.71980769904841 11.17831696815865 13.011871914473954 15.157964387256271 17.491582856556903 19.91896434466919 22.315096207754067 24.575796762979735 26.648976920410835 28.49296542005694 30.118177318145616 31.48294256340027 32.61851224323983 33.6186492765412 34.535441395057504 35.52515917103444 36.691980588903434 38.1088328479185 39.84864041405059 41.88015104547868 44.15127387938967 46.557830678644535 48.974804944773496 51.26676422153582 53.32952785873908 55.111006848318326 56.57994629181571 57.73634692395575 58.63229806131636 59.27821731980119 59.72619511855003 60.00748501810629 60.19501256467126 60.37212197243966 60.642992749521746 61.08055053693907 61.830647296805324 63.02871654443893 64.76851992243294 67.05005780060641 69.67538863643696 72.37364510228026 74.91563205892872 77.24925942182627 79.43703521621225 81.55188511961373 83.63548095198915 85.54197126873866 87.02132456848281 87.82350963190012 88.14646779769868
72.67064653052904 74.57649124504357 76.38918484373723 78.10700007810237 79.72928251921189 81.30747472674213 82.81944283239338 84.22413488878108 85.5230500034257 86.6820543361324 87.73914232482802 88.69746052834884 89.57921767008263 90.3791386963385 91.1394320052893 91.85540289586172 92.5510002734528 93.21146450458781 93.83113283522091 94.41379921934731 94.92337040198792 95.36271890497596 95.74462218126605 96.02159808650174 95.9840175807251 95.32856674451146 93.77924794178183 91.33248490040512 88.11811837642931 84.39041727907127 80.34468711501059 76.12645562460357 71.84099135926179 67.55280220003227 63.336713772822286 59.39122378588089 55.95658423519415 53.335489494644 51.54185319532341 50.45462719917977 49.7035670454697 48.94817867785998 47.7330292009854 45.82975045659746 43.12372120356033 39.790781995231406 36.04870574409513 32.0637312187049 27.950393756072856 23.781784781785078 19.58929962575885 15.498507536561561 11.686074800657781 8.46472580441842 6.011595347898588 4.369000216393544 3.3916479304529052 2.840603360677042 2.64322437270737 2.716349598739441 2.9976484627127187 3.4038689384726086 3.7788962180477745 4.049858771334608 4.17505299515366 4.196128490752484 4.154693430246791 4.050753909764013 3.884315135753274 3.6241106532266816 3.228492135828705 2.718266517783937 2.1455121850746717 1.6352161433383894 1.2602911682689353 1.052001749344589 0.9374448953960146 0.9166293168236974 0.9478926808398302 1.0416556103526815 1.2187523977643582 1.4896041888683795 1.8958794160759018 2.4480002995969348 3.135550129598032 3.9168650274025607 4.708606121805871 5.469100832182141 6.125429367744119 6.677585596905307 7.115153192596684 7.458963715150109 7.688178730315965 7.802800462953696 7.81324222350904 7.750759310387998 7.698691516179274 7.761215542427042 8.063347773544317 8.688429755676742 9.71980769904841 11.17831696815865 13.011871914473954 15.157964387256271 17.491582856556903 19.91896434466919 22.315096207754067 24.575796762979735 26.648976920410835 28.49296542005694 30.118177318145616 31.48294256340027 32.61851224323983 33.6186492765412 34.535441395057504 35.52515917103444 36.691980588903434 38.1088328479185 39.84864041405059 41.88015104547868 44.15127387938967 46.557830678644535 48.974804944773496 51.26676422153582 53.32952785873908 55.111006848318326 56.57994629181571 57.73634692395575 58.63229806131636 59.27821731980119 59.72619511855003 60.00748501810629 60.19501256467126 60.37212197243966 60.642992749521746 61.08055053693907 61.830647296805324 63.02871654443893 64.76851992243294 67.05005780060641 69.67538863643696 72.37364510228026 74.91563205892872 77.24925942182627 79.43703521621225 81.55188511961373 83.63548095198915 85.54197126873866 87.02132456848281 87.82350963190012 88.14646779769868