4 151 9
300.0440999999999 302.0443999999999 304.0446999999999 306.0449999999999 308.0452999999999 310.0455999999999 312.0458999999999 314.0461999999999 316.04649999999987 318.0467999999999 320.0470999999999 322.04739999999987 324.0476999999999 326.0479999999999 328.04829999999987 330.0485999999999 332.0488999999999 334.04919999999987 336.0494999999999 338.0497999999999 340.0500999999999 342.05039999999985 344.0506999999999 346.0509999999999 348.05129999999986 350.0515999999999 352.0518999999999 354.05219999999986 356.0524999999999 358.0527999999999 360.05309999999986 362.0533999999999 364.0536999999999 366.05399999999986 368.0542999999999 370.0545999999999 372.05489999999986 374.0551999999999 376.0554999999999 378.05579999999986 380.05609999999984 382.0563999999999 384.05669999999986 386.05699999999985 388.0572999999999 390.05759999999987 392.05789999999985 394.0581999999999 396.05849999999987 398.05879999999985 399.99 402.04 403.99 406.05 407.99 410.06 412.01 413.96 416.02 417.97 420.04 422.0 423.95 426.02 427.98 430.05 432.01 433.96 436.03 437.99 440.06 442.01 443.96 446.03 447.98 450.04 451.98 454.04 455.99 458.04 459.98 462.03 463.97 466.02 467.95 470.0 472.05 473.98 476.02 477.96 480.0 482.05 483.98 486.03 487.96 490.01 492.06 493.99 496.05 497.98 500.04 501.98 504.04 505.98 508.04 509.99 512.05 514.0 515.95 518.01 519.96 522.03 523.98 526.04 527.99 530.05 532.0 534.06 536.0 538.06 540.0 542.05 543.99 546.04 547.98 550.03 551.96 554.0 556.04 557.97 560.01 562.05 563.98 566.01 568.05 569.98 572.01 574.05 575.97 578.01 580.05 581.98 584.02 585.95 588.0 590.04 591.97 594.02 595.96 598.01 599.95
0.0 13.54 26.89 39.77 50.0 60.0 70.0 80.0 90.0
72.75349827254115 74.66151583898615 76.47627608810272 78.19604980214868 79.82018180608307 81.34898896211865 82.78364764184633 84.12607594356437 85.46729070122639 86.65253551005735 87.73679022338052 88.75068509966803 89.69846603157733 90.57509094625107 91.36575499486403 92.04552444959698 92.61744661298003 93.12328283712364 93.61546733346265 94.17667383405426 94.82210667414188 95.4581589300618 95.99902468521654 96.40704117167402 96.72375696642804 97.04124800943 97.3470107350968 97.59343544297704 97.81748400234058 97.93538320136562 97.93799567809491 98.004110530848 98.17632034588878 98.39555046289881 98.54110724914659 98.53235857924015 98.42093152274921 98.33013626593988 98.40410776704373 98.64409582521733 98.94881900841088 99.16537932662445 99.17119429291218 99.01774725409393 98.82845461742882 98.76799652432322 98.87804386463851 99.08725810751265 99.23165848331706 99.18814106477048 98.92514438124091 98.54793066920651 98.21866564843678 98.06325604519766 98.12099181806146 98.30166535358639 98.48001734234212 98.56449880764202 98.55579335697975 98.5350814355359 98.62722913133106 98.88275651034076 99.26109173262657 99.64947998320072 99.90296205921389 99.90896900061558 99.69778074705731 99.37274849484557 99.05780485109877 98.80401622386951 98.51912912398406 98.01731709228727 97.12364798097899 95.7558325225786 94.03721806633615 92.18447099941818 90.4550048875984 89.00364165769369 87.77871099560981 86.46093025704754 84.5658307876275 81.88742109057785 78.50802959204769 74.7369181899689 70.7595134064486 66.34917383635215 61.18638045684123 55.178358895841114 48.41790662294186 41.17295178160255 33.886689716282184 27.06412431904065 21.035067001266253 15.902609519997993 11.522470749356312 7.760685374605702 4.7615488134119675 2.731197660018428 1.5356579234796943 0.9069674511523105 0.5771621489825737 0.4019528302521723 0.2988884445005657 0.24735626612282274 0.20613047163462825 0.18551761702820016 0.1649047120465295 0.16490485211245806 0.17521154036472034 0.20613137573854828 0.3195038338397125 0.42256984248506557 0.4431832340777395 0.4534900444129878 0.4431836395178461 0.4431838182532949 0.43287736731505844 0.42257090279169096 0.4019578010569107 0.3813446835309091 0.32981169412388944 0.20613235421880086 0.09275957689262158 0.06183972908299211 0.041226492424297476 0.03091987388680764 0.0309198777804076 0.030919881507243927 0.030919884872688035 0.030919887755697914 0.030919890515227758 0.03091989300716518 0.020613263427923252 0.020613264783771686 0.020613266014487285 0.020613267068780514 0.020613268073218075 0.020613268984954893 0.020613269762139053 0.02061327051010057 0.02061327118553197 0.020613271764140635 0.030919908476950905 0.030919909188604724 0.03091990987294903 0.03091991048776129 0.041226548019254045 0.0412265486945448 0.05153318659113052 0.06183982473909338 0.07214646302468485
72.7214846066433 74.6286625895858 76.44262429114549 78.16164125448655 79.7850585928642 81.31319302906256 82.74722041703464 84.0890580110594 85.3500943076188 86.56064711299321 87.68915862213963 88.70250876699178 89.59409788108886 90.36665336472436 91.05152541574643 91.71926213659775 92.43275581389001 93.20783880213278 93.97262940230162 94.64327701463677 95.17320858188548 95.60371724320719 96.01643135032506 96.4344583873044 96.77846016876889 97.02881926085497 97.14907930980604 97.2239933624167 97.3766164032641 97.61972542297752 97.88491392787815 98.03204885320413 98.02150340661461 97.94559749368156 97.93784188931684 98.11188939302674 98.42862272232102 98.74641212412935 98.91275112011196 98.88712820434648 98.73130116206214 98.61989017391318 98.6663914396954 98.86138278671814 99.07218597789281 99.13501125173836 98.97819699164735 98.64298188159559 98.27342931363687 98.05488247398777 98.0383457662725 98.18539254201823 98.3806394097023 98.50304042378508 98.49911173300207 98.4740195064093 98.51859350407791 98.72662242938483 99.08859049396386 99.47981322960669 99.75742633250745 99.81738898005216 99.64993879253785 99.3585528996404 99.0557743489876 98.80418633479405 98.53111055997857 98.02054850822404 97.11823555871364 95.73095430776506 94.01367691355293 92.18242846784305 90.5053746683977 89.09605352709846 87.86149196286165 86.4103726327821 84.3508854259819 81.44619052555338 77.92283387146541 73.9767647283129 69.75216536169587 65.09455937330615 59.68436960530215 53.470136722163836 46.57547760203481 39.30964962719339 32.11582626947542 25.457825369863794 19.655207189892163 14.677062592643004 10.471887843630102 6.967546743132778 4.2465089919217425 2.422168034707715 1.3811554013092506 0.8142656778659135 0.5256665938818358 0.36075240839323386 0.26798809498702497 0.22675958175182856 0.18553090239030712 0.17522390003103114 0.16491685596095285 0.17522438051360287 0.20614657990113866 0.2782981717246606 0.38137194696113524 0.44321642292494556 0.45352413102435124 0.45352446496656373 0.4535247509107898 0.4432176385008171 0.43291047480601286 0.4226032908228531 0.39168126410077636 0.3504517986900739 0.26799264448581245 0.15461119207556423 0.08245932562889156 0.05153709244360746 0.0412296834475021 0.04122969252648553 0.03092227522670691 0.030922280804431615 0.030922285581531945 0.0309222901504735 0.03092229404437773 0.03092229777150529 0.030922301137212397 0.030922304020447572 0.030922306780193063 0.030922309272325216 0.020614874271474487 0.030922313441143313 0.030922315287360974 0.0309223168689244 0.03092231837569848 0.03092231974341058 0.030922320909277923 0.03092232203130787 0.03092232304453415 0.04122976521668662 0.041229766324426466 0.05153720909171547 0.06184465227885413 0.0927669802628621 0.12368930912403106 0.18553396672509245 0.2989158394727505 0.4535274866645574 0.6390614658256938
72.78051192937843 74.68923795016589 76.50467202682032 78.22508429953427 79.84981934999774 81.3791941580757 82.81438553215037 84.15731228271736 85.54343070053305 86.83752600416358 87.99685017628072 89.0321339718011 89.95500537618166 90.7684263868486 91.48505330900693 92.10845470763357 92.69029850694731 93.28351877101402 93.87388326932974 94.40722250209687 94.81805752669612 95.11854126234493 95.40034366000971 95.74646503818045 96.1907933383736 96.65698180637834 97.05734302717269 97.3030344687742 97.43554381686099 97.57765382854694 97.7820567790664 98.05083943268001 98.2841732043203 98.38146486883718 98.32308704809985 98.17097423521172 98.04862591392964 98.03903607864049 98.15369569190543 98.30152193401615 98.41154742360705 98.45358116208318 98.46917473445727 98.54101603803791 98.7313517808633 98.99966779428726 99.28474670981332 99.47379158730813 99.54644717774971 99.50291109973469 99.38371157496435 99.21198519969354 98.91323283665382 98.43829228001422 97.75418646241339 96.8837574139119 95.8870247641486 94.82693180510263 93.61138566298153 92.04334282206956 89.97958656799372 87.36753910157574 84.33144981331127 80.85109023506638 76.95676293237301 72.65939289125228 68.03076812125951 63.07118612500748 57.677679222373044 51.777753843399616 45.58837318259143 39.388009364826424 33.44514939240484 27.842472734589272 22.71411965482698 18.13247944681288 14.118211404365683 10.578528993274187 7.472169034703464 4.871430378658884 2.962114637721423 1.754583790923419 1.0734034995237498 0.7018476679584646 0.5057474212588934 0.3922154544395811 0.34061064141909164 0.30964796192911104 0.30964980380936413 0.33029481542381484 0.39222700540555977 0.5057686385925662 0.6193108714345577 0.6812444278774477 0.701890366678371 0.7122143995635232 0.7018943336888613 0.6812519394293715 0.6502873777537831 0.609000430221895 0.5677132920781991 0.4748154849993391 0.35095109546842324 0.22708628943186673 0.14450963208173392 0.11354340020170878 0.09289923777086002 0.08257717037968336 0.07225507975259347 0.07225513295598343 0.0619330101534642 0.06193304764334174 0.061933079581536085 0.061933110104403916 0.06193313624016497 0.051610967681439274 0.05161098550434644 0.061933203044920705 0.06193322046131461 0.07225544339527398 0.08257766860706858 0.0928998976399718 0.1135443407518449 0.14451100520543714 0.20644432504365032 0.29934431554309204 0.44385542031866393 0.6399776599228617 0.8670666013672659 1.0838333527670905 1.2696334694104887 1.4347891583015868 1.5689781807101146 1.682522764982964 1.7857451271213516 1.8786452587221703 1.9612231678583094 1.9921899375717862 1.9921900126835246 1.9818678565514722 2.023156836522049 2.13670141283407 2.3844349740380064 2.7870019818525056 3.3856913714075167 4.190825378426364 5.23337069717835 6.451393963142194 7.772639555834635 9.135174102536341 10.446097511868896
72.67064653052904 74.57649124504357 76.38918484373723 78.10700007810237 79.72928251921189 81.25634866843563 82.68937355771158 84.0302731010061 85.3352444978237 86.58233643216906 87.72996363016071 88.78101476162863 89.70117073634204 90.53067031314049 91.27317959942702 91.9516974790422 92.56069960276253 93.14312049583825 93.69362253901102 94.23603265177951 94.75464421034908 95.24307932035917 95.70457842460303 96.10198452273991 96.43772354618021 96.72421094255333 96.91299808929028 96.79230282220381 96.05659579232365 94.4286288213422 91.90580979933021 88.61947520004672 84.82553973323895 80.72004803360522 76.44866914275657 72.11644262272387 67.78740490206376 63.53592767132001 59.56039330750685 56.10091259593159 53.46005150049894 51.65083885025716 50.55121542687384 49.789706275285596 49.024971171050915 47.80081685841749 45.88866343064917 43.173897152647335 39.83268675382364 36.08306620670143 32.0911179015084 27.97215545331131 23.79842101308333 19.601975603597936 15.50741983342006 11.692276769586531 8.46871599812474 6.014171217843701 4.370685970618486 3.3928351309925584 2.841520938613098 2.6439838237677145 2.717057611323607 2.99835302350737 3.404594337693883 3.7796393105289114 4.050565775353388 4.175712899268301 4.196726540773645 4.155230317923696 4.051236905926988 3.884725713154822 3.6244574776989595 3.2287707288847183 2.7184792968445635 2.1456669343067856 1.635320539746381 1.2603653106325838 1.0520567117013502 0.9374900493174134 0.9166684701133634 0.947929938370787 1.041691986854891 1.218791638522729 1.4896467393106931 1.8959293483703885 2.448058492531814 3.1356178104510937 3.9169412283533824 4.7086875035900135 5.46918803237666 6.125517687860704 6.677672853838121 7.115237271291554 7.459041909376631 7.688253186917127 7.802868667954366 7.813304237342659 7.750814914104616 7.6987405149221955 7.761261238789995 8.063389872651253 8.688471718711991 9.719849328735465 11.178361170390444 13.011917607997816 15.1580135304772 17.491633219602786 19.9190163689701 22.315148786019 24.575849288656354 26.649029476233583 28.493015325857858 30.118225924536908 31.48298760056223 32.61855523885889 33.61868863157053 34.535478647033855 35.52519315344118 36.692012930889526 38.108862635867716 39.84866913086045 41.880177808549135 44.15129989247487 46.557855049952124 48.97482858108591 51.266786172348574 53.329548881943246 55.11102642934676 56.57996454549039 57.736363744462636 58.63231348644135 59.278231480266435 59.72620798412365 60.007496690816915 60.195023196731015 60.37213160656897 60.64300148845935 61.080558517809926 61.83065460637028 63.02872327309265 64.76852621287986 67.05006368116608 69.67539406785895 72.37365031436413 74.91563693090728 77.24926398343294 79.4370394500222 81.55188898863683 83.63548461742516 85.54197459956315
72.67064653052904 74.57649124504357 76.38918484373723 78.10700007810237 79.72928251921189 81.25634866843563 82.68937355771158 84.0302731010061 85.3352444978237 86.58233643216906 87.72996363016071 88.78101476162863 89.70117073634204 90.53067031314049 91.27317959942702 91.9516974790422 92.56069960276253 93.14312049583825 93.69362253901102 94.23603265177951 94.75464421034908 95.24307932035917 95.70457842460303 96.10198452273991 96.43772354618021 96.72421094255333 96.91299808929028 96.79230282220381 96.05659579232365 94.4286288213422 91.90580979933021 88.61947520004672 84.82553973323895 80.72004803360522 76.44866914275657 72.11644262272387 67.78740490206376 63.53592767132001 59.56039330750685 56.10091259593159 53.46005150049894 51.65083885025716 50.55121542687384 49.789706275285596 49.024971171050915 47.80081685841749 45.88866343064917 43.173897152647335 39.83268675382364 36.08306620670143 32.0911179015084 27.97215545331131 23.79842101308333 19.601975603597936 15.50741983342006 11.692276769586531 8.46871599812474 6.014171217843701 4.370685970618486 3.3928351309925584 2.841520938613098 2.6439838237677145 2.717057611323607 2.99835302350737 3.404594337693883 3.7796393105289114 4.050565775353388 4.175712899268301 4.196726540773645 4.155230317923696 4.051236905926988 3.884725713154822 3.6244574776989595 3.2287707288847183 2.7184792968445635 2.1456669343067856 1.635320539746381 1.2603653106325838 1.0520567117013502 0.9374900493174134 0.9166684701133634 0.947929938370787 1.041691986854891 1.218791638522729 1.4896467393106931 1.8959293483703885 2.448058492531814 3.1356178104510937 3.9169412283533824 4.7086875035900135 5.46918803237666 6.125517687860704 6.677672853838121 7.115237271291554 7.459041909376631 7.688253186917127 7.802868667954366 7.813304237342659 7.750814914104616 7.6987405149221955 7.761261238789995 8.063389872651253 8.688471718711991 9.719849328735465 11.178361170390444 13.011917607997816 15.1580135304772 17.491633219602786 19.9190163689701 22.315148786019 24.575849288656354 26.649029476233583 28.493015325857858 30.118225924536908 31.48298760056223 32.61855523885889 33.61868863157053 34.535478647033855 35.52519315344118 36.692012930889526 38.108862635867716 39.84866913086045 41.880177808549135 44.15129989247487 46.557855049952124 48.97482858108591 51.266786172348574 53.329548881943246 55.11102642934676 56.57996454549039 57.736363744462636 58.63231348644135 59.278231480266435 59.72620798412365 60.007496690816915 60.195023196731015 60.37213160656897 60.64300148845935 61.080558517809926 61.83065460637028 63.02872327309265 64.76852621287986 67.05006368116608 69.67539406785895 72.37365031436413 74.91563693090728 77.24926398343294 79.4370394500222 81.55188898863683 83.63548461742516 85.54197459956315
72.67064653052904 74.57649124504357 76.38918484373723 78.10700007810237 79.72928251921189 81.25634866843563 82.68937355771158 84.0302731010061 85.3352444978237 86.58233643216906 87.72996363016071 88.78101476162863 89.70117073634204 90.53067031314049 91.27317959942702 91.9516974790422 92.56069960276253 93.14312049583825 93.69362253901102 94.23603265177951 94.75464421034908 95.24307932035917 95.70457842460303 96.10198452273991 96.43772354618021 96.72421094255333 96.91299808929028 96.79230282220381 96.05659579232365 94.4286288213422 91.90580979933021 88.61947520004672 84.82553973323895 80.72004803360522 76.44866914275657 72.11644262272387 67.78740490206376 63.53592767132001 59.56039330750685 56.10091259593159 53.46005150049894 51.65083885025716 50.55121542687384 49.789706275285596 49.024971171050915 47.80081685841749 45.88866343064917 43.173897152647335 39.83268675382364 36.08306620670143 32.0911179015084 27.97215545331131 23.79842101308333 19.601975603597936 15.50741983342006 11.692276769586531 8.46871599812474 6.014171217843701 4.370685970618486 3.3928351309925584 2.841520938613098 2.6439838237677145 2.717057611323607 2.99835302350737 3.404594337693883 3.7796393105289114 4.050565775353388 4.175712899268301 4.196726540773645 4.155230317923696 4.051236905926988 3.884725713154822 3.6244574776989595 3.2287707288847183 2.7184792968445635 2.1456669343067856 1.635320539746381 1.2603653106325838 1.0520567117013502 0.9374900493174134 0.9166684701133634 0.947929938370787 1.041691986854891 1.218791638522729 1.4896467393106931 1.8959293483703885 2.448058492531814 3.1356178104510937 3.9169412283533824 4.7086875035900135 5.46918803237666 6.125517687860704 6.677672853838121 7.115237271291554 7.459041909376631 7.688253186917127 7.802868667954366 7.813304237342659 7.750814914104616 7.6987405149221955 7.761261238789995 8.063389872651253 8.688471718711991 9.719849328735465 11.178361170390444 13.011917607997816 15.1580135304772 17.491633219602786 19.9190163689701 22.315148786019 24.575849288656354 26.649029476233583 28.493015325857858 30.118225924536908 31.48298760056223 32.61855523885889 33.61868863157053 34.535478647033855 35.52519315344118 36.692012930889526 38.108862635867716 39.84866913086045 41.880177808549135 44.15129989247487 46.557855049952124 48.97482858108591 51.266786172348574 53.329548881943246 55.11102642934676 56.57996454549039 57.736363744462636 58.63231348644135 59.278231480266435 59.72620798412365 60.007496690816915 60.195023196731015 60.37213160656897 60.64300148845935 61.080558517809926 61.83065460637028 63.02872327309265 64.76852621287986 67.05006368116608 69.67539406785895 72.37365031436413 74.91563693090728 77.24926398343294 79.4370394500222 81.55188898863683 83.63548461742516 85.54197459956315
72.67064653052904 74.57649124504357 76.38918484373723 78.10700007810237 79.72928251921189 81.25634866843563 82.68937355771158 84.0302731010061 85.3352444978237 86.58233643216906 87.72996363016071 88.78101476162863 89.70117073634204 90.53067031314049 91.27317959942702 91.9516974790422 92.56069960276253 93.14312049583825 93.69362253901102 94.23603265177951 94.75464421034908 95.24307932035917 95.70457842460303 96.10198452273991 96.43772354618021 96.72421094255333 96.91299808929028 96.79230282220381 96.05659579232365 94.4286288213422 91.90580979933021 88.61947520004672 84.82553973323895 80.72004803360522 76.44866914275657 72.11644262272387 67.78740490206376 63.53592767132001 59.56039330750685 56.10091259593159 53.46005150049894 51.65083885025716 50.55121542687384 49.789706275285596 49.024971171050915 47.80081685841749 45.88866343064917 43.173897152647335 39.83268675382364 36.08306620670143 32.0911179015084 27.97215545331131 23.79842101308333 19.601975603597936 15.50741983342006 11.692276769586531 8.46871599812474 6.014171217843701 4.370685970618486 3.3928351309925584 2.841520938613098 2.6439838237677145 2.717057611323607 2.99835302350737 3.404594337693883 3.7796393105289114 4.050565775353388 4.175712899268301 4.196726540773645 4.155230317923696 4.051236905926988 3.884725713154822 3.6244574776989595 3.2287707288847183 2.7184792968445635 2.1456669343067856 1.635320539746381 1.2603653106325838 1.0520567117013502 0.9374900493174134 0.9166684701133634 0.947929938370787 1.041691986854891 1.218791638522729 1.4896467393106931 1.8959293483703885 2.448058492531814 3.1356178104510937 3.9169412283533824 4.7086875035900135 5.46918803237666 6.125517687860704 6.677672853838121 7.115237271291554 7.459041909376631 7.688253186917127 7.802868667954366 7.813304237342659 7.750814914104616 7.6987405149221955 7.761261238789995 8.063389872651253 8.688471718711991 9.719849328735465 11.178361170390444 13.011917607997816 15.1580135304772 17.491633219602786 19.9190163689701 22.315148786019 24.575849288656354 26.649029476233583 28.493015325857858 30.118225924536908 31.48298760056223 32.61855523885889 33.61868863157053 34.535478647033855 35.52519315344118 36.692012930889526 38.108862635867716 39.84866913086045 41.880177808549135 44.15129989247487 46.557855049952124 48.97482858108591 51.266786172348574 53.329548881943246 55.11102642934676 56.57996454549039 57.736363744462636 58.63231348644135 59.278231480266435 59.72620798412365 60.007496690816915 60.195023196731015 60.37213160656897 60.64300148845935 61.080558517809926 61.83065460637028 63.02872327309265 64.76852621287986 67.05006368116608 69.67539406785895 72.37365031436413 74.91563693090728 77.24926398343294 79.4370394500222 81.55188898863683 83.63548461742516 85.54197459956315
72.67064653052904 74.57649124504357 76.38918484373723 78.10700007810237 79.72928251921189 81.25634866843563 82.68937355771158 84.0302731010061 85.3352444978237 86.58233643216906 87.72996363016071 88.78101476162863 89.70117073634204 90.53067031314049 91.27317959942702 91.9516974790422 92.56069960276253 93.14312049583825 93.69362253901102 94.23603265177951 94.75464421034908 95.24307932035917 95.70457842460303 96.10198452273991 96.43772354618021 96.72421094255333 96.91299808929028 96.79230282220381 96.05659579232365 94.4286288213422 91.90580979933021 88.61947520004672 84.82553973323895 80.72004803360522 76.44866914275657 72.11644262272387 67.78740490206376 63.53592767132001 59.56039330750685 56.10091259593159 53.46005150049894 51.65083885025716 50.55121542687384 49.789706275285596 49.024971171050915 47.80081685841749 45.88866343064917 43.173897152647335 39.83268675382364 36.08306620670143 32.0911179015084 27.97215545331131 23.79842101308333 19.601975603597936 15.50741983342006 11.692276769586531 8.46871599812474 6.014171217843701 4.370685970618486 3.3928351309925584 2.841520938613098 2.6439838237677145 2.717057611323607 2.99835302350737 3.404594337693883 3.7796393105289114 4.050565775353388 4.175712899268301 4.196726540773645 4.155230317923696 4.051236905926988 3.884725713154822 3.6244574776989595 3.2287707288847183 2.7184792968445635 2.1456669343067856 1.635320539746381 1.2603653106325838 1.0520567117013502 0.9374900493174134 0.9166684701133634 0.947929938370787 1.041691986854891 1.218791638522729 1.4896467393106931 1.8959293483703885 2.448058492531814 3.1356178104510937 3.9169412283533824 4.7086875035900135 5.46918803237666 6.125517687860704 6.677672853838121 7.115237271291554 7.459041909376631 7.688253186917127 7.802868667954366 7.813304237342659 7.750814914104616 7.6987405149221955 7.761261238789995 8.063389872651253 8.688471718711991 9.719849328735465 11.178361170390444 13.011917607997816 15.1580135304772 17.491633219602786 19.9190163689701 22.315148786019 24.575849288656354 26.649029476233583 28.493015325857858 30.118225924536908 31.48298760056223 32.61855523885889 33.61868863157053 34.535478647033855 35.52519315344118 36.692012930889526 38.108862635867716 39.84866913086045 41.880177808549135 44.15129989247487 46.557855049952124 48.97482858108591 51.266786172348574 53.329548881943246 55.11102642934676 56.57996454549039 57.736363744462636 58.63231348644135 59.278231480266435 59.72620798412365 60.007496690816915 60.195023196731015 60.37213160656897 60.64300148845935 61.080558517809926 61.83065460637028 63.02872327309265 64.76852621287986 67.05006368116608 69.67539406785895 72.37365031436413 74.91563693090728 77.24926398343294 79.4370394500222 81.55188898863683 83.63548461742516 85.54197459956315
72.67064653052904 74.57649124504357 76.38918484373723 78.10700007810237 79.72928251921189 81.25634866843563 82.68937355771158 84.0302731010061 85.3352444978237 86.58233643216906 87.72996363016071 88.78101476162863 89.70117073634204 90.53067031314049 91.27317959942702 91.9516974790422 92.56069960276253 93.14312049583825 93.69362253901102 94.23603265177951 94.75464421034908 95.24307932035917 95.70457842460303 96.10198452273991 96.43772354618021 96.72421094255333 96.91299808929028 96.79230282220381 96.05659579232365 94.4286288213422 91.90580979933021 88.61947520004672 84.82553973323895 80.72004803360522 76.44866914275657 72.11644262272387 67.78740490206376 63.53592767132001 59.56039330750685 56.10091259593159 53.46005150049894 51.65083885025716 50.55121542687384 49.789706275285596 49.024971171050915 47.80081685841749 45.88866343064917 43.173897152647335 39.83268675382364 36.08306620670143 32.0911179015084 27.97215545331131 23.79842101308333 19.601975603597936 15.50741983342006 11.692276769586531 8.46871599812474 6.014171217843701 4.370685970618486 3.3928351309925584 2.841520938613098 2.6439838237677145 2.717057611323607 2.99835302350737 3.404594337693883 3.7796393105289114 4.050565775353388 4.175712899268301 4.196726540773645 4.155230317923696 4.051236905926988 3.884725713154822 3.6244574776989595 3.2287707288847183 2.7184792968445635 2.1456669343067856 1.635320539746381 1.2603653106325838 1.0520567117013502 0.9374900493174134 0.9166684701133634 0.947929938370787 1.041691986854891 1.218791638522729 1.4896467393106931 1.8959293483703885 2.448058492531814 3.1356178104510937 3.9169412283533824 4.7086875035900135 5.46918803237666 6.125517687860704 6.677672853838121 7.115237271291554 7.459041909376631 7.688253186917127 7.802868667954366 7.813304237342659 7.750814914104616 7.6987405149221955 7.761261238789995 8.063389872651253 8.688471718711991 9.719849328735465 11.178361170390444 13.011917607997816 15.1580135304772 17.491633219602786 19.9190163689701 22.315148786019 24.575849288656354 26.649029476233583 28.493015325857858 30.118225924536908 31.48298760056223 32.61855523885889 33.61868863157053 34.535478647033855 35.52519315344118 36.692012930889526 38.108862635867716 39.84866913086045 41.880177808549135 44.15129989247487 46.557855049952124 48.97482858108591 51.266786172348574 53.329548881943246 55.11102642934676 56.57996454549039 57.736363744462636 58.63231348644135 59.278231480266435 59.72620798412365 60.007496690816915 60.195023196731015 60.37213160656897 60.64300148845935 61.080558517809926 61.83065460637028 63.02872327309265 64.76852621287986 67.05006368116608 69.67539406785895 72.37365031436413 74.91563693090728 77.24926398343294 79.4370394500222 81.55188898863683 83.63548461742516 85.54197459956315