4 151 9
300.0440999999999 302.0443999999999 304.0446999999999 306.0449999999999 308.0452999999999 310.0455999999999 312.0458999999999 314.0461999999999 316.04649999999987 318.0467999999999 320.0470999999999 322.04739999999987 324.0476999999999 326.0479999999999 328.04829999999987 330.0485999999999 332.0488999999999 334.04919999999987 336.0494999999999 338.0497999999999 340.0500999999999 342.05039999999985 344.0506999999999 346.0509999999999 348.05129999999986 350.0515999999999 352.0518999999999 354.05219999999986 356.0524999999999 358.0527999999999 360.05309999999986 362.0533999999999 364.0536999999999 366.05399999999986 368.0542999999999 370.0545999999999 372.05489999999986 374.0551999999999 376.0554999999999 378.05579999999986 380.05609999999984 382.0563999999999 384.05669999999986 386.05699999999985 388.0572999999999 390.05759999999987 392.05789999999985 394.0581999999999 396.05849999999987 398.05879999999985 399.99 402.04 403.99 406.05 407.99 410.06 412.01 413.96 416.02 417.97 420.04 422.0 423.95 426.02 427.98 430.05 432.01 433.96 436.03 437.99 440.06 442.01 443.96 446.03 447.98 450.04 451.98 454.04 455.99 458.04 459.98 462.03 463.97 466.02 467.95 470.0 472.05 473.98 476.02 477.96 480.0 482.05 483.98 486.03 487.96 490.01 492.06 493.99 496.05 497.98 500.04 501.98 504.04 505.98 508.04 509.99 512.05 514.0 515.95 518.01 519.96 522.03 523.98 526.04 527.99 530.05 532.0 534.06 536.0 538.06 540.0 542.05 543.99 546.04 547.98 550.03 551.96 554.0 556.04 557.97 560.01 562.05 563.98 566.01 568.05 569.98 572.01 574.05 575.97 578.01 580.05 581.98 584.02 585.95 588.0 590.04 591.97 594.02 595.96 598.01 599.95
0.0 13.54 26.89 39.77 50.0 60.0 70.0 80.0 90.0
72.75349827254115 74.66151583898615 76.47627608810272 78.19604980214868 79.82018180608307 81.34898896211865 82.78364764184633 84.12607594356437 85.37881524501394 86.54491489050437 87.62782298236618 88.63128544052536 89.55925475475647 90.41580920981926 91.20508282822364 91.93120585164674 92.59825526473864 93.21021464352694 93.7709424712388 94.28414799238755 94.75337365698137 95.18198322743298 95.57315466959038 95.92987701656571 96.25495047190168 96.5509891010413 96.82042554256543 97.06551725006628 97.28835384973142 97.49086526647186 97.67483033212235 97.8418856427357 97.9935344784678 98.23284595613916 98.37819572651937 98.49158375673687 98.60460977753506 98.7182681012059 98.82324016040013 98.8998625121734 98.91810545879628 98.87853732030776 98.82268570314896 98.80237980796902 98.90027762223801 99.12726485506022 99.38121388742046 99.57005938587189 99.65295888694303 99.67123356529319 99.71679228368902 99.77666126172994 99.7973668650249 99.81716292141171 99.74673811706037 99.57777574971753 99.4886964497365 99.52183545402436 99.61619727589428 99.64707608496515 99.53338868066882 99.32557660302403 99.14780349761318 99.14479527837625 99.31584288843595 99.55873650798533 99.71838371890006 99.67150546212223 99.46990180315741 99.23673454309812 99.13732068928827 99.21252457496418 99.39048466205423 99.50651831169068 99.43668138726099 99.15034428307642 98.75032032784867 98.40173372575165 98.22806682438983 98.27073074269433 98.43685299578576 98.60292537058255 98.67608077498772 98.656442061855 98.62635352457225 98.70959723587777 98.95765961707754 99.32929081772818 99.71120616793581 99.9590636620183 99.95955096052947 99.74356251320464 99.41413831171693 99.09500358702576 98.83765159778804 98.54936726690535 98.04461874889186 97.14818544654227 95.77764485165636 94.05664726381802 92.20165329996613 90.47030625521971 89.01722397073745 87.79086145142519 86.47173285072655 84.57542029630058 81.89580262010772 78.5153227120441 74.7431818073501 70.76490129104363 66.35373168580867 61.1901745081423 55.181465936098085 48.42036883300493 41.17485209008827 33.88810219574032 27.065142061174846 21.035785673118077 15.903099667456747 11.522793410474497 7.760881427352772 4.7616573824543 2.7312542085049687 1.5356866055609708 0.9069828333345444 0.5771709792204094 0.40195841114529884 0.2988921879033579 0.24735907898150428 0.20613258503798612 0.18551934309136656 0.16490609603821432 0.16490610742338602 0.17521275066205932 0.20613266014487283 0.3195056395660979 0.42257199550097047 0.4431852831765301 0.4534919347670591 0.44318531596716215 0.4431853304889373 0.4328787070469533 0.42257208251832906 0.40195881945186146 0.3813455550997048 0.3298123785361205 0.20613274009627022 0.09275973456272579 0.06183982390935662 0.04122654982606226 0.030919912724864933
72.7214846066433 74.6286625895858 76.44262429114549 78.16164125448655 79.7850585928642 81.31319302906256 82.74722041703464 84.0890580110594 85.3412460705975 86.50683259815766 87.58926417880454 88.59228508414992 89.51984606475729 90.3760236108219 91.16494992576293 91.89075343383041 92.55750932568202 93.16919942445547 93.7296805155325 94.24266021125044 94.7116794028359 95.14010037254782 95.53109968783633 95.88766506655165 96.21259548006503 96.50850384355432 96.7778217251683 97.02280558515355 97.24554413020111 97.44796643599858 97.63185055164269 97.79883235303618 97.9504144588477 98.09814488880201 98.27387316217475 98.43811346415902 98.55108446132235 98.60340501026384 98.5958213749209 98.55972126150746 98.5674827633695 98.68136112145561 98.91241672744114 99.17933100400087 99.39028414105331 99.49430765784903 99.53275422733411 99.5881135555288 99.68129920969128 99.72760374598393 99.70402085952223 99.57378973413851 99.41958175394947 99.36728268361357 99.42524211912516 99.52380524947512 99.5170579874021 99.36489673497626 99.16066241140547 99.0370400209458 99.10864777785191 99.3333384969669 99.56754091033214 99.65726718888877 99.56053027069106 99.33987788827226 99.16985259832222 99.16415591671813 99.31282331322308 99.48147280609963 99.50570779857307 99.31301649598385 98.94484886325341 98.54563496179073 98.30058313790022 98.26152689965144 98.38703764958451 98.56400938711788 98.66859033003702 98.64942769286864 98.60944417563624 98.64154967731368 98.83838793210977 99.18978331035171 99.57196041452939 99.84073831636664 99.89300006539015 99.7184050418754 99.42009887451482 99.11140020425219 98.85420896481918 98.5763565847957 98.06137511928024 97.15470593682946 95.76354353406153 94.04253221327335 92.20810487974319 90.52824008336496 89.11634881760837 87.87964518254955 86.42647869681805 84.36515422082293 81.45861954121314 77.93362006255008 73.98600752651866 69.76007504564826 65.10122208125756 59.689914073450225 53.47461799441668 46.57902402690684 39.31234999940346 32.11781771089642 25.459258875496474 19.656206721931238 14.677740002092252 10.472324337326917 6.967808756631123 4.246654075675497 2.42224269034869 1.3811940774886802 0.8142862480881665 0.5256785797126905 0.3607598776449139 0.267993100305074 0.22676342759790094 0.185533740902841 0.17522633291814046 0.16491892144802822 0.17522637311087025 0.2061486934696505 0.27830076102173756 0.38137514769201103 0.4432197968367015 0.4535272638034353 0.4535272908812943 0.45352731407755786 0.4432198967183449 0.4329124764077481 0.4226050524267983 0.3916827457298997 0.35045299450472034 0.26799347390846306 0.15461162371659923 0.08245953454674473 0.05153721023237844 0.041229769005716496 0.04122976970801035 0.030922327787515407 0.03092232822131902 0.030922328636219822 0.030922328991565832
72.78051192937843 74.68923795016589 76.50467202682032 78.22508429953427 79.84981934999774 81.3791941580757 82.81438553215037 84.15731228271736 85.41051673114129 86.57704935396491 87.6603595338125 88.66419458148474 89.59250845433095 90.44938095139395 91.23894763016222 91.96534026588772 92.63263735702076 93.24482395870622 93.80575998684111 94.31915606319565 94.7885559531035 95.21732466795542 95.60864135359051 95.96549615296053 96.29069030933462 96.58683885876849 96.85637534309117 97.10155805409613 97.32447739385732 97.52706400387433 97.71109737646911 97.87821471536896 98.0299198589035 98.32035836891866 98.58821879081408 98.78352191138816 98.91730771533511 99.00060425386923 99.03418154039858 99.02899827936899 98.98573440586605 98.956314121331 98.99272852005541 99.07511368594055 99.14238988153302 99.12303186630507 99.0276389132787 98.94910823112313 98.97014189066671 99.12202886192276 99.32193139785599 99.47976383720959 99.50040782849817 99.42741474797333 99.38239239337074 99.41922595899936 99.5361332103439 99.63116644536984 99.60193694287933 99.42660895030188 99.16833288685703 98.9498489128223 98.85428265787367 98.89249835207725 98.9709361358159 99.01815319753504 99.00261614977347 98.96594426812887 98.99099364211932 99.13923055547698 99.36985824996728 99.62060319833229 99.77820101054071 99.82217893316606 99.75224015609159 99.60995539023216 99.41573863907502 99.09759550577438 98.60373336679129 97.90336561855547 97.016995103071 96.00669660688025 94.93428258287933 93.70698496168971 92.12860167667107 90.0547326311933 87.43371949882197 84.38939122441374 80.90117207525986 76.99997884567681 72.69617892293047 68.06200822202818 63.097455951324186 57.69933866416563 51.795380294000964 45.602365467705006 39.39898046603505 33.453599025615034 27.848815002852483 22.71881265963375 18.13585916693447 14.120599640849909 10.580143319268641 7.473203343121432 4.872039024469886 2.9624505325354926 1.7547633801162448 1.0735032149358836 0.7019064890251938 0.5057859306918839 0.39224239763860663 0.3406317620383796 0.3096653979076804 0.30966555052201955 0.33031005994754653 0.3922433543789385 0.5057876579425951 0.619332030449207 0.6812654250744608 0.7019100215540901 0.7122323917359664 0.7019103377242315 0.6812660445110694 0.6502995234244671 0.6090107588787683 0.5677219777541402 0.4748220775501987 0.35095549092544037 0.22708887178666493 0.14451111370227873 0.11354445661394616 0.09290001744398763 0.08257779898474288 0.07225557886429908 0.07225558317832059 0.06193336017765396 0.06193336319552556 0.06193336593487418 0.06193336826995413 0.06193337051723351 0.051611143788827786 0.051611145237537924 0.061933375949039124 0.061933377374500116 0.07225560853613604 0.08257783996899241 0.09290007154754465 0.11354453375130262 0.14451122680170636 0.20644461248669702 0.29934469154565013
72.67064653052904 74.57649124504357 76.38918484373723 78.10700007810237 79.72928251921189 81.25634866843563 82.68937355771158 84.0302731010061 85.28158578193741 86.44635747221905 87.52803234747986 88.53035206178924 89.45726460382322 90.31284361398764 91.10121840696421 91.82651452090757 92.4928042975944 93.10406677655277 93.66415604696604 94.1767771292569 94.64546843928866 95.07358990881869 95.46431588462495 95.82063199590628 96.14533525733135 96.44103675744338 96.71016636453244 96.95497896140078 97.17756179456804 97.37984259114515 97.56359815723177 97.7304632251238 97.8819393630405 98.08107708349179 98.29849743975068 98.48392035833614 98.63830692002979 98.72124478276925 98.774774397373 98.7996532611116 98.81727289552155 98.81795411948757 98.84373748152827 98.88486532582746 98.96261369032533 99.05673942854608 99.15729512621387 99.26466012008383 99.33763132035705 99.37648380855146 99.39101412241784 99.33181624371717 98.97814243973495 98.02027694403934 96.17512488238451 93.44459272348381 89.9619007810622 85.98808121844351 81.72142125539753 77.30668513194087 72.84910274488306 68.41047909370636 64.06426260569148 60.00870426214057 56.48294887458506 53.789577625874266 51.938874260829564 50.80624248261855 50.01706594376133 49.22750303966243 47.979558934718845 46.0438937744168 43.30601779388584 39.943018533138364 36.1734812181654 32.16417229679298 28.029602372340836 23.842778479652765 19.634919817396487 15.531085150358482 11.708356368266141 8.479285382789238 6.02097968402127 4.375149471620054 3.3959778812257757 2.843894022555583 2.6459866259705564 2.718924413713407 3.000210302568548 3.406506224942333 3.7815528681004333 4.052425817309207 4.177452128532116 4.1983025187855 4.15664486290681 4.052480338361467 3.885807761210919 3.6253731661269937 3.229506214210257 2.7190409667045916 2.1460668660278377 1.6355971705507064 1.2605576474390296 1.0522023389091981 0.9376071811138305 0.9167724175370758 0.9480269630745191 1.0417887563789627 1.2188937840844676 1.4897601663868894 1.8960595890358016 2.4482102919917486 3.135794374070645 3.9171404177190854 4.7089048297333305 5.4694160014055955 6.1257480369889885 6.677900999320876 7.115456575894523 7.45925078322456 7.688447409860683 7.803046582748883 7.813466009057674 7.750959679094219 7.698871085682394 7.761379981473943 8.06350182836777 8.688580536733868 9.71995985984509 11.178475779287643 13.012038671388277 15.158140746761221 17.491766371769305 19.919153962261365 22.31528783189754 24.57598818295058 26.64916525446133 28.493147065957107 30.118351471087923 31.483106692578094 32.61866654017406 33.61879267958233 34.53557506262672 35.525283159599134 36.69209679101634 38.10894171787774 39.84874372712488 41.880248995290394 44.151367595023366 46.557919874847165 48.974890097740385
72.67064653052904 74.57649124504357 76.38918484373723 78.10700007810237 79.72928251921189 81.25634866843563 82.68937355771158 84.0302731010061 85.28158578193741 86.44635747221905 87.52803234747986 88.53035206178924 89.45726460382322 90.31284361398764 91.10121840696421 91.82651452090757 92.4928042975944 93.10406677655277 93.66415604696604 94.1767771292569 94.64546843928866 95.07358990881869 95.46431588462495 95.82063199590628 96.14533525733135 96.44103675744338 96.71016636453244 96.95497896140078 97.17756179456804 97.37984259114515 97.56359815723177 97.7304632251238 97.8819393630405 98.08107708349179 98.29849743975068 98.48392035833614 98.63830692002979 98.72124478276925 98.774774397373 98.7996532611116 98.81727289552155 98.81795411948757 98.84373748152827 98.88486532582746 98.96261369032533 99.05673942854608 99.15729512621387 99.26466012008383 99.33763132035705 99.37648380855146 99.39101412241784 99.33181624371717 98.97814243973495 98.02027694403934 96.17512488238451 93.44459272348381 89.9619007810622 85.98808121844351 81.72142125539753 77.30668513194087 72.84910274488306 68.41047909370636 64.06426260569148 60.00870426214057 56.48294887458506 53.789577625874266 51.938874260829564 50.80624248261855 50.01706594376133 49.22750303966243 47.979558934718845 46.0438937744168 43.30601779388584 39.943018533138364 36.1734812181654 32.16417229679298 28.029602372340836 23.842778479652765 19.634919817396487 15.531085150358482 11.708356368266141 8.479285382789238 6.02097968402127 4.375149471620054 3.3959778812257757 2.843894022555583 2.6459866259705564 2.718924413713407 3.000210302568548 3.406506224942333 3.7815528681004333 4.052425817309207 4.177452128532116 4.1983025187855 4.15664486290681 4.052480338361467 3.885807761210919 3.6253731661269937 3.229506214210257 2.7190409667045916 2.1460668660278377 1.6355971705507064 1.2605576474390296 1.0522023389091981 0.9376071811138305 0.9167724175370758 0.9480269630745191 1.0417887563789627 1.2188937840844676 1.4897601663868894 1.8960595890358016 2.4482102919917486 3.135794374070645 3.9171404177190854 4.7089048297333305 5.4694160014055955 6.1257480369889885 6.677900999320876 7.115456575894523 7.45925078322456 7.688447409860683 7.803046582748883 7.813466009057674 7.750959679094219 7.698871085682394 7.761379981473943 8.06350182836777 8.688580536733868 9.71995985984509 11.178475779287643 13.012038671388277 15.158140746761221 17.491766371769305 19.919153962261365 22.31528783189754 24.57598818295058 26.64916525446133 28.493147065957107 30.118351471087923 31.483106692578094 32.61866654017406 33.61879267958233 34.53557506262672 35.525283159599134 36.69209679101634 38.10894171787774 39.84874372712488 41.880248995290394 44.151367595023366 46.557919874847165 48.974890097740385
72.67064653052904 74.57649124504357 76.38918484373723 78.10700007810237 79.72928251921189 81.25634866843563 82.68937355771158 84.0302731010061 85.28158578193741 86.44635747221905 87.52803234747986 88.53035206178924 89.45726460382322 90.31284361398764 91.10121840696421 91.82651452090757 92.4928042975944 93.10406677655277 93.66415604696604 94.1767771292569 94.64546843928866 95.07358990881869 95.46431588462495 95.82063199590628 96.14533525733135 96.44103675744338 96.71016636453244 96.95497896140078 97.17756179456804 97.37984259114515 97.56359815723177 97.7304632251238 97.8819393630405 98.08107708349179 98.29849743975068 98.48392035833614 98.63830692002979 98.72124478276925 98.774774397373 98.7996532611116 98.81727289552155 98.81795411948757 98.84373748152827 98.88486532582746 98.96261369032533 99.05673942854608 99.15729512621387 99.26466012008383 99.33763132035705 99.37648380855146 99.39101412241784 99.33181624371717 98.97814243973495 98.02027694403934 96.17512488238451 93.44459272348381 89.9619007810622 85.98808121844351 81.72142125539753 77.30668513194087 72.84910274488306 68.41047909370636 64.06426260569148 60.00870426214057 56.48294887458506 53.789577625874266 51.938874260829564 50.80624248261855 50.01706594376133 49.22750303966243 47.979558934718845 46.0438937744168 43.30601779388584 39.943018533138364 36.1734812181654 32.16417229679298 28.029602372340836 23.842778479652765 19.634919817396487 15.531085150358482 11.708356368266141 8.479285382789238 6.02097968402127 4.375149471620054 3.3959778812257757 2.843894022555583 2.6459866259705564 2.718924413713407 3.000210302568548 3.406506224942333 3.7815528681004333 4.052425817309207 4.177452128532116 4.1983025187855 4.15664486290681 4.052480338361467 3.885807761210919 3.6253731661269937 3.229506214210257 2.7190409667045916 2.1460668660278377 1.6355971705507064 1.2605576474390296 1.0522023389091981 0.9376071811138305 0.9167724175370758 0.9480269630745191 1.0417887563789627 1.2188937840844676 1.4897601663868894 1.8960595890358016 2.4482102919917486 3.135794374070645 3.9171404177190854 4.7089048297333305 5.4694160014055955 6.1257480369889885 6.677900999320876 7.115456575894523 7.45925078322456 7.688447409860683 7.803046582748883 7.813466009057674 7.750959679094219 7.698871085682394 7.761379981473943 8.06350182836777 8.688580536733868 9.71995985984509 11.178475779287643 13.012038671388277 15.158140746761221 17.491766371769305 19.919153962261365 22.31528783189754 24.57598818295058 26.64916525446133 28.493147065957107 30.118351471087923 31.483106692578094 32.61866654017406 33.61879267958233 34.53557506262672 35.525283159599134 36.69209679101634 38.10894171787774 39.84874372712488 41.880248995290394 44.151367595023366 46.557919874847165 48.974890097740385
72.67064653052904 74.57649124504357 76.38918484373723 78.10700007810237 79.72928251921189 81.25634866843563 82.68937355771158 84.0302731010061 85.28158578193741 86.44635747221905 87.52803234747986 88.53035206178924 89.45726460382322 90.31284361398764 91.10121840696421 91.82651452090757 92.4928042975944 93.10406677655277 93.66415604696604 94.1767771292569 94.64546843928866 95.07358990881869 95.46431588462495 95.82063199590628 96.14533525733135 96.44103675744338 96.71016636453244 96.95497896140078 97.17756179456804 97.37984259114515 97.56359815723177 97.7304632251238 97.8819393630405 98.08107708349179 98.29849743975068 98.48392035833614 98.63830692002979 98.72124478276925 98.774774397373 98.7996532611116 98.81727289552155 98.81795411948757 98.84373748152827 98.88486532582746 98.96261369032533 99.05673942854608 99.15729512621387 99.26466012008383 99.33763132035705 99.37648380855146 99.39101412241784 99.33181624371717 98.97814243973495 98.02027694403934 96.17512488238451 93.44459272348381 89.9619007810622 85.98808121844351 81.72142125539753 77.30668513194087 72.84910274488306 68.41047909370636 64.06426260569148 60.00870426214057 56.48294887458506 53.789577625874266 51.938874260829564 50.80624248261855 50.01706594376133 49.22750303966243 47.979558934718845 46.0438937744168 43.30601779388584 39.943018533138364 36.1734812181654 32.16417229679298 28.029602372340836 23.842778479652765 19.634919817396487 15.531085150358482 11.708356368266141 8.479285382789238 6.02097968402127 4.375149471620054 3.3959778812257757 2.843894022555583 2.6459866259705564 2.718924413713407 3.000210302568548 3.406506224942333 3.7815528681004333 4.052425817309207 4.177452128532116 4.1983025187855 4.15664486290681 4.052480338361467 3.885807761210919 3.6253731661269937 3.229506214210257 2.7190409667045916 2.1460668660278377 1.6355971705507064 1.2605576474390296 1.0522023389091981 0.9376071811138305 0.9167724175370758 0.9480269630745191 1.0417887563789627 1.2188937840844676 1.4897601663868894 1.8960595890358016 2.4482102919917486 3.135794374070645 3.9171404177190854 4.7089048297333305 5.4694160014055955 6.1257480369889885 6.677900999320876 7.115456575894523 7.45925078322456 7.688447409860683 7.803046582748883 7.813466009057674 7.750959679094219 7.698871085682394 7.761379981473943 8.06350182836777 8.688580536733868 9.71995985984509 11.178475779287643 13.012038671388277 15.158140746761221 17.491766371769305 19.919153962261365 22.31528783189754 24.57598818295058 26.64916525446133 28.493147065957107 30.118351471087923 31.483106692578094 32.61866654017406 33.61879267958233 34.53557506262672 35.525283159599134 36.69209679101634 38.10894171787774 39.84874372712488 41.880248995290394 44.151367595023366 46.557919874847165 48.974890097740385
72.67064653052904 74.57649124504357 76.38918484373723 78.10700007810237 79.72928251921189 81.25634866843563 82.68937355771158 84.0302731010061 85.28158578193741 86.44635747221905 87.52803234747986 88.53035206178924 89.45726460382322 90.31284361398764 91.10121840696421 91.82651452090757 92.4928042975944 93.10406677655277 93.66415604696604 94.1767771292569 94.64546843928866 95.07358990881869 95.46431588462495 95.82063199590628 96.14533525733135 96.44103675744338 96.71016636453244 96.95497896140078 97.17756179456804 97.37984259114515 97.56359815723177 97.7304632251238 97.8819393630405 98.08107708349179 98.29849743975068 98.48392035833614 98.63830692002979 98.72124478276925 98.774774397373 98.7996532611116 98.81727289552155 98.81795411948757 98.84373748152827 98.88486532582746 98.96261369032533 99.05673942854608 99.15729512621387 99.26466012008383 99.33763132035705 99.37648380855146 99.39101412241784 99.33181624371717 98.97814243973495 98.02027694403934 96.17512488238451 93.44459272348381 89.9619007810622 85.98808121844351 81.72142125539753 77.30668513194087 72.84910274488306 68.41047909370636 64.06426260569148 60.00870426214057 56.48294887458506 53.789577625874266 51.938874260829564 50.80624248261855 50.01706594376133 49.22750303966243 47.979558934718845 46.0438937744168 43.30601779388584 39.943018533138364 36.1734812181654 32.16417229679298 28.029602372340836 23.842778479652765 19.634919817396487 15.531085150358482 11.708356368266141 8.479285382789238 6.02097968402127 4.375149471620054 3.3959778812257757 2.843894022555583 2.6459866259705564 2.718924413713407 3.000210302568548 3.406506224942333 3.7815528681004333 4.052425817309207 4.177452128532116 4.1983025187855 4.15664486290681 4.052480338361467 3.885807761210919 3.6253731661269937 3.229506214210257 2.7190409667045916 2.1460668660278377 1.6355971705507064 1.2605576474390296 1.0522023389091981 0.9376071811138305 0.9167724175370758 0.9480269630745191 1.0417887563789627 1.2188937840844676 1.4897601663868894 1.8960595890358016 2.4482102919917486 3.135794374070645 3.9171404177190854 4.7089048297333305 5.4694160014055955 6.1257480369889885 6.677900999320876 7.115456575894523 7.45925078322456 7.688447409860683 7.803046582748883 7.813466009057674 7.750959679094219 7.698871085682394 7.761379981473943 8.06350182836777 8.688580536733868 9.71995985984509 11.178475779287643 13.012038671388277 15.158140746761221 17.491766371769305 19.919153962261365 22.31528783189754 24.57598818295058 26.64916525446133 28.493147065957107 30.118351471087923 31.483106692578094 32.61866654017406 33.61879267958233 34.53557506262672 35.525283159599134 36.69209679101634 38.10894171787774 39.84874372712488 41.880248995290394 44.151367595023366 46.557919874847165 48.974890097740385
72.67064653052904 74.57649124504357 76.38918484373723 78.10700007810237 79.72928251921189 81.25634866843563 82.68937355771158 84.0302731010061 85.28158578193741 86.44635747221905 87.52803234747986 88.53035206178924 89.45726460382322 90.31284361398764 91.10121840696421 91.82651452090757 92.4928042975944 93.10406677655277 93.66415604696604 94.1767771292569 94.64546843928866 95.07358990881869 95.46431588462495 95.82063199590628 96.14533525733135 96.44103675744338 96.71016636453244 96.95497896140078 97.17756179456804 97.37984259114515 97.56359815723177 97.7304632251238 97.8819393630405 98.08107708349179 98.29849743975068 98.48392035833614 98.63830692002979 98.72124478276925 98.774774397373 98.7996532611116 98.81727289552155 98.81795411948757 98.84373748152827 98.88486532582746 98.96261369032533 99.05673942854608 99.15729512621387 99.26466012008383 99.33763132035705 99.37648380855146 99.39101412241784 99.33181624371717 98.97814243973495 98.02027694403934 96.17512488238451 93.44459272348381 89.9619007810622 85.98808121844351 81.72142125539753 77.30668513194087 72.84910274488306 68.41047909370636 64.06426260569148 60.00870426214057 56.48294887458506 53.789577625874266 51.938874260829564 50.80624248261855 50.01706594376133 49.22750303966243 47.979558934718845 46.0438937744168 43.30601779388584 39.943018533138364 36.1734812181654 32.16417229679298 28.029602372340836 23.842778479652765 19.634919817396487 15.531085150358482 11.708356368266141 8.479285382789238 6.02097968402127 4.375149471620054 3.3959778812257757 2.843894022555583 2.6459866259705564 2.718924413713407 3.000210302568548 3.406506224942333 3.7815528681004333 4.052425817309207 4.177452128532116 4.1983025187855 4.15664486290681 4.052480338361467 3.885807761210919 3.6253731661269937 3.229506214210257 2.7190409667045916 2.1460668660278377 1.6355971705507064 1.2605576474390296 1.0522023389091981 0.9376071811138305 0.9167724175370758 0.9480269630745191 1.0417887563789627 1.2188937840844676 1.4897601663868894 1.8960595890358016 2.4482102919917486 3.135794374070645 3.9171404177190854 4.7089048297333305 5.4694160014055955 6.1257480369889885 6.677900999320876 7.115456575894523 7.45925078322456 7.688447409860683 7.803046582748883 7.813466009057674 7.750959679094219 7.698871085682394 7.761379981473943 8.06350182836777 8.688580536733868 9.71995985984509 11.178475779287643 13.012038671388277 15.158140746761221 17.491766371769305 19.919153962261365 22.31528783189754 24.57598818295058 26.64916525446133 28.493147065957107 30.118351471087923 31.483106692578094 32.61866654017406 33.61879267958233 34.53557506262672 35.525283159599134 36.69209679101634 38.10894171787774 39.84874372712488 41.880248995290394 44.151367595023366 46.557919874847165 48.974890097740385