4 151 9
300.0440999999999 302.0443999999999 304.0446999999999 306.0449999999999 308.0452999999999 310.0455999999999 312.0458999999999 314.0461999999999 316.04649999999987 318.0467999999999 320.0470999999999 322.04739999999987 324.0476999999999 326.0479999999999 328.04829999999987 330.0485999999999 332.0488999999999 334.04919999999987 336.0494999999999 338.0497999999999 340.0500999999999 342.05039999999985 344.0506999999999 346.0509999999999 348.05129999999986 350.0515999999999 352.0518999999999 354.05219999999986 356.0524999999999 358.0527999999999 360.05309999999986 362.0533999999999 364.0536999999999 366.05399999999986 368.0542999999999 370.0545999999999 372.05489999999986 374.0551999999999 376.0554999999999 378.05579999999986 380.05609999999984 382.0563999999999 384.05669999999986 386.05699999999985 388.0572999999999 390.05759999999987 392.05789999999985 394.0581999999999 396.05849999999987 398.05879999999985 399.99 402.04 403.99 406.05 407.99 410.06 412.01 413.96 416.02 417.97 420.04 422.0 423.95 426.02 427.98 430.05 432.01 433.96 436.03 437.99 440.06 442.01 443.96 446.03 447.98 450.04 451.98 454.04 455.99 458.04 459.98 462.03 463.97 466.02 467.95 470.0 472.05 473.98 476.02 477.96 480.0 482.05 483.98 486.03 487.96 490.01 492.06 493.99 496.05 497.98 500.04 501.98 504.04 505.98 508.04 509.99 512.05 514.0 515.95 518.01 519.96 522.03 523.98 526.04 527.99 530.05 532.0 534.06 536.0 538.06 540.0 542.05 543.99 546.04 547.98 550.03 551.96 554.0 556.04 557.97 560.01 562.05 563.98 566.01 568.05 569.98 572.01 574.05 575.97 578.01 580.05 581.98 584.02 585.95 588.0 590.04 591.97 594.02 595.96 598.01 599.95
0.0 13.54 26.89 39.77 50.0 60.0 70.0 80.0 90.0
72.75349827254115 74.66151583898615 76.47627608810272 78.19604980214868 79.82018180608307 81.34898896211865 82.78364764184633 84.12607594356437 85.37881524501394 86.54491489050437 87.62782298236618 88.63128544052536 89.55925475475647 90.41580920981926 91.20508282822364 91.93120585164674 92.59825526473864 93.21021464352694 93.7709424712388 94.28414799238755 94.75337365698137 95.18198322743298 95.57315466959038 95.92987701656571 96.25495047190168 96.5509891010413 96.82042554256543 97.06551725006628 97.28835384973142 97.49086526647186 97.67483033212235 97.8418856427357 97.9935344784678 98.13115563941439 98.25601208454894 98.36925928922695 98.47195326018974 98.56505816623248 98.64945355827675 98.72594116504327 98.79525126033782 98.85804860557086 98.91493797690983 98.96646929073086 99.013142344081 99.1580592834091 99.2169134718182 99.2516159895073 99.29331220092085 99.34231952238412 99.3877957528015 99.4117547510403 99.38095585874922 99.29779137098699 99.20139283954808 99.14554480909247 99.21079506300539 99.40860208724794 99.63678764325185 99.80151978627477 99.86290124406437 99.86107997092006 99.889326490428 99.93255914596826 99.93885097294596 99.94486007226767 99.8626045217993 99.68180742651107 99.58322846497353 99.60763595957981 99.69369309806208 99.71739670126735 99.59656072397016 99.38286932963204 99.19968204302191 99.19156246818685 99.35829996881111 99.59710508528535 99.7532193516674 99.70315855029021 99.49830566104602 99.26247671085397 99.1604437824472 99.23356112123699 99.4095931136911 99.52376075452824 99.45234485573822 99.16439471344475 98.7630479284061 98.41314557259642 98.23842043053581 98.28007978155813 98.44535031655818 98.61060783366224 98.68305673084677 98.66273717277609 98.63208256353361 98.71475919870379 98.96233141779881 99.33354879779509 99.71506770368572 99.96257693886717 99.96272493830989 99.74641431402827 99.4167264693812 99.09732709589693 98.83976178288862 98.55126224370774 98.04631667585791 97.14971738557782 95.77900412491768 94.05786298826118 92.20272586184785 90.47126386039108 89.01807196547995 87.79162241585038 86.47240742317477 84.57602020264918 81.89632531277466 78.51577835509367 74.74357518082643 70.76523720331433 66.35401733718862 61.190411927620694 55.18166010992217 48.42052250674077 41.17497057757613 33.888190131939346 27.06520589189293 21.03583030312648 15.903130354998812 11.522813460670225 7.760893680613104 4.7616641650512594 2.7312577469195647 1.5356883966241481 0.9069837952215951 0.5771715315787369 0.4019587603617115 0.2988924223964582 0.2473592542263836 0.20613271764140634 0.18551945086170546 0.16490618233922522 0.16490618598906154 0.175212826097314 0.20613274009627022 0.31950575238272216 0.42257213004727023 0.44318541063016925 0.45349205329801906
72.7214846066433 74.6286625895858 76.44262429114549 78.16164125448655 79.7850585928642 81.31319302906256 82.74722041703464 84.0890580110594 85.3412460705975 86.50683259815766 87.58926417880454 88.59228508414992 89.51984606475729 90.3760236108219 91.16494992576293 91.89075343383041 92.55750932568202 93.16919942445547 93.7296805155325 94.24266021125044 94.7116794028359 95.14010037254782 95.53109968783633 95.88766506655165 96.21259548006503 96.50850384355432 96.7778217251683 97.02280558515355 97.24554413020111 97.44796643599858 97.63185055164269 97.79883235303618 97.9504144588477 98.08797506246067 98.21277656710969 98.3259739397073 98.42862272232102 98.52168665948356 98.60604491508836 98.68249886507209 98.75177846189871 98.81454817446422 98.87141251281686 98.9229211513535 98.96957366719589 99.02208952410356 99.11170151134974 99.19773308151294 99.23941303793697 99.2267303198872 99.15907777345905 99.0698529755171 99.0286925551238 99.09977912699999 99.29146773001848 99.52380524947512 99.70234005647255 99.77668660955138 99.78871769196778 99.81961592462552 99.891301272357 99.91755752136842 99.87653296860357 99.72937063801767 99.56053027069106 99.4944042979294 99.54073507219918 99.62778054178331 99.611616951161 99.45056193935511 99.23780385296233 99.10693013678903 99.171550245777 99.39063570077086 99.61963908104428 99.70427611474858 99.60309195383203 99.37816212044936 99.20449660715859 99.19564788381327 99.34118231698973 99.50727845935259 99.52891681547278 99.33407435007999 98.96387163857894 98.56271090321195 98.31606764586843 98.27545137718676 98.39971842784503 98.57544005339726 98.67899036901042 98.65881275927063 98.61795639492047 98.64923514973421 98.84537536235607 99.19611245293102 99.57774438220423 99.84595943157878 99.89771602362482 99.7226797022246 99.42394913649456 99.11488368814089 98.85734784509366 98.57917501365282 98.06392805897165 97.15698395098708 95.76558808691641 94.04434052946985 92.20970173054194 90.52966763184838 89.11761355397019 87.88078106646434 86.42748407734328 84.36604720451348 81.45939553127462 77.93429558516615 73.98658469689082 69.76056986449458 65.10163758400988 59.69026046818616 53.47489943141023 46.579245131797016 39.31251923822005 32.11794232886964 25.459348462127966 19.65626910565099 14.677782239731297 10.472351511949793 6.967825189585193 4.2466630854747995 2.422247364448457 1.3811964808305266 0.8142875337232423 0.5256793284994363 0.36076034501921134 0.26799341286401146 0.22676366808845552 0.18553391846046347 0.17522648515257488 0.16491905083364197 0.17522649725236017 0.20614882608343313 0.2783009226898786 0.38137534727869443 0.44322000799845457 0.45352745906288144 0.4535274667881139 0.45352747421689266 0.44322003783890596 0.43291260090707745 0.422605162884733
72.78051192937843 74.68923795016589 76.50467202682032 78.22508429953427 79.84981934999774 81.3791941580757 82.81438553215037 84.15731228271736 85.41051673114129 86.57704935396491 87.6603595338125 88.66419458148474 89.59250845433095 90.44938095139395 91.23894763016222 91.96534026588772 92.63263735702076 93.24482395870622 93.80575998684111 94.31915606319565 94.7885559531035 95.21732466795542 95.60864135359051 95.96549615296053 96.29069030933462 96.58683885876849 96.85637534309117 97.10155805409613 97.32447739385732 97.52706400387433 97.71109737646911 97.87821471536896 98.0299198589035 98.16759211912233 98.29249492394051 98.40578417774601 98.50851627937959 98.60165575563602 98.68608248401756 98.76259849092992 98.8319343213324 98.89475498346393 98.9516654780477 99.00321592564596 99.04990630888233 99.24639593832288 99.42872707587271 99.54580694992175 99.60819417279433 99.62644047416019 99.59994219484358 99.5415589074056 99.4489012502662 99.37589795276713 99.37208729254189 99.41922595899936 99.45366748274628 99.40435708467052 99.28230339782455 99.1791251694673 99.17864573345508 99.31082918298583 99.49378239960865 99.63519782859227 99.64147093348404 99.55461328987427 99.49783557194824 99.52309199440899 99.63071029896855 99.71706120817335 99.67942167130674 99.49677398366687 99.23127323584234 99.00692491313917 98.90600762010985 98.93914653192662 99.0132457700909 99.05631344141038 99.03720173620778 98.99737328833903 99.01926074668756 99.16494743054241 99.39303558090106 99.64172627163262 99.79738400310693 99.83947607352812 99.76795333202847 99.62407095132599 99.42855200318684 99.10908805310842 98.61412656959786 97.91267970794046 97.02536985808071 96.01417678963662 94.94099401040671 93.712964255612 92.13395327215846 90.05944199274644 87.43784725321105 84.39300877108839 80.90430515107134 77.00268517597976 72.69848721717955 68.0639542051695 63.09909863683139 57.70069155705018 51.79648612601951 45.60324234218013 39.39966277366418 33.454126558620324 27.849210232341072 22.719106310499196 18.136070137459818 14.120749103804092 10.58024410769485 7.473268120272407 4.872077031610303 2.9624715456487074 1.7547745797372472 1.0735094447297848 0.7019101831600829 0.505788331595402 0.392244086233646 0.3406330836985304 0.30966648756547543 0.3096665333204401 0.33031101046970346 0.3922443722107863 0.5057888507975719 0.6193333444383374 0.681266739683677 0.7019112429101289 0.7122335162434072 0.7019113375389053 0.6812669271098799 0.6503002818653667 0.6090114047560014 0.56772252106968 0.4748224900696484 0.35095576626432323 0.22708903267084227 0.1445112066651062 0.1135445225732384 0.09290006606175018 0.08257783832701263 0.07225560997286837 0.07225561120364585 0.06193338204616506 0.06193338291501701 0.0619333837460091 0.061933384457720723
72.67064653052904 74.57649124504357 76.38918484373723 78.10700007810237 79.72928251921189 81.25634866843563 82.68937355771158 84.0302731010061 85.28158578193741 86.44635747221905 87.52803234747986 88.53035206178924 89.45726460382322 90.31284361398764 91.10121840696421 91.82651452090757 92.4928042975944 93.10406677655277 93.66415604696604 94.1767771292569 94.64546843928866 95.07358990881869 95.46431588462495 95.82063199590628 96.14533525733135 96.44103675744338 96.71016636453244 96.95497896140078 97.17756179456804 97.37984259114515 97.56359815723177 97.7304632251238 97.8819393630405 98.01940380089894 98.14411805941393 98.25723629808469 98.35981332107121 98.45281219917251 98.53711148167683 98.6135119842956 98.6827431491982 98.74546898076427 98.80229356644166 98.85376619636132 98.90038609840099 99.00486096440629 99.13653572181185 99.24389345478674 99.32724470060376 99.34531502115725 99.33905311545296 99.31102683052258 99.27965148708287 99.23695129184885 99.22252529230543 99.22831681947146 99.2733268477964 99.33787649957407 99.41229304123428 99.49541058984312 99.54690936591821 99.56576879660703 99.56298465401908 99.48701907165429 99.1184651218525 98.14567531968463 96.28684247993002 93.54221689308514 90.04738064037149 86.0622139030612 81.7849959440736 77.36124020727618 72.89533875406615 68.44993945235602 64.09778388038866 60.03701072497239 56.5070950835931 53.81030739444569 51.95701859372609 50.82237722910733 50.03134843130096 49.24027273273308 47.99074983440483 46.0536567000768 43.31434365072631 39.94993984066176 36.17917933856591 32.16873022814943 28.033215014624872 23.84554357459633 19.636989411485725 15.532562708503928 11.709367063516456 8.479946030499745 6.021405340250967 4.3754286429609675 3.396175147867988 2.8440427423927277 2.6461115432561457 2.7190409667045916 3.0003264923107626 3.4066259539495607 3.781672942317089 4.052541681541368 4.177560884740511 4.198400957584563 4.156733607326737 4.052558262314165 3.8858750552436443 3.625430334983479 3.229552047258783 2.719076111531261 2.146091830759312 1.6356144829305757 1.260569655747197 1.0522114593180287 0.9376144954574984 0.9167789203435835 0.948033013772184 1.041794802126335 1.2189001991242547 1.4897672380949136 1.896067751531329 2.4482197911117494 3.135805408376726 3.9171528497103387 4.70891838039048 5.469430193987147 6.125762484018127 6.677915167309766 7.115470306291587 7.459263762667378 7.688459548758634 7.8030576975595 7.813476131616785 7.750968718997556 7.698879250604739 7.761387409191241 8.063508833836753 8.68858735327933 9.719966746081893 11.178482970310453 13.012046230232514 15.1581486795357 17.491774705314146 19.919162538158076 22.315296487189933 24.57599686066916 26.649173739516222 28.49315526017163 30.118359343239195
72.67064653052904 74.57649124504357 76.38918484373723 78.10700007810237 79.72928251921189 81.25634866843563 82.68937355771158 84.0302731010061 85.28158578193741 86.44635747221905 87.52803234747986 88.53035206178924 89.45726460382322 90.31284361398764 91.10121840696421 91.82651452090757 92.4928042975944 93.10406677655277 93.66415604696604 94.1767771292569 94.64546843928866 95.07358990881869 95.46431588462495 95.82063199590628 96.14533525733135 96.44103675744338 96.71016636453244 96.95497896140078 97.17756179456804 97.37984259114515 97.56359815723177 97.7304632251238 97.8819393630405 98.01940380089894 98.14411805941393 98.25723629808469 98.35981332107121 98.45281219917251 98.53711148167683 98.6135119842956 98.6827431491982 98.74546898076427 98.80229356644166 98.85376619636132 98.90038609840099 99.00486096440629 99.13653572181185 99.24389345478674 99.32724470060376 99.34531502115725 99.33905311545296 99.31102683052258 99.27965148708287 99.23695129184885 99.22252529230543 99.22831681947146 99.2733268477964 99.33787649957407 99.41229304123428 99.49541058984312 99.54690936591821 99.56576879660703 99.56298465401908 99.48701907165429 99.1184651218525 98.14567531968463 96.28684247993002 93.54221689308514 90.04738064037149 86.0622139030612 81.7849959440736 77.36124020727618 72.89533875406615 68.44993945235602 64.09778388038866 60.03701072497239 56.5070950835931 53.81030739444569 51.95701859372609 50.82237722910733 50.03134843130096 49.24027273273308 47.99074983440483 46.0536567000768 43.31434365072631 39.94993984066176 36.17917933856591 32.16873022814943 28.033215014624872 23.84554357459633 19.636989411485725 15.532562708503928 11.709367063516456 8.479946030499745 6.021405340250967 4.3754286429609675 3.396175147867988 2.8440427423927277 2.6461115432561457 2.7190409667045916 3.0003264923107626 3.4066259539495607 3.781672942317089 4.052541681541368 4.177560884740511 4.198400957584563 4.156733607326737 4.052558262314165 3.8858750552436443 3.625430334983479 3.229552047258783 2.719076111531261 2.146091830759312 1.6356144829305757 1.260569655747197 1.0522114593180287 0.9376144954574984 0.9167789203435835 0.948033013772184 1.041794802126335 1.2189001991242547 1.4897672380949136 1.896067751531329 2.4482197911117494 3.135805408376726 3.9171528497103387 4.70891838039048 5.469430193987147 6.125762484018127 6.677915167309766 7.115470306291587 7.459263762667378 7.688459548758634 7.8030576975595 7.813476131616785 7.750968718997556 7.698879250604739 7.761387409191241 8.063508833836753 8.68858735327933 9.719966746081893 11.178482970310453 13.012046230232514 15.1581486795357 17.491774705314146 19.919162538158076 22.315296487189933 24.57599686066916 26.649173739516222 28.49315526017163 30.118359343239195
72.67064653052904 74.57649124504357 76.38918484373723 78.10700007810237 79.72928251921189 81.25634866843563 82.68937355771158 84.0302731010061 85.28158578193741 86.44635747221905 87.52803234747986 88.53035206178924 89.45726460382322 90.31284361398764 91.10121840696421 91.82651452090757 92.4928042975944 93.10406677655277 93.66415604696604 94.1767771292569 94.64546843928866 95.07358990881869 95.46431588462495 95.82063199590628 96.14533525733135 96.44103675744338 96.71016636453244 96.95497896140078 97.17756179456804 97.37984259114515 97.56359815723177 97.7304632251238 97.8819393630405 98.01940380089894 98.14411805941393 98.25723629808469 98.35981332107121 98.45281219917251 98.53711148167683 98.6135119842956 98.6827431491982 98.74546898076427 98.80229356644166 98.85376619636132 98.90038609840099 99.00486096440629 99.13653572181185 99.24389345478674 99.32724470060376 99.34531502115725 99.33905311545296 99.31102683052258 99.27965148708287 99.23695129184885 99.22252529230543 99.22831681947146 99.2733268477964 99.33787649957407 99.41229304123428 99.49541058984312 99.54690936591821 99.56576879660703 99.56298465401908 99.48701907165429 99.1184651218525 98.14567531968463 96.28684247993002 93.54221689308514 90.04738064037149 86.0622139030612 81.7849959440736 77.36124020727618 72.89533875406615 68.44993945235602 64.09778388038866 60.03701072497239 56.5070950835931 53.81030739444569 51.95701859372609 50.82237722910733 50.03134843130096 49.24027273273308 47.99074983440483 46.0536567000768 43.31434365072631 39.94993984066176 36.17917933856591 32.16873022814943 28.033215014624872 23.84554357459633 19.636989411485725 15.532562708503928 11.709367063516456 8.479946030499745 6.021405340250967 4.3754286429609675 3.396175147867988 2.8440427423927277 2.6461115432561457 2.7190409667045916 3.0003264923107626 3.4066259539495607 3.781672942317089 4.052541681541368 4.177560884740511 4.198400957584563 4.156733607326737 4.052558262314165 3.8858750552436443 3.625430334983479 3.229552047258783 2.719076111531261 2.146091830759312 1.6356144829305757 1.260569655747197 1.0522114593180287 0.9376144954574984 0.9167789203435835 0.948033013772184 1.041794802126335 1.2189001991242547 1.4897672380949136 1.896067751531329 2.4482197911117494 3.135805408376726 3.9171528497103387 4.70891838039048 5.469430193987147 6.125762484018127 6.677915167309766 7.115470306291587 7.459263762667378 7.688459548758634 7.8030576975595 7.813476131616785 7.750968718997556 7.698879250604739 7.761387409191241 8.063508833836753 8.68858735327933 9.719966746081893 11.178482970310453 13.012046230232514 15.1581486795357 17.491774705314146 19.919162538158076 22.315296487189933 24.57599686066916 26.649173739516222 28.49315526017163 30.118359343239195
72.67064653052904 74.57649124504357 76.38918484373723 78.10700007810237 79.72928251921189 81.25634866843563 82.68937355771158 84.0302731010061 85.28158578193741 86.44635747221905 87.52803234747986 88.53035206178924 89.45726460382322 90.31284361398764 91.10121840696421 91.82651452090757 92.4928042975944 93.10406677655277 93.66415604696604 94.1767771292569 94.64546843928866 95.07358990881869 95.46431588462495 95.82063199590628 96.14533525733135 96.44103675744338 96.71016636453244 96.95497896140078 97.17756179456804 97.37984259114515 97.56359815723177 97.7304632251238 97.8819393630405 98.01940380089894 98.14411805941393 98.25723629808469 98.35981332107121 98.45281219917251 98.53711148167683 98.6135119842956 98.6827431491982 98.74546898076427 98.80229356644166 98.85376619636132 98.90038609840099 99.00486096440629 99.13653572181185 99.24389345478674 99.32724470060376 99.34531502115725 99.33905311545296 99.31102683052258 99.27965148708287 99.23695129184885 99.22252529230543 99.22831681947146 99.2733268477964 99.33787649957407 99.41229304123428 99.49541058984312 99.54690936591821 99.56576879660703 99.56298465401908 99.48701907165429 99.1184651218525 98.14567531968463 96.28684247993002 93.54221689308514 90.04738064037149 86.0622139030612 81.7849959440736 77.36124020727618 72.89533875406615 68.44993945235602 64.09778388038866 60.03701072497239 56.5070950835931 53.81030739444569 51.95701859372609 50.82237722910733 50.03134843130096 49.24027273273308 47.99074983440483 46.0536567000768 43.31434365072631 39.94993984066176 36.17917933856591 32.16873022814943 28.033215014624872 23.84554357459633 19.636989411485725 15.532562708503928 11.709367063516456 8.479946030499745 6.021405340250967 4.3754286429609675 3.396175147867988 2.8440427423927277 2.6461115432561457 2.7190409667045916 3.0003264923107626 3.4066259539495607 3.781672942317089 4.052541681541368 4.177560884740511 4.198400957584563 4.156733607326737 4.052558262314165 3.8858750552436443 3.625430334983479 3.229552047258783 2.719076111531261 2.146091830759312 1.6356144829305757 1.260569655747197 1.0522114593180287 0.9376144954574984 0.9167789203435835 0.948033013772184 1.041794802126335 1.2189001991242547 1.4897672380949136 1.896067751531329 2.4482197911117494 3.135805408376726 3.9171528497103387 4.70891838039048 5.469430193987147 6.125762484018127 6.677915167309766 7.115470306291587 7.459263762667378 7.688459548758634 7.8030576975595 7.813476131616785 7.750968718997556 7.698879250604739 7.761387409191241 8.063508833836753 8.68858735327933 9.719966746081893 11.178482970310453 13.012046230232514 15.1581486795357 17.491774705314146 19.919162538158076 22.315296487189933 24.57599686066916 26.649173739516222 28.49315526017163 30.118359343239195
72.67064653052904 74.57649124504357 76.38918484373723 78.10700007810237 79.72928251921189 81.25634866843563 82.68937355771158 84.0302731010061 85.28158578193741 86.44635747221905 87.52803234747986 88.53035206178924 89.45726460382322 90.31284361398764 91.10121840696421 91.82651452090757 92.4928042975944 93.10406677655277 93.66415604696604 94.1767771292569 94.64546843928866 95.07358990881869 95.46431588462495 95.82063199590628 96.14533525733135 96.44103675744338 96.71016636453244 96.95497896140078 97.17756179456804 97.37984259114515 97.56359815723177 97.7304632251238 97.8819393630405 98.01940380089894 98.14411805941393 98.25723629808469 98.35981332107121 98.45281219917251 98.53711148167683 98.6135119842956 98.6827431491982 98.74546898076427 98.80229356644166 98.85376619636132 98.90038609840099 99.00486096440629 99.13653572181185 99.24389345478674 99.32724470060376 99.34531502115725 99.33905311545296 99.31102683052258 99.27965148708287 99.23695129184885 99.22252529230543 99.22831681947146 99.2733268477964 99.33787649957407 99.41229304123428 99.49541058984312 99.54690936591821 99.56576879660703 99.56298465401908 99.48701907165429 99.1184651218525 98.14567531968463 96.28684247993002 93.54221689308514 90.04738064037149 86.0622139030612 81.7849959440736 77.36124020727618 72.89533875406615 68.44993945235602 64.09778388038866 60.03701072497239 56.5070950835931 53.81030739444569 51.95701859372609 50.82237722910733 50.03134843130096 49.24027273273308 47.99074983440483 46.0536567000768 43.31434365072631 39.94993984066176 36.17917933856591 32.16873022814943 28.033215014624872 23.84554357459633 19.636989411485725 15.532562708503928 11.709367063516456 8.479946030499745 6.021405340250967 4.3754286429609675 3.396175147867988 2.8440427423927277 2.6461115432561457 2.7190409667045916 3.0003264923107626 3.4066259539495607 3.781672942317089 4.052541681541368 4.177560884740511 4.198400957584563 4.156733607326737 4.052558262314165 3.8858750552436443 3.625430334983479 3.229552047258783 2.719076111531261 2.146091830759312 1.6356144829305757 1.260569655747197 1.0522114593180287 0.9376144954574984 0.9167789203435835 0.948033013772184 1.041794802126335 1.2189001991242547 1.4897672380949136 1.896067751531329 2.4482197911117494 3.135805408376726 3.9171528497103387 4.70891838039048 5.469430193987147 6.125762484018127 6.677915167309766 7.115470306291587 7.459263762667378 7.688459548758634 7.8030576975595 7.813476131616785 7.750968718997556 7.698879250604739 7.761387409191241 8.063508833836753 8.68858735327933 9.719966746081893 11.178482970310453 13.012046230232514 15.1581486795357 17.491774705314146 19.919162538158076 22.315296487189933 24.57599686066916 26.649173739516222 28.49315526017163 30.118359343239195
72.67064653052904 74.57649124504357 76.38918484373723 78.10700007810237 79.72928251921189 81.25634866843563 82.68937355771158 84.0302731010061 85.28158578193741 86.44635747221905 87.52803234747986 88.53035206178924 89.45726460382322 90.31284361398764 91.10121840696421 91.82651452090757 92.4928042975944 93.10406677655277 93.66415604696604 94.1767771292569 94.64546843928866 95.07358990881869 95.46431588462495 95.82063199590628 96.14533525733135 96.44103675744338 96.71016636453244 96.95497896140078 97.17756179456804 97.37984259114515 97.56359815723177 97.7304632251238 97.8819393630405 98.01940380089894 98.14411805941393 98.25723629808469 98.35981332107121 98.45281219917251 98.53711148167683 98.6135119842956 98.6827431491982 98.74546898076427 98.80229356644166 98.85376619636132 98.90038609840099 99.00486096440629 99.13653572181185 99.24389345478674 99.32724470060376 99.34531502115725 99.33905311545296 99.31102683052258 99.27965148708287 99.23695129184885 99.22252529230543 99.22831681947146 99.2733268477964 99.33787649957407 99.41229304123428 99.49541058984312 99.54690936591821 99.56576879660703 99.56298465401908 99.48701907165429 99.1184651218525 98.14567531968463 96.28684247993002 93.54221689308514 90.04738064037149 86.0622139030612 81.7849959440736 77.36124020727618 72.89533875406615 68.44993945235602 64.09778388038866 60.03701072497239 56.5070950835931 53.81030739444569 51.95701859372609 50.82237722910733 50.03134843130096 49.24027273273308 47.99074983440483 46.0536567000768 43.31434365072631 39.94993984066176 36.17917933856591 32.16873022814943 28.033215014624872 23.84554357459633 19.636989411485725 15.532562708503928 11.709367063516456 8.479946030499745 6.021405340250967 4.3754286429609675 3.396175147867988 2.8440427423927277 2.6461115432561457 2.7190409667045916 3.0003264923107626 3.4066259539495607 3.781672942317089 4.052541681541368 4.177560884740511 4.198400957584563 4.156733607326737 4.052558262314165 3.8858750552436443 3.625430334983479 3.229552047258783 2.719076111531261 2.146091830759312 1.6356144829305757 1.260569655747197 1.0522114593180287 0.9376144954574984 0.9167789203435835 0.948033013772184 1.041794802126335 1.2189001991242547 1.4897672380949136 1.896067751531329 2.4482197911117494 3.135805408376726 3.9171528497103387 4.70891838039048 5.469430193987147 6.125762484018127 6.677915167309766 7.115470306291587 7.459263762667378 7.688459548758634 7.8030576975595 7.813476131616785 7.750968718997556 7.698879250604739 7.761387409191241 8.063508833836753 8.68858735327933 9.719966746081893 11.178482970310453 13.012046230232514 15.1581486795357 17.491774705314146 19.919162538158076 22.315296487189933 24.57599686066916 26.649173739516222 28.49315526017163 30.118359343239195