4 151 9
300.0440999999999 302.0443999999999 304.0446999999999 306.0449999999999 308.0452999999999 310.0455999999999 312.0458999999999 314.0461999999999 316.04649999999987 318.0467999999999 320.0470999999999 322.04739999999987 324.0476999999999 326.0479999999999 328.04829999999987 330.0485999999999 332.0488999999999 334.04919999999987 336.0494999999999 338.0497999999999 340.0500999999999 342.05039999999985 344.0506999999999 346.0509999999999 348.05129999999986 350.0515999999999 352.0518999999999 354.05219999999986 356.0524999999999 358.0527999999999 360.05309999999986 362.0533999999999 364.0536999999999 366.05399999999986 368.0542999999999 370.0545999999999 372.05489999999986 374.0551999999999 376.0554999999999 378.05579999999986 380.05609999999984 382.0563999999999 384.05669999999986 386.05699999999985 388.0572999999999 390.05759999999987 392.05789999999985 394.0581999999999 396.05849999999987 398.05879999999985 399.99 402.04 403.99 406.05 407.99 410.06 412.01 413.96 416.02 417.97 420.04 422.0 423.95 426.02 427.98 430.05 432.01 433.96 436.03 437.99 440.06 442.01 443.96 446.03 447.98 450.04 451.98 454.04 455.99 458.04 459.98 462.03 463.97 466.02 467.95 470.0 472.05 473.98 476.02 477.96 480.0 482.05 483.98 486.03 487.96 490.01 492.06 493.99 496.05 497.98 500.04 501.98 504.04 505.98 508.04 509.99 512.05 514.0 515.95 518.01 519.96 522.03 523.98 526.04 527.99 530.05 532.0 534.06 536.0 538.06 540.0 542.05 543.99 546.04 547.98 550.03 551.96 554.0 556.04 557.97 560.01 562.05 563.98 566.01 568.05 569.98 572.01 574.05 575.97 578.01 580.05 581.98 584.02 585.95 588.0 590.04 591.97 594.02 595.96 598.01 599.95
0.0 13.54 26.89 39.77 50.0 60.0 70.0 80.0 90.0
72.75349827254115 74.66151583898615 76.47627608810272 78.19604980214868 79.82018180608307 81.34898896211865 82.78364764184633 84.12607594356437 85.37881524501394 86.54491489050437 87.62782298236618 88.63128544052536 89.55925475475647 90.41580920981926 91.20508282822364 91.93120585164674 92.59825526473864 93.21021464352694 93.7709424712388 94.28414799238755 94.75337365698137 95.18198322743298 95.57315466959038 95.92987701656571 96.25495047190168 96.5509891010413 96.82042554256543 97.06551725006628 97.28835384973142 97.49086526647186 97.67483033212235 97.8418856427357 97.9935344784678 98.13115563941439 98.25601208454894 98.36925928922695 98.47195326018974 98.56505816623248 98.64945355827675 98.72594116504327 98.79525126033782 98.85804860557086 98.91493797690983 99.069025217457 99.13626749518247 99.17858890230838 99.22718224779332 99.28243309238128 99.3344146793234 99.36287665006593 99.33639004485033 99.25750045071284 99.16495502320441 99.11261107211858 99.18081377247213 99.38224270514905 99.61220817717255 99.7791840148798 99.84269131682748 99.84270477329066 99.87319851167048 99.91755752136842 99.92521050574923 99.93255914596826 99.8514603775667 99.67204702030688 99.57416291600082 99.59939171140029 99.68625270298821 99.71066413082472 99.59066117051138 99.37738077947134 99.19471240323409 99.18709177470586 99.35424683274306 99.59343977301329 99.74988007654963 99.70015434041757 99.49559223557321 99.26003340117781 99.15822859353544 99.23156024177877 99.40777808412862 99.52212065092799 99.45081624996054 99.1630553981641 98.7618467101077 98.41205623765163 98.23743846953634 98.27916600484653 98.44454384730152 98.60987870699961 98.68239418771404 98.66213929678601 98.63152510853301 98.71426894817186 98.96188681035002 99.33314357455701 99.7147007360137 99.96224214461658 99.96242291039253 99.74614079950061 99.41648053973988 99.09710411545588 98.83956114880425 98.55108077909166 98.0461578561647 97.14957100075185 95.77887321231448 94.05774674949959 92.20262250096991 90.47117261790014 89.01799052859155 87.79154996158707 86.4723426873193 84.57596308340787 81.89627525441557 78.51573506017323 74.74353777601836 70.76520532765464 66.35399021154998 61.19038934985103 55.18164163145511 48.42050787198282 41.17495930876711 33.88818177994118 27.065199683783458 21.03582605209495 15.903127452852546 11.522811503623425 7.7608925193221685 4.761663523103437 2.7312574041998303 1.5356882263909906 0.9069837046374404 0.5771714779258543 0.4019587274277524 0.2988924002818459 0.2473592371456686 0.20613270510100568 0.18551944066978773 0.16490617411312508 0.1649061785437382 0.1752128187354268 0.2061327324863269 0.31950574170686674 0.42257211719735394 0.4431853984663565 0.4534920420019486 0.44318541063016925 0.443185415723064
72.7214846066433 74.6286625895858 76.44262429114549 78.16164125448655 79.7850585928642 81.31319302906256 82.74722041703464 84.0890580110594 85.3412460705975 86.50683259815766 87.58926417880454 88.59228508414992 89.51984606475729 90.3760236108219 91.16494992576293 91.89075343383041 92.55750932568202 93.16919942445547 93.7296805155325 94.24266021125044 94.7116794028359 95.14010037254782 95.53109968783633 95.88766506655165 96.21259548006503 96.50850384355432 96.7778217251683 97.02280558515355 97.24554413020111 97.44796643599858 97.63185055164269 97.79883235303618 97.9504144588477 98.08797506246067 98.21277656710969 98.3259739397073 98.42862272232102 98.52168665948356 98.60604491508836 98.68249886507209 98.75177846189871 98.81454817446422 98.87141251281686 98.93317754545939 99.03114105361405 99.1247456401352 99.1733189819816 99.16691357040641 99.10581954415079 99.02114297850133 98.98428470811803 99.05956855187175 99.25499682812813 99.49074586358907 99.67221022209131 99.75022962543048 99.7641007461627 99.79727610328013 99.8710855976153 99.89917193144052 99.86040705546864 99.71439951556593 99.54694143978071 99.48215881243283 99.52962684691329 99.61802542565515 99.60254881784535 99.44233069175723 99.23039748206779 99.10023878291727 99.16567586760559 99.38514672170204 99.61464840252768 99.69978231259283 99.59902883193266 99.37450486558353 99.20117570073327 99.1926589660194 99.33847317643898 99.50482912397062 99.52669339507935 99.33207144393994 98.96206474704044 98.56108663724996 98.31455650493695 98.27412406798346 98.39852162858851 98.57434892201513 98.67800400420951 98.65789546122109 98.61714851166614 98.64850573746126 98.84471172944056 99.19551134479595 99.57718158245275 99.84546356312791 99.89726721377946 99.72227289155823 99.42358324018623 99.11455173298106 98.85704915696863 98.57890469981069 98.06368547578158 97.1567653365424 95.76539369307395 94.04416736354827 92.20955236525177 90.52953122208831 89.11749174628501 87.88067246147551 86.42738719061299 84.36596211928344 81.45932100933143 77.9342312661364 73.98652930829928 69.76052275101237 65.10159779124581 59.690227553972825 53.47487267033618 46.57922415053242 39.31250316719325 32.11793047813222 25.459339936655354 19.656263164683697 14.677778222700498 10.47234893096036 6.967823591333115 4.246662227286727 2.4222469224149714 1.3811962462466585 0.8142874118784174 0.5256792576295287 0.3607602997508035 0.2679933831565754 0.22676364544064714 0.18553390121354638 0.17522647079562473 0.1649190386315231 0.17522648515257488 0.2061488135420525 0.2783009074008073 0.3813753282543513 0.44321998798758444 0.4535274400070961 0.4535274500449303 0.45352745906288144 0.4432200243611113 0.4329125890252157 0.4226051523580266 0.39168282939211774 0.3504530619044127
72.78051192937843 74.68923795016589 76.50467202682032 78.22508429953427 79.84981934999774 81.3791941580757 82.81438553215037 84.15731228271736 85.41051673114129 86.57704935396491 87.6603595338125 88.66419458148474 89.59250845433095 90.44938095139395 91.23894763016222 91.96534026588772 92.63263735702076 93.24482395870622 93.80575998684111 94.31915606319565 94.7885559531035 95.21732466795542 95.60864135359051 95.96549615296053 96.29069030933462 96.58683885876849 96.85637534309117 97.10155805409613 97.32447739385732 97.52706400387433 97.71109737646911 97.87821471536896 98.0299198589035 98.16759211912233 98.29249492394051 98.40578417774601 98.50851627937959 98.60165575563602 98.68608248401756 98.76259849092992 98.8319343213324 98.89475498346393 98.9516654780477 99.15728255484866 99.34790893186788 99.47256340368884 99.54185450634796 99.56638276781136 99.54644717774971 99.49261698519923 99.40430496733381 99.33557534008557 99.3355867781559 99.38620131180836 99.42361279668611 99.37799882818494 99.2578113797019 99.15692869118038 99.1585742836098 99.29255523568315 99.47771828479856 99.62024084312598 99.62787105513374 99.5423603940279 99.48673213402216 99.51334712892509 99.62164042749194 99.70880790316903 99.67198234134591 99.49005630889978 99.22539532000887 99.00145712500517 98.90105269262823 98.9346872151621 99.00920670986372 99.0526680310245 99.0338864300388 98.99439034486439 99.01656038528319 99.1625065215139 99.39081519601848 99.63971716220405 99.79556189322246 99.83783076709159 99.76641987527475 99.6227254276536 99.42734269060938 99.10799101477747 98.61314085315551 97.9117693471971 97.02457502137531 96.01346686098061 94.9403565909177 93.71239637423254 92.13343254369323 90.05899472741652 87.43745442174034 84.39266449658396 80.90400741006589 77.00242727890401 72.69826756557738 68.06376756707917 63.098942547013856 57.70056172382431 51.796380984724344 45.60315837192267 39.399598952374745 33.45407615006921 27.849172167499596 22.719078233731363 18.136049806606103 14.120734862681916 10.580234428512416 7.473261952598073 4.872073384226311 2.9624695449146143 1.7547735071477788 1.0735088527786256 0.701909831894899 0.5057881037669179 0.3922439258835757 0.34063295801323 0.30966638386866785 0.30966643972593666 0.33031092006984053 0.39224427553922414 0.5057887347817334 0.6193332192801888 0.6812666153599948 0.7019111236967825 0.7122334096692986 0.7019112429101289 0.6812668416241288 0.6503002097786917 0.6090113439315592 0.5677224682951614 0.47482245116569605 0.3509557402976204 0.22708901698983183 0.14451119787354486 0.11354451633542113 0.09290006142756826 0.08257783459871884 0.07225560693691681 0.07225560853613604 0.06193337997674431 0.06193338103169643 0.06193338204616506 0.06193338291501701 0.0619333837460091 0.05161115371476727
72.67064653052904 74.57649124504357 76.38918484373723 78.10700007810237 79.72928251921189 81.25634866843563 82.68937355771158 84.0302731010061 85.28158578193741 86.44635747221905 87.52803234747986 88.53035206178924 89.45726460382322 90.31284361398764 91.10121840696421 91.82651452090757 92.4928042975944 93.10406677655277 93.66415604696604 94.1767771292569 94.64546843928866 95.07358990881869 95.46431588462495 95.82063199590628 96.14533525733135 96.44103675744338 96.71016636453244 96.95497896140078 97.17756179456804 97.37984259114515 97.56359815723177 97.7304632251238 97.8819393630405 98.01940380089894 98.14411805941393 98.25723629808469 98.35981332107121 98.45281219917251 98.53711148167683 98.6135119842956 98.6827431491982 98.74546898076427 98.80229356644166 98.91596445529359 99.05595507821181 99.17087204965367 99.26109214822392 99.28542678538092 99.28569822159064 99.26219825477267 99.2351311015232 99.19668505795237 99.18607971376802 99.19535558765024 99.24332666029123 99.31153587121229 99.38776895587917 99.47314332627298 99.52676338808381 99.54744793847799 99.54690936591821 99.47208433041054 99.10493662758904 98.13359583187665 96.27609737203466 93.53305764870858 90.03918318632581 86.05509077195322 81.77889212083234 77.35601704645917 72.89102083440356 68.44615921408442 64.09457275218217 60.034304778359726 56.50478998230558 53.80832710014007 51.95527931372579 50.82084587253204 50.02998402278797 49.23906070137126 47.989677747866644 46.052728104804935 43.31355281342637 39.94928148491168 36.17862325612614 32.16829575696571 28.032874057034515 23.845279628314135 19.636793126186507 15.532418291709536 11.70927113979308 8.47988332979356 6.021364913445296 4.375402128759083 3.396155953151929 2.844028617924628 2.6460996550873284 2.7190298745952455 3.0003154506211414 3.4066145444919593 3.7816615163500242 4.052530569071496 4.177550550603726 4.198391510697098 4.156725169604648 4.0525508002491195 3.885868760734018 3.6254248721987907 3.229547633044316 2.719072751237609 2.146089424952611 1.6356128333732105 1.2605685025333822 1.052210590929861 0.9376137935309731 0.9167783011879854 0.948032434295915 1.041794227663163 1.218899589135665 1.4897665670406592 1.8960669764155071 2.4482188877783546 3.135804358301813 3.917151665778799 4.708917091648772 5.469428846005128 6.125761078915049 6.67791381780145 7.115469007796566 7.459262495778148 7.688458398306283 7.803056645583612 7.813475151177474 7.75096785979208 7.698878481686405 7.761386687705885 8.063508173163827 8.688586710423483 9.719966074896242 11.178482290250264 13.012045515387229 15.158147923393951 17.491773915580772 19.919161701218048 22.31529566336087 24.575996039495244 26.649172929146516 28.49315447813911 30.11835859301853 31.483113417271905 32.618672813449294
72.67064653052904 74.57649124504357 76.38918484373723 78.10700007810237 79.72928251921189 81.25634866843563 82.68937355771158 84.0302731010061 85.28158578193741 86.44635747221905 87.52803234747986 88.53035206178924 89.45726460382322 90.31284361398764 91.10121840696421 91.82651452090757 92.4928042975944 93.10406677655277 93.66415604696604 94.1767771292569 94.64546843928866 95.07358990881869 95.46431588462495 95.82063199590628 96.14533525733135 96.44103675744338 96.71016636453244 96.95497896140078 97.17756179456804 97.37984259114515 97.56359815723177 97.7304632251238 97.8819393630405 98.01940380089894 98.14411805941393 98.25723629808469 98.35981332107121 98.45281219917251 98.53711148167683 98.6135119842956 98.6827431491982 98.74546898076427 98.80229356644166 98.91596445529359 99.05595507821181 99.17087204965367 99.26109214822392 99.28542678538092 99.28569822159064 99.26219825477267 99.2351311015232 99.19668505795237 99.18607971376802 99.19535558765024 99.24332666029123 99.31153587121229 99.38776895587917 99.47314332627298 99.52676338808381 99.54744793847799 99.54690936591821 99.47208433041054 99.10493662758904 98.13359583187665 96.27609737203466 93.53305764870858 90.03918318632581 86.05509077195322 81.77889212083234 77.35601704645917 72.89102083440356 68.44615921408442 64.09457275218217 60.034304778359726 56.50478998230558 53.80832710014007 51.95527931372579 50.82084587253204 50.02998402278797 49.23906070137126 47.989677747866644 46.052728104804935 43.31355281342637 39.94928148491168 36.17862325612614 32.16829575696571 28.032874057034515 23.845279628314135 19.636793126186507 15.532418291709536 11.70927113979308 8.47988332979356 6.021364913445296 4.375402128759083 3.396155953151929 2.844028617924628 2.6460996550873284 2.7190298745952455 3.0003154506211414 3.4066145444919593 3.7816615163500242 4.052530569071496 4.177550550603726 4.198391510697098 4.156725169604648 4.0525508002491195 3.885868760734018 3.6254248721987907 3.229547633044316 2.719072751237609 2.146089424952611 1.6356128333732105 1.2605685025333822 1.052210590929861 0.9376137935309731 0.9167783011879854 0.948032434295915 1.041794227663163 1.218899589135665 1.4897665670406592 1.8960669764155071 2.4482188877783546 3.135804358301813 3.917151665778799 4.708917091648772 5.469428846005128 6.125761078915049 6.67791381780145 7.115469007796566 7.459262495778148 7.688458398306283 7.803056645583612 7.813475151177474 7.75096785979208 7.698878481686405 7.761386687705885 8.063508173163827 8.688586710423483 9.719966074896242 11.178482290250264 13.012045515387229 15.158147923393951 17.491773915580772 19.919161701218048 22.31529566336087 24.575996039495244 26.649172929146516 28.49315447813911 30.11835859301853 31.483113417271905 32.618672813449294
72.67064653052904 74.57649124504357 76.38918484373723 78.10700007810237 79.72928251921189 81.25634866843563 82.68937355771158 84.0302731010061 85.28158578193741 86.44635747221905 87.52803234747986 88.53035206178924 89.45726460382322 90.31284361398764 91.10121840696421 91.82651452090757 92.4928042975944 93.10406677655277 93.66415604696604 94.1767771292569 94.64546843928866 95.07358990881869 95.46431588462495 95.82063199590628 96.14533525733135 96.44103675744338 96.71016636453244 96.95497896140078 97.17756179456804 97.37984259114515 97.56359815723177 97.7304632251238 97.8819393630405 98.01940380089894 98.14411805941393 98.25723629808469 98.35981332107121 98.45281219917251 98.53711148167683 98.6135119842956 98.6827431491982 98.74546898076427 98.80229356644166 98.91596445529359 99.05595507821181 99.17087204965367 99.26109214822392 99.28542678538092 99.28569822159064 99.26219825477267 99.2351311015232 99.19668505795237 99.18607971376802 99.19535558765024 99.24332666029123 99.31153587121229 99.38776895587917 99.47314332627298 99.52676338808381 99.54744793847799 99.54690936591821 99.47208433041054 99.10493662758904 98.13359583187665 96.27609737203466 93.53305764870858 90.03918318632581 86.05509077195322 81.77889212083234 77.35601704645917 72.89102083440356 68.44615921408442 64.09457275218217 60.034304778359726 56.50478998230558 53.80832710014007 51.95527931372579 50.82084587253204 50.02998402278797 49.23906070137126 47.989677747866644 46.052728104804935 43.31355281342637 39.94928148491168 36.17862325612614 32.16829575696571 28.032874057034515 23.845279628314135 19.636793126186507 15.532418291709536 11.70927113979308 8.47988332979356 6.021364913445296 4.375402128759083 3.396155953151929 2.844028617924628 2.6460996550873284 2.7190298745952455 3.0003154506211414 3.4066145444919593 3.7816615163500242 4.052530569071496 4.177550550603726 4.198391510697098 4.156725169604648 4.0525508002491195 3.885868760734018 3.6254248721987907 3.229547633044316 2.719072751237609 2.146089424952611 1.6356128333732105 1.2605685025333822 1.052210590929861 0.9376137935309731 0.9167783011879854 0.948032434295915 1.041794227663163 1.218899589135665 1.4897665670406592 1.8960669764155071 2.4482188877783546 3.135804358301813 3.917151665778799 4.708917091648772 5.469428846005128 6.125761078915049 6.67791381780145 7.115469007796566 7.459262495778148 7.688458398306283 7.803056645583612 7.813475151177474 7.75096785979208 7.698878481686405 7.761386687705885 8.063508173163827 8.688586710423483 9.719966074896242 11.178482290250264 13.012045515387229 15.158147923393951 17.491773915580772 19.919161701218048 22.31529566336087 24.575996039495244 26.649172929146516 28.49315447813911 30.11835859301853 31.483113417271905 32.618672813449294
72.67064653052904 74.57649124504357 76.38918484373723 78.10700007810237 79.72928251921189 81.25634866843563 82.68937355771158 84.0302731010061 85.28158578193741 86.44635747221905 87.52803234747986 88.53035206178924 89.45726460382322 90.31284361398764 91.10121840696421 91.82651452090757 92.4928042975944 93.10406677655277 93.66415604696604 94.1767771292569 94.64546843928866 95.07358990881869 95.46431588462495 95.82063199590628 96.14533525733135 96.44103675744338 96.71016636453244 96.95497896140078 97.17756179456804 97.37984259114515 97.56359815723177 97.7304632251238 97.8819393630405 98.01940380089894 98.14411805941393 98.25723629808469 98.35981332107121 98.45281219917251 98.53711148167683 98.6135119842956 98.6827431491982 98.74546898076427 98.80229356644166 98.91596445529359 99.05595507821181 99.17087204965367 99.26109214822392 99.28542678538092 99.28569822159064 99.26219825477267 99.2351311015232 99.19668505795237 99.18607971376802 99.19535558765024 99.24332666029123 99.31153587121229 99.38776895587917 99.47314332627298 99.52676338808381 99.54744793847799 99.54690936591821 99.47208433041054 99.10493662758904 98.13359583187665 96.27609737203466 93.53305764870858 90.03918318632581 86.05509077195322 81.77889212083234 77.35601704645917 72.89102083440356 68.44615921408442 64.09457275218217 60.034304778359726 56.50478998230558 53.80832710014007 51.95527931372579 50.82084587253204 50.02998402278797 49.23906070137126 47.989677747866644 46.052728104804935 43.31355281342637 39.94928148491168 36.17862325612614 32.16829575696571 28.032874057034515 23.845279628314135 19.636793126186507 15.532418291709536 11.70927113979308 8.47988332979356 6.021364913445296 4.375402128759083 3.396155953151929 2.844028617924628 2.6460996550873284 2.7190298745952455 3.0003154506211414 3.4066145444919593 3.7816615163500242 4.052530569071496 4.177550550603726 4.198391510697098 4.156725169604648 4.0525508002491195 3.885868760734018 3.6254248721987907 3.229547633044316 2.719072751237609 2.146089424952611 1.6356128333732105 1.2605685025333822 1.052210590929861 0.9376137935309731 0.9167783011879854 0.948032434295915 1.041794227663163 1.218899589135665 1.4897665670406592 1.8960669764155071 2.4482188877783546 3.135804358301813 3.917151665778799 4.708917091648772 5.469428846005128 6.125761078915049 6.67791381780145 7.115469007796566 7.459262495778148 7.688458398306283 7.803056645583612 7.813475151177474 7.75096785979208 7.698878481686405 7.761386687705885 8.063508173163827 8.688586710423483 9.719966074896242 11.178482290250264 13.012045515387229 15.158147923393951 17.491773915580772 19.919161701218048 22.31529566336087 24.575996039495244 26.649172929146516 28.49315447813911 30.11835859301853 31.483113417271905 32.618672813449294
72.67064653052904 74.57649124504357 76.38918484373723 78.10700007810237 79.72928251921189 81.25634866843563 82.68937355771158 84.0302731010061 85.28158578193741 86.44635747221905 87.52803234747986 88.53035206178924 89.45726460382322 90.31284361398764 91.10121840696421 91.82651452090757 92.4928042975944 93.10406677655277 93.66415604696604 94.1767771292569 94.64546843928866 95.07358990881869 95.46431588462495 95.82063199590628 96.14533525733135 96.44103675744338 96.71016636453244 96.95497896140078 97.17756179456804 97.37984259114515 97.56359815723177 97.7304632251238 97.8819393630405 98.01940380089894 98.14411805941393 98.25723629808469 98.35981332107121 98.45281219917251 98.53711148167683 98.6135119842956 98.6827431491982 98.74546898076427 98.80229356644166 98.91596445529359 99.05595507821181 99.17087204965367 99.26109214822392 99.28542678538092 99.28569822159064 99.26219825477267 99.2351311015232 99.19668505795237 99.18607971376802 99.19535558765024 99.24332666029123 99.31153587121229 99.38776895587917 99.47314332627298 99.52676338808381 99.54744793847799 99.54690936591821 99.47208433041054 99.10493662758904 98.13359583187665 96.27609737203466 93.53305764870858 90.03918318632581 86.05509077195322 81.77889212083234 77.35601704645917 72.89102083440356 68.44615921408442 64.09457275218217 60.034304778359726 56.50478998230558 53.80832710014007 51.95527931372579 50.82084587253204 50.02998402278797 49.23906070137126 47.989677747866644 46.052728104804935 43.31355281342637 39.94928148491168 36.17862325612614 32.16829575696571 28.032874057034515 23.845279628314135 19.636793126186507 15.532418291709536 11.70927113979308 8.47988332979356 6.021364913445296 4.375402128759083 3.396155953151929 2.844028617924628 2.6460996550873284 2.7190298745952455 3.0003154506211414 3.4066145444919593 3.7816615163500242 4.052530569071496 4.177550550603726 4.198391510697098 4.156725169604648 4.0525508002491195 3.885868760734018 3.6254248721987907 3.229547633044316 2.719072751237609 2.146089424952611 1.6356128333732105 1.2605685025333822 1.052210590929861 0.9376137935309731 0.9167783011879854 0.948032434295915 1.041794227663163 1.218899589135665 1.4897665670406592 1.8960669764155071 2.4482188877783546 3.135804358301813 3.917151665778799 4.708917091648772 5.469428846005128 6.125761078915049 6.67791381780145 7.115469007796566 7.459262495778148 7.688458398306283 7.803056645583612 7.813475151177474 7.75096785979208 7.698878481686405 7.761386687705885 8.063508173163827 8.688586710423483 9.719966074896242 11.178482290250264 13.012045515387229 15.158147923393951 17.491773915580772 19.919161701218048 22.31529566336087 24.575996039495244 26.649172929146516 28.49315447813911 30.11835859301853 31.483113417271905 32.618672813449294
72.67064653052904 74.57649124504357 76.38918484373723 78.10700007810237 79.72928251921189 81.25634866843563 82.68937355771158 84.0302731010061 85.28158578193741 86.44635747221905 87.52803234747986 88.53035206178924 89.45726460382322 90.31284361398764 91.10121840696421 91.82651452090757 92.4928042975944 93.10406677655277 93.66415604696604 94.1767771292569 94.64546843928866 95.07358990881869 95.46431588462495 95.82063199590628 96.14533525733135 96.44103675744338 96.71016636453244 96.95497896140078 97.17756179456804 97.37984259114515 97.56359815723177 97.7304632251238 97.8819393630405 98.01940380089894 98.14411805941393 98.25723629808469 98.35981332107121 98.45281219917251 98.53711148167683 98.6135119842956 98.6827431491982 98.74546898076427 98.80229356644166 98.91596445529359 99.05595507821181 99.17087204965367 99.26109214822392 99.28542678538092 99.28569822159064 99.26219825477267 99.2351311015232 99.19668505795237 99.18607971376802 99.19535558765024 99.24332666029123 99.31153587121229 99.38776895587917 99.47314332627298 99.52676338808381 99.54744793847799 99.54690936591821 99.47208433041054 99.10493662758904 98.13359583187665 96.27609737203466 93.53305764870858 90.03918318632581 86.05509077195322 81.77889212083234 77.35601704645917 72.89102083440356 68.44615921408442 64.09457275218217 60.034304778359726 56.50478998230558 53.80832710014007 51.95527931372579 50.82084587253204 50.02998402278797 49.23906070137126 47.989677747866644 46.052728104804935 43.31355281342637 39.94928148491168 36.17862325612614 32.16829575696571 28.032874057034515 23.845279628314135 19.636793126186507 15.532418291709536 11.70927113979308 8.47988332979356 6.021364913445296 4.375402128759083 3.396155953151929 2.844028617924628 2.6460996550873284 2.7190298745952455 3.0003154506211414 3.4066145444919593 3.7816615163500242 4.052530569071496 4.177550550603726 4.198391510697098 4.156725169604648 4.0525508002491195 3.885868760734018 3.6254248721987907 3.229547633044316 2.719072751237609 2.146089424952611 1.6356128333732105 1.2605685025333822 1.052210590929861 0.9376137935309731 0.9167783011879854 0.948032434295915 1.041794227663163 1.218899589135665 1.4897665670406592 1.8960669764155071 2.4482188877783546 3.135804358301813 3.917151665778799 4.708917091648772 5.469428846005128 6.125761078915049 6.67791381780145 7.115469007796566 7.459262495778148 7.688458398306283 7.803056645583612 7.813475151177474 7.75096785979208 7.698878481686405 7.761386687705885 8.063508173163827 8.688586710423483 9.719966074896242 11.178482290250264 13.012045515387229 15.158147923393951 17.491773915580772 19.919161701218048 22.31529566336087 24.575996039495244 26.649172929146516 28.49315447813911 30.11835859301853 31.483113417271905 32.618672813449294