4 151 9
300.0440999999999 302.0443999999999 304.0446999999999 306.0449999999999 308.0452999999999 310.0455999999999 312.0458999999999 314.0461999999999 316.04649999999987 318.0467999999999 320.0470999999999 322.04739999999987 324.0476999999999 326.0479999999999 328.04829999999987 330.0485999999999 332.0488999999999 334.04919999999987 336.0494999999999 338.0497999999999 340.0500999999999 342.05039999999985 344.0506999999999 346.0509999999999 348.05129999999986 350.0515999999999 352.0518999999999 354.05219999999986 356.0524999999999 358.0527999999999 360.05309999999986 362.0533999999999 364.0536999999999 366.05399999999986 368.0542999999999 370.0545999999999 372.05489999999986 374.0551999999999 376.0554999999999 378.05579999999986 380.05609999999984 382.0563999999999 384.05669999999986 386.05699999999985 388.0572999999999 390.05759999999987 392.05789999999985 394.0581999999999 396.05849999999987 398.05879999999985 399.99 402.04 403.99 406.05 407.99 410.06 412.01 413.96 416.02 417.97 420.04 422.0 423.95 426.02 427.98 430.05 432.01 433.96 436.03 437.99 440.06 442.01 443.96 446.03 447.98 450.04 451.98 454.04 455.99 458.04 459.98 462.03 463.97 466.02 467.95 470.0 472.05 473.98 476.02 477.96 480.0 482.05 483.98 486.03 487.96 490.01 492.06 493.99 496.05 497.98 500.04 501.98 504.04 505.98 508.04 509.99 512.05 514.0 515.95 518.01 519.96 522.03 523.98 526.04 527.99 530.05 532.0 534.06 536.0 538.06 540.0 542.05 543.99 546.04 547.98 550.03 551.96 554.0 556.04 557.97 560.01 562.05 563.98 566.01 568.05 569.98 572.01 574.05 575.97 578.01 580.05 581.98 584.02 585.95 588.0 590.04 591.97 594.02 595.96 598.01 599.95
0.0 13.54 26.89 39.77 50.0 60.0 70.0 80.0 90.0
72.75349827254115 74.66151583898615 76.47627608810272 78.19604980214868 79.82018180608307 81.34898896211865 82.78364764184633 84.12607594356437 85.37881524501394 86.54491489050437 87.62782298236618 88.63128544052536 89.55925475475647 90.41580920981926 91.20508282822364 91.93120585164674 92.59825526473864 93.21021464352694 93.7709424712388 94.28414799238755 94.75337365698137 95.18198322743298 95.57315466959038 95.92987701656571 96.25495047190168 96.5509891010413 96.82042554256543 97.06551725006628 97.28835384973142 97.49086526647186 97.67483033212235 97.8418856427357 97.9935344784678 98.13115563941439 98.25601208454894 98.36925928922695 98.47195326018974 98.56505816623248 98.64945355827675 98.72594116504327 98.79525126033782 98.85804860557086 98.91493797690983 98.96646929073086 99.013142344081 99.05541118891283 99.09368816011649 99.12834757801132 99.26248534211895 99.31148383086139 99.33639004485033 99.37062027095297 99.41181312096991 99.45210828671065 99.46892071153525 99.43369876950919 99.34459943439445 99.24389900830045 99.18379956138544 99.24552246156014 99.44071327221383 99.6654152788042 99.82753290769344 99.88637280383261 99.882361386555 99.90896900061558 99.95000487060024 99.95464719374746 99.9591046374217 99.87550920481658 99.69369309806208 99.59375454788697 99.61716833016177 99.70229586661686 99.72520232807376 99.60374431929087 99.3892141878431 99.20551791578292 99.19674478090397 99.36308576143652 99.6013593178674 99.75714021605758 99.70664036532703 99.50150925595007 99.26531213674815 99.1630553981641 99.23592006382418 99.41173886986988 99.52569694715827 99.45406375280714 99.16597580598149 98.76447195330029 98.41443155075524 98.23958129917101 98.28111007679946 98.44630371611376 98.6114697981076 98.68383997991111 98.6634449763162 98.63271031281376 98.71534040991234 98.96284810465022 99.33402855505007 99.71549478076292 99.96297221921297 99.96307597536185 99.74673769914453 99.41701271729814 99.09758591804625 98.8399946666339 98.55147287662358 98.04651003805924 97.14988754457613 95.77915869840673 94.05799754046195 92.20284739753433 90.47136976884721 89.01816798565451 87.79170639494271 86.47248364390074 84.57608631189488 81.89638433112957 78.51582852977681 74.74361921830979 70.76527424630662 66.3540493610892 61.190438127426646 55.18168186326133 48.42053971062946 41.17498386133773 33.88820000468963 27.065213012271922 21.035835328195677 15.903133780679854 11.522815702098391 7.760895051395862 4.761664924913375 2.7312581405065224 1.5356885972793595 0.906983902444425 0.5771715931948952 0.40195879940074236 0.29889244861052544 0.2473592735088378 0.2061327324863269 0.18551946292656776 0.16490619207701618 0.1649061947781792 0.17521283440984378 0.2061327491303113 0.3195057648236043
72.7214846066433 74.6286625895858 76.44262429114549 78.16164125448655 79.7850585928642 81.31319302906256 82.74722041703464 84.0890580110594 85.3412460705975 86.50683259815766 87.58926417880454 88.59228508414992 89.51984606475729 90.3760236108219 91.16494992576293 91.89075343383041 92.55750932568202 93.16919942445547 93.7296805155325 94.24266021125044 94.7116794028359 95.14010037254782 95.53109968783633 95.88766506655165 96.21259548006503 96.50850384355432 96.7778217251683 97.02280558515355 97.24554413020111 97.44796643599858 97.63185055164269 97.79883235303618 97.9504144588477 98.08797506246067 98.21277656710969 98.3259739397073 98.42862272232102 98.52168665948356 98.60604491508836 98.68249886507209 98.75177846189871 98.81454817446422 98.87141251281686 98.9229211513535 98.96957366719589 99.01182391250042 99.05008404071788 99.0847282074557 99.12637238934865 99.2061715857486 99.28246111369978 99.31667914300515 99.29614305958347 99.2232423069755 99.12682232804106 99.08124851465324 99.14649384926115 99.33401249438312 99.56220595143711 99.73723951371188 99.80891669398804 99.81738898005216 99.84563376277642 99.9147795072063 99.93885097294596 99.89617296303805 99.7467808910197 99.57626669455385 99.50858466221686 99.55359816183685 99.63965977137843 99.6221460347761 99.46007927807976 99.24636728192058 99.11468797780945 99.17870318639176 99.39698105480703 99.62549965968931 99.70948521444622 99.6078895373564 99.38240700100965 99.20839590364868 99.1991119756576 99.34438085291774 99.51012087799205 99.53153813576469 99.33643568202955 98.96600777385918 98.56462839902399 98.31776690394776 98.27701829627264 98.40113721403644 98.57672815228047 98.6801564437943 98.65984702486676 98.61891146608937 98.65009745182451 98.8461598997461 99.19682408288952 99.5783781502007 99.84654730305029 99.89823759416198 99.72316133888867 99.42437496671842 99.11527561646746 98.85769500041555 98.57949461449454 98.06421041181238 97.15723770535307 95.76581372737142 94.04454152977377 92.20988358205369 90.52982619574313 89.11775737693628 87.88090678218998 86.42759800047853 84.3661459660144 81.45948339821227 77.93437013500613 73.98664991204286 69.76062439317356 65.10168449932064 59.690298612619905 53.474930937797076 46.579269514314284 39.31253821130198 32.11795608076034 25.459358498539356 19.65627608955468 14.677786975039115 10.472354562892052 6.967827022697282 4.246664099923744 2.4222478862228933 1.3811967495021236 0.8142876775483425 0.5256794123868742 0.36076039700645673 0.2679934478804087 0.22676369489625772 0.18553393826720488 0.17522650217091815 0.16491906529770586 0.17522651091183256 0.20614884092951377 0.2783009407885863 0.3813753697990958 0.44322003162105417 0.45352748057934567 0.4535274866645574 0.45352749187629887
72.78051192937843 74.68923795016589 76.50467202682032 78.22508429953427 79.84981934999774 81.3791941580757 82.81438553215037 84.15731228271736 85.41051673114129 86.57704935396491 87.6603595338125 88.66419458148474 89.59250845433095 90.44938095139395 91.23894763016222 91.96534026588772 92.63263735702076 93.24482395870622 93.80575998684111 94.31915606319565 94.7885559531035 95.21732466795542 95.60864135359051 95.96549615296053 96.29069030933462 96.58683885876849 96.85637534309117 97.10155805409613 97.32447739385732 97.52706400387433 97.71109737646911 97.87821471536896 98.0299198589035 98.16759211912233 98.29249492394051 98.40578417774601 98.50851627937959 98.60165575563602 98.68608248401756 98.76259849092992 98.8319343213324 98.89475498346393 98.9516654780477 99.00321592564596 99.04990630888233 99.09219084830062 99.13048203189254 99.16515431896401 99.35091502677513 99.52349932880561 99.63083228339775 99.68574740452962 99.6961328257796 99.66439200592187 99.59879951077646 99.50168022062824 99.42274283489716 99.41466660106596 99.45758630962878 99.48847989551054 99.43646689840637 99.31082918298583 99.20497606463157 99.20195646729184 99.3319933345603 99.51334712892509 99.65259164137787 99.65722015073568 99.56880223540249 99.51069311792465 99.53495874134832 99.64124140077652 99.72660405066351 99.6880232083515 99.5045623406823 99.23843048409371 99.0132457700909 98.91182621613639 98.94431565704711 99.01801494248589 99.060544574391 99.04109445706546 99.00083045607506 99.02244891755161 99.16778007051933 99.39565332245174 99.64409491696699 99.79953812975249 99.841418408266 99.76967768395605 99.62565937301218 99.42998562371815 99.11038312524371 98.61529187789598 97.91370615163275 97.02630950575534 96.01501605843805 94.94174755865694 93.71363654962852 92.13453966373959 90.0599722433143 87.43830377020437 84.3934163691126 80.90465166213505 77.00298966640963 72.69874251096681 68.06417487345011 63.09928031637554 57.70084225957106 51.796608167589255 45.60333980966748 39.39974047577257 33.45418515395974 27.849255176946958 22.719138810767188 18.13609404325776 14.120765633989183 10.580255520173955 7.473275268998631 4.8720813260813305 2.962473861278585 1.7547758443105785 1.0735101307447152 0.7019105967121233 0.5057885963569433 0.39224427553922414 0.3406332295468817 0.3096666096400944 0.3096666433454521 0.33031111703378 0.39224448648454124 0.5057889838617105 0.6193334923855714 0.6812668864348199 0.701911379446543 0.7122336420430205 0.7019114495492897 0.681267025283616 0.6503003668345184 0.6090114767527961 0.5677225816771057 0.474822536185349 0.3509557970445551 0.22708905037316712 0.14451121707227207 0.11354452995736457 0.09290007154754465 0.08257784272822008 0.07225561340085318 0.07225561437034396 0.061933384457720723
72.67064653052904 74.57649124504357 76.38918484373723 78.10700007810237 79.72928251921189 81.25634866843563 82.68937355771158 84.0302731010061 85.28158578193741 86.44635747221905 87.52803234747986 88.53035206178924 89.45726460382322 90.31284361398764 91.10121840696421 91.82651452090757 92.4928042975944 93.10406677655277 93.66415604696604 94.1767771292569 94.64546843928866 95.07358990881869 95.46431588462495 95.82063199590628 96.14533525733135 96.44103675744338 96.71016636453244 96.95497896140078 97.17756179456804 97.37984259114515 97.56359815723177 97.7304632251238 97.8819393630405 98.01940380089894 98.14411805941393 98.25723629808469 98.35981332107121 98.45281219917251 98.53711148167683 98.6135119842956 98.6827431491982 98.74546898076427 98.80229356644166 98.85376619636132 98.90038609840099 98.94260680743851 98.98084018879676 99.01546013651877 99.1091256857849 99.23102946737846 99.32866091406 99.4045791898982 99.41481071520437 99.40333410864332 99.36813486820607 99.33234063414749 99.28373067580391 99.26504051596697 99.26660350888032 99.30807613475766 99.3699648386053 99.44085617501172 99.5213439243436 99.57030665564061 99.58698727841588 99.58256299145596 99.50438701613618 99.13413167340205 98.15966345740043 96.29928508731932 93.55337050370727 90.05689877117894 86.07044998765576 81.79205333526352 77.36729585042688 72.9005964719087 68.45430947269564 64.10155472423902 60.040147388580024 56.50981686163298 53.81260587051858 51.959060797730615 50.82415203865014 50.03295931474075 49.241679277773756 47.99201377990319 46.054751470141056 43.31527859088255 39.950717049827716 36.179804645947165 32.16924313138881 28.0336192143421 23.84585516760602 19.637221458835405 15.532725540335973 11.709480463543159 8.480020154492463 6.0214531322454095 4.375460032155832 3.3961967630103325 2.844059487502911 2.646125358725347 2.7190540990213785 3.0003393426321687 3.406639424713584 3.7816862223404377 4.052554820175692 4.177572913079641 4.198411922957611 4.156743401317265 4.052566923818279 3.885882718778392 3.6254366849720414 3.229557259289672 2.719080001239822 2.146094659599148 1.6356163976314138 1.2605710154724272 1.0522124658350613 0.9376153219137017 0.9167796369481573 0.9480336969694905 1.0417954678743566 1.2189009172769134 1.4897680179331292 1.8960686666151108 2.4482208393623077 3.1358066445526305 3.9171542414809792 4.708919899569445 5.469431787413007 6.125764095598349 6.677916762539681 7.115471839029557 7.459265213650157 7.688460906747575 7.80305894276448 7.813477257575075 7.750969731750057 7.698880160759501 7.761388237760996 8.0635096169807 8.688588115303375 9.71996750378475 11.178483775343706 13.012047076443222 15.158149574631816 17.491775637585214 19.919163483172408 22.315297465187435 24.5759978176068
72.67064653052904 74.57649124504357 76.38918484373723 78.10700007810237 79.72928251921189 81.25634866843563 82.68937355771158 84.0302731010061 85.28158578193741 86.44635747221905 87.52803234747986 88.53035206178924 89.45726460382322 90.31284361398764 91.10121840696421 91.82651452090757 92.4928042975944 93.10406677655277 93.66415604696604 94.1767771292569 94.64546843928866 95.07358990881869 95.46431588462495 95.82063199590628 96.14533525733135 96.44103675744338 96.71016636453244 96.95497896140078 97.17756179456804 97.37984259114515 97.56359815723177 97.7304632251238 97.8819393630405 98.01940380089894 98.14411805941393 98.25723629808469 98.35981332107121 98.45281219917251 98.53711148167683 98.6135119842956 98.6827431491982 98.74546898076427 98.80229356644166 98.85376619636132 98.90038609840099 98.94260680743851 98.98084018879676 99.01546013651877 99.1091256857849 99.23102946737846 99.32866091406 99.4045791898982 99.41481071520437 99.40333410864332 99.36813486820607 99.33234063414749 99.28373067580391 99.26504051596697 99.26660350888032 99.30807613475766 99.3699648386053 99.44085617501172 99.5213439243436 99.57030665564061 99.58698727841588 99.58256299145596 99.50438701613618 99.13413167340205 98.15966345740043 96.29928508731932 93.55337050370727 90.05689877117894 86.07044998765576 81.79205333526352 77.36729585042688 72.9005964719087 68.45430947269564 64.10155472423902 60.040147388580024 56.50981686163298 53.81260587051858 51.959060797730615 50.82415203865014 50.03295931474075 49.241679277773756 47.99201377990319 46.054751470141056 43.31527859088255 39.950717049827716 36.179804645947165 32.16924313138881 28.0336192143421 23.84585516760602 19.637221458835405 15.532725540335973 11.709480463543159 8.480020154492463 6.0214531322454095 4.375460032155832 3.3961967630103325 2.844059487502911 2.646125358725347 2.7190540990213785 3.0003393426321687 3.406639424713584 3.7816862223404377 4.052554820175692 4.177572913079641 4.198411922957611 4.156743401317265 4.052566923818279 3.885882718778392 3.6254366849720414 3.229557259289672 2.719080001239822 2.146094659599148 1.6356163976314138 1.2605710154724272 1.0522124658350613 0.9376153219137017 0.9167796369481573 0.9480336969694905 1.0417954678743566 1.2189009172769134 1.4897680179331292 1.8960686666151108 2.4482208393623077 3.1358066445526305 3.9171542414809792 4.708919899569445 5.469431787413007 6.125764095598349 6.677916762539681 7.115471839029557 7.459265213650157 7.688460906747575 7.80305894276448 7.813477257575075 7.750969731750057 7.698880160759501 7.761388237760996 8.0635096169807 8.688588115303375 9.71996750378475 11.178483775343706 13.012047076443222 15.158149574631816 17.491775637585214 19.919163483172408 22.315297465187435 24.5759978176068
72.67064653052904 74.57649124504357 76.38918484373723 78.10700007810237 79.72928251921189 81.25634866843563 82.68937355771158 84.0302731010061 85.28158578193741 86.44635747221905 87.52803234747986 88.53035206178924 89.45726460382322 90.31284361398764 91.10121840696421 91.82651452090757 92.4928042975944 93.10406677655277 93.66415604696604 94.1767771292569 94.64546843928866 95.07358990881869 95.46431588462495 95.82063199590628 96.14533525733135 96.44103675744338 96.71016636453244 96.95497896140078 97.17756179456804 97.37984259114515 97.56359815723177 97.7304632251238 97.8819393630405 98.01940380089894 98.14411805941393 98.25723629808469 98.35981332107121 98.45281219917251 98.53711148167683 98.6135119842956 98.6827431491982 98.74546898076427 98.80229356644166 98.85376619636132 98.90038609840099 98.94260680743851 98.98084018879676 99.01546013651877 99.1091256857849 99.23102946737846 99.32866091406 99.4045791898982 99.41481071520437 99.40333410864332 99.36813486820607 99.33234063414749 99.28373067580391 99.26504051596697 99.26660350888032 99.30807613475766 99.3699648386053 99.44085617501172 99.5213439243436 99.57030665564061 99.58698727841588 99.58256299145596 99.50438701613618 99.13413167340205 98.15966345740043 96.29928508731932 93.55337050370727 90.05689877117894 86.07044998765576 81.79205333526352 77.36729585042688 72.9005964719087 68.45430947269564 64.10155472423902 60.040147388580024 56.50981686163298 53.81260587051858 51.959060797730615 50.82415203865014 50.03295931474075 49.241679277773756 47.99201377990319 46.054751470141056 43.31527859088255 39.950717049827716 36.179804645947165 32.16924313138881 28.0336192143421 23.84585516760602 19.637221458835405 15.532725540335973 11.709480463543159 8.480020154492463 6.0214531322454095 4.375460032155832 3.3961967630103325 2.844059487502911 2.646125358725347 2.7190540990213785 3.0003393426321687 3.406639424713584 3.7816862223404377 4.052554820175692 4.177572913079641 4.198411922957611 4.156743401317265 4.052566923818279 3.885882718778392 3.6254366849720414 3.229557259289672 2.719080001239822 2.146094659599148 1.6356163976314138 1.2605710154724272 1.0522124658350613 0.9376153219137017 0.9167796369481573 0.9480336969694905 1.0417954678743566 1.2189009172769134 1.4897680179331292 1.8960686666151108 2.4482208393623077 3.1358066445526305 3.9171542414809792 4.708919899569445 5.469431787413007 6.125764095598349 6.677916762539681 7.115471839029557 7.459265213650157 7.688460906747575 7.80305894276448 7.813477257575075 7.750969731750057 7.698880160759501 7.761388237760996 8.0635096169807 8.688588115303375 9.71996750378475 11.178483775343706 13.012047076443222 15.158149574631816 17.491775637585214 19.919163483172408 22.315297465187435 24.5759978176068
72.67064653052904 74.57649124504357 76.38918484373723 78.10700007810237 79.72928251921189 81.25634866843563 82.68937355771158 84.0302731010061 85.28158578193741 86.44635747221905 87.52803234747986 88.53035206178924 89.45726460382322 90.31284361398764 91.10121840696421 91.82651452090757 92.4928042975944 93.10406677655277 93.66415604696604 94.1767771292569 94.64546843928866 95.07358990881869 95.46431588462495 95.82063199590628 96.14533525733135 96.44103675744338 96.71016636453244 96.95497896140078 97.17756179456804 97.37984259114515 97.56359815723177 97.7304632251238 97.8819393630405 98.01940380089894 98.14411805941393 98.25723629808469 98.35981332107121 98.45281219917251 98.53711148167683 98.6135119842956 98.6827431491982 98.74546898076427 98.80229356644166 98.85376619636132 98.90038609840099 98.94260680743851 98.98084018879676 99.01546013651877 99.1091256857849 99.23102946737846 99.32866091406 99.4045791898982 99.41481071520437 99.40333410864332 99.36813486820607 99.33234063414749 99.28373067580391 99.26504051596697 99.26660350888032 99.30807613475766 99.3699648386053 99.44085617501172 99.5213439243436 99.57030665564061 99.58698727841588 99.58256299145596 99.50438701613618 99.13413167340205 98.15966345740043 96.29928508731932 93.55337050370727 90.05689877117894 86.07044998765576 81.79205333526352 77.36729585042688 72.9005964719087 68.45430947269564 64.10155472423902 60.040147388580024 56.50981686163298 53.81260587051858 51.959060797730615 50.82415203865014 50.03295931474075 49.241679277773756 47.99201377990319 46.054751470141056 43.31527859088255 39.950717049827716 36.179804645947165 32.16924313138881 28.0336192143421 23.84585516760602 19.637221458835405 15.532725540335973 11.709480463543159 8.480020154492463 6.0214531322454095 4.375460032155832 3.3961967630103325 2.844059487502911 2.646125358725347 2.7190540990213785 3.0003393426321687 3.406639424713584 3.7816862223404377 4.052554820175692 4.177572913079641 4.198411922957611 4.156743401317265 4.052566923818279 3.885882718778392 3.6254366849720414 3.229557259289672 2.719080001239822 2.146094659599148 1.6356163976314138 1.2605710154724272 1.0522124658350613 0.9376153219137017 0.9167796369481573 0.9480336969694905 1.0417954678743566 1.2189009172769134 1.4897680179331292 1.8960686666151108 2.4482208393623077 3.1358066445526305 3.9171542414809792 4.708919899569445 5.469431787413007 6.125764095598349 6.677916762539681 7.115471839029557 7.459265213650157 7.688460906747575 7.80305894276448 7.813477257575075 7.750969731750057 7.698880160759501 7.761388237760996 8.0635096169807 8.688588115303375 9.71996750378475 11.178483775343706 13.012047076443222 15.158149574631816 17.491775637585214 19.919163483172408 22.315297465187435 24.5759978176068
72.67064653052904 74.57649124504357 76.38918484373723 78.10700007810237 79.72928251921189 81.25634866843563 82.68937355771158 84.0302731010061 85.28158578193741 86.44635747221905 87.52803234747986 88.53035206178924 89.45726460382322 90.31284361398764 91.10121840696421 91.82651452090757 92.4928042975944 93.10406677655277 93.66415604696604 94.1767771292569 94.64546843928866 95.07358990881869 95.46431588462495 95.82063199590628 96.14533525733135 96.44103675744338 96.71016636453244 96.95497896140078 97.17756179456804 97.37984259114515 97.56359815723177 97.7304632251238 97.8819393630405 98.01940380089894 98.14411805941393 98.25723629808469 98.35981332107121 98.45281219917251 98.53711148167683 98.6135119842956 98.6827431491982 98.74546898076427 98.80229356644166 98.85376619636132 98.90038609840099 98.94260680743851 98.98084018879676 99.01546013651877 99.1091256857849 99.23102946737846 99.32866091406 99.4045791898982 99.41481071520437 99.40333410864332 99.36813486820607 99.33234063414749 99.28373067580391 99.26504051596697 99.26660350888032 99.30807613475766 99.3699648386053 99.44085617501172 99.5213439243436 99.57030665564061 99.58698727841588 99.58256299145596 99.50438701613618 99.13413167340205 98.15966345740043 96.29928508731932 93.55337050370727 90.05689877117894 86.07044998765576 81.79205333526352 77.36729585042688 72.9005964719087 68.45430947269564 64.10155472423902 60.040147388580024 56.50981686163298 53.81260587051858 51.959060797730615 50.82415203865014 50.03295931474075 49.241679277773756 47.99201377990319 46.054751470141056 43.31527859088255 39.950717049827716 36.179804645947165 32.16924313138881 28.0336192143421 23.84585516760602 19.637221458835405 15.532725540335973 11.709480463543159 8.480020154492463 6.0214531322454095 4.375460032155832 3.3961967630103325 2.844059487502911 2.646125358725347 2.7190540990213785 3.0003393426321687 3.406639424713584 3.7816862223404377 4.052554820175692 4.177572913079641 4.198411922957611 4.156743401317265 4.052566923818279 3.885882718778392 3.6254366849720414 3.229557259289672 2.719080001239822 2.146094659599148 1.6356163976314138 1.2605710154724272 1.0522124658350613 0.9376153219137017 0.9167796369481573 0.9480336969694905 1.0417954678743566 1.2189009172769134 1.4897680179331292 1.8960686666151108 2.4482208393623077 3.1358066445526305 3.9171542414809792 4.708919899569445 5.469431787413007 6.125764095598349 6.677916762539681 7.115471839029557 7.459265213650157 7.688460906747575 7.80305894276448 7.813477257575075 7.750969731750057 7.698880160759501 7.761388237760996 8.0635096169807 8.688588115303375 9.71996750378475 11.178483775343706 13.012047076443222 15.158149574631816 17.491775637585214 19.919163483172408 22.315297465187435 24.5759978176068
72.67064653052904 74.57649124504357 76.38918484373723 78.10700007810237 79.72928251921189 81.25634866843563 82.68937355771158 84.0302731010061 85.28158578193741 86.44635747221905 87.52803234747986 88.53035206178924 89.45726460382322 90.31284361398764 91.10121840696421 91.82651452090757 92.4928042975944 93.10406677655277 93.66415604696604 94.1767771292569 94.64546843928866 95.07358990881869 95.46431588462495 95.82063199590628 96.14533525733135 96.44103675744338 96.71016636453244 96.95497896140078 97.17756179456804 97.37984259114515 97.56359815723177 97.7304632251238 97.8819393630405 98.01940380089894 98.14411805941393 98.25723629808469 98.35981332107121 98.45281219917251 98.53711148167683 98.6135119842956 98.6827431491982 98.74546898076427 98.80229356644166 98.85376619636132 98.90038609840099 98.94260680743851 98.98084018879676 99.01546013651877 99.1091256857849 99.23102946737846 99.32866091406 99.4045791898982 99.41481071520437 99.40333410864332 99.36813486820607 99.33234063414749 99.28373067580391 99.26504051596697 99.26660350888032 99.30807613475766 99.3699648386053 99.44085617501172 99.5213439243436 99.57030665564061 99.58698727841588 99.58256299145596 99.50438701613618 99.13413167340205 98.15966345740043 96.29928508731932 93.55337050370727 90.05689877117894 86.07044998765576 81.79205333526352 77.36729585042688 72.9005964719087 68.45430947269564 64.10155472423902 60.040147388580024 56.50981686163298 53.81260587051858 51.959060797730615 50.82415203865014 50.03295931474075 49.241679277773756 47.99201377990319 46.054751470141056 43.31527859088255 39.950717049827716 36.179804645947165 32.16924313138881 28.0336192143421 23.84585516760602 19.637221458835405 15.532725540335973 11.709480463543159 8.480020154492463 6.0214531322454095 4.375460032155832 3.3961967630103325 2.844059487502911 2.646125358725347 2.7190540990213785 3.0003393426321687 3.406639424713584 3.7816862223404377 4.052554820175692 4.177572913079641 4.198411922957611 4.156743401317265 4.052566923818279 3.885882718778392 3.6254366849720414 3.229557259289672 2.719080001239822 2.146094659599148 1.6356163976314138 1.2605710154724272 1.0522124658350613 0.9376153219137017 0.9167796369481573 0.9480336969694905 1.0417954678743566 1.2189009172769134 1.4897680179331292 1.8960686666151108 2.4482208393623077 3.1358066445526305 3.9171542414809792 4.708919899569445 5.469431787413007 6.125764095598349 6.677916762539681 7.115471839029557 7.459265213650157 7.688460906747575 7.80305894276448 7.813477257575075 7.750969731750057 7.698880160759501 7.761388237760996 8.0635096169807 8.688588115303375 9.71996750378475 11.178483775343706 13.012047076443222 15.158149574631816 17.491775637585214 19.919163483172408 22.315297465187435 24.5759978176068