4 151 9
300.0440999999999 302.0443999999999 304.0446999999999 306.0449999999999 308.0452999999999 310.0455999999999 312.0458999999999 314.0461999999999 316.04649999999987 318.0467999999999 320.0470999999999 322.04739999999987 324.0476999999999 326.0479999999999 328.04829999999987 330.0485999999999 332.0488999999999 334.04919999999987 336.0494999999999 338.0497999999999 340.0500999999999 342.05039999999985 344.0506999999999 346.0509999999999 348.05129999999986 350.0515999999999 352.0518999999999 354.05219999999986 356.0524999999999 358.0527999999999 360.05309999999986 362.0533999999999 364.0536999999999 366.05399999999986 368.0542999999999 370.0545999999999 372.05489999999986 374.0551999999999 376.0554999999999 378.05579999999986 380.05609999999984 382.0563999999999 384.05669999999986 386.05699999999985 388.0572999999999 390.05759999999987 392.05789999999985 394.0581999999999 396.05849999999987 398.05879999999985 399.99 402.04 403.99 406.05 407.99 410.06 412.01 413.96 416.02 417.97 420.04 422.0 423.95 426.02 427.98 430.05 432.01 433.96 436.03 437.99 440.06 442.01 443.96 446.03 447.98 450.04 451.98 454.04 455.99 458.04 459.98 462.03 463.97 466.02 467.95 470.0 472.05 473.98 476.02 477.96 480.0 482.05 483.98 486.03 487.96 490.01 492.06 493.99 496.05 497.98 500.04 501.98 504.04 505.98 508.04 509.99 512.05 514.0 515.95 518.01 519.96 522.03 523.98 526.04 527.99 530.05 532.0 534.06 536.0 538.06 540.0 542.05 543.99 546.04 547.98 550.03 551.96 554.0 556.04 557.97 560.01 562.05 563.98 566.01 568.05 569.98 572.01 574.05 575.97 578.01 580.05 581.98 584.02 585.95 588.0 590.04 591.97 594.02 595.96 598.01 599.95
0.0 13.54 26.89 39.77 50.0 60.0 70.0 80.0 90.0
72.75349827254115 74.66151583898615 76.47627608810272 78.19604980214868 79.82018180608307 81.34898896211865 82.78364764184633 84.12607594356437 85.37881524501394 86.54491489050437 87.62782298236618 88.63128544052536 89.55925475475647 90.41580920981926 91.20508282822364 91.93120585164674 92.59825526473864 93.21021464352694 93.7709424712388 94.28414799238755 94.75337365698137 95.18198322743298 95.57315466959038 95.92987701656571 96.25495047190168 96.5509891010413 96.82042554256543 97.06551725006628 97.28835384973142 97.49086526647186 97.67483033212235 97.8418856427357 97.9935344784678 98.13115563941439 98.25601208454894 98.36925928922695 98.47195326018974 98.56505816623248 98.64945355827675 98.72594116504327 98.79525126033782 98.85804860557086 98.91493797690983 98.96646929073086 99.013142344081 99.05541118891283 99.09368816011649 99.12834757801132 99.15972914611262 99.18814106477048 99.2130163457675 99.23693321066918 99.25752680986648 99.27721578222383 99.29399864138979 99.41311634376513 99.4475258739245 99.46007179941904 99.48235988807012 99.51322487716348 99.54368594827494 99.55213572021081 99.50826606356485 99.41258716256883 99.3055425521065 99.23940688235184 99.29602279612372 99.48607010312293 99.70685755059114 99.8652063876921 99.92036333867364 99.9131634441196 99.93658622613145 99.97519171290492 99.97749582511916 99.97969792868213 99.89414643203224 99.71045926593078 99.60894816665466 99.63102189810914 99.71471834037092 99.7365292366741 99.61389000219648 99.39845228106043 99.21378321641139 99.20427886746288 99.36989731596145 99.60755299370646 99.76273650704069 99.7117167677108 99.50607944364491 99.26947655788251 99.16678818529341 99.23929168377232 99.41480576770213 99.52847099942531 99.45659318057466 99.16824107432947 98.76650926648261 98.41627489833424 98.24124293039092 98.28262023806964 98.4476697196346 98.61269809429868 98.68496329507826 98.66445265616446 98.63363089283045 98.71616709582021 98.96360062247321 99.33470996840641 99.71611588384575 99.96353420152808 99.96358575162782 99.74719658702037 99.41742759974753 99.09796308152166 98.84033220360502 98.55177981693046 98.04678362703567 97.1501347827662 95.77937729666576 94.05819323003882 92.20301943126584 90.47152364841746 89.01830376716433 87.79182858927584 86.47259152587327 84.57618254948122 81.8964683994597 78.51590164096892 74.74368200547723 70.76532846239871 66.35409497448494 61.19047651062625 55.181713120782454 48.42056434456542 41.175002976253104 33.88821421126584 27.065223197688574 21.03584255555763 15.903138719637914 11.522818916154614 7.7608970277146785 4.761666015045128 2.7312587054438313 1.535688887558811 0.9069840564235889 0.5771716817236271 0.40195885541081805 0.2988924862389513 0.24735930179891946
72.7214846066433 74.6286625895858 76.44262429114549 78.16164125448655 79.7850585928642 81.31319302906256 82.74722041703464 84.0890580110594 85.3412460705975 86.50683259815766 87.58926417880454 88.59228508414992 89.51984606475729 90.3760236108219 91.16494992576293 91.89075343383041 92.55750932568202 93.16919942445547 93.7296805155325 94.24266021125044 94.7116794028359 95.14010037254782 95.53109968783633 95.88766506655165 96.21259548006503 96.50850384355432 96.7778217251683 97.02280558515355 97.24554413020111 97.44796643599858 97.63185055164269 97.79883235303618 97.9504144588477 98.08797506246067 98.21277656710969 98.3259739397073 98.42862272232102 98.52168665948356 98.60604491508836 98.68249886507209 98.75177846189871 98.81454817446422 98.87141251281686 98.9229211513535 98.96957366719589 99.01182391250042 99.05008404071788 99.0847282074557 99.11609596674973 99.14449538333285 99.16935971847911 99.19326605926112 99.21385059667281 99.2335309053068 99.25030637952413 99.27679683934197 99.34206936661332 99.40607572243378 99.4283581047599 99.39743681869304 99.31460922377431 99.20975113958343 99.15555149930356 99.2143460013826 99.39571201054298 99.61802542565515 99.78799005478382 99.85444146959294 99.85889444462683 99.88331407377832 99.9487797086216 99.96967045095863 99.92378665142348 99.77191652201796 99.59902883193266 99.52908513862964 99.57217531897828 99.6564168520943 99.63734398483372 99.47391099995488 99.25873294894991 99.1259455434545 99.18880557441338 99.40621986994415 99.63379995106673 99.71705824412587 99.61471787370986 99.38858706137515 99.21396141054115 99.204162538054 99.34894382357336 99.51429556944818 99.53528479366085 99.3398107170764 98.96906092068225 98.5673756636928 98.32026743213396 98.27926325798529 98.40316703235104 98.57857453974947 98.68182552693335 98.66136300570764 98.6202798646498 98.65132622915841 98.84728506259599 99.19783721030123 99.57930755652777 99.84738346218484 99.89899722472754 99.72384542162509 99.42499425648813 99.11583283311295 98.85819913963023 98.57994813243334 98.06461964881017 97.1576074839011 95.76614076606472 94.0448344331632 92.21014088450798 90.53005658644088 89.11796077177578 87.8810896202039 86.4277592586458 84.36628946142426 81.45960765028232 77.93447860924337 73.98674221684777 69.76070377251595 65.10175132754449 59.69035419413729 53.474975858547204 46.57930520054588 39.31256523570185 32.117976227534186 25.4593729199272 19.65628608967961 14.677793788998214 10.472358953101716 6.967829644890625 4.2466655589662805 2.4222486384885085 1.381197134759002 0.8142878849074227 0.5256795327354977 0.36076047162664904 0.2679934985371572 0.22676373339405695 0.18553396672509245 0.17522652658747445 0.16491908605983904 0.17522653095220636
72.78051192937843 74.68923795016589 76.50467202682032 78.22508429953427 79.84981934999774 81.3791941580757 82.81438553215037 84.15731228271736 85.41051673114129 86.57704935396491 87.6603595338125 88.66419458148474 89.59250845433095 90.44938095139395 91.23894763016222 91.96534026588772 92.63263735702076 93.24482395870622 93.80575998684111 94.31915606319565 94.7885559531035 95.21732466795542 95.60864135359051 95.96549615296053 96.29069030933462 96.58683885876849 96.85637534309117 97.10155805409613 97.32447739385732 97.52706400387433 97.71109737646911 97.87821471536896 98.0299198589035 98.16759211912233 98.29249492394051 98.40578417774601 98.50851627937959 98.60165575563602 98.68608248401756 98.76259849092992 98.8319343213324 98.89475498346393 98.9516654780477 99.00321592564596 99.04990630888233 99.09219084830062 99.13048203189254 99.16515431896401 99.1965475391636 99.22497000727734 99.24985452456293 99.27378026988956 99.29438151557032 99.31407779851968 99.33086688922651 99.50168022062824 99.65983180174037 99.75488064211493 99.79784137371936 99.79783462155379 99.75616514294593 99.68212317515402 99.57629849531641 99.49078404149213 99.47641621405805 99.51334712892509 99.53910385712949 99.48182179246231 99.35212401292131 99.24241460060134 99.23571410072019 99.36262566777933 99.54085499510556 99.67770353721193 99.68000079326389 99.58931511766892 99.52926226878849 99.55169821377834 99.65644226394564 99.74047283762599 99.70044390379422 99.5158641887271 99.24853895596516 99.02244891755161 98.92006704786192 98.95183057137538 99.02480284165954 99.0667046198536 99.04665057848861 99.00587092328848 99.0269971016037 99.17194039994644 99.3993948652465 99.64748040498303 99.80261699137013 99.84420126055015 99.77221513877254 99.62793514200443 99.43203666511415 99.11223950831587 98.61695986391118 97.9152106674724 97.02765580597583 96.01621201341928 94.94282827769919 93.71459367557401 92.13539959363297 90.06072644534215 87.43896865488847 84.39399529258866 80.90515559714207 77.00342256988822 72.69911324879311 68.0644880047399 63.09954363935475 57.7010618678491 51.79678505216208 45.60348184207661 39.39985041680631 33.45427029201185 27.849318737733874 22.719186078397552 18.136127881908315 14.120789651502712 10.58027165848708 7.473285670799955 4.872087404428124 2.96247723222357 1.7547776456242286 1.0735111303597848 0.7019111863407581 0.5057889838617105 0.39224454517752866 0.34063344321740996 0.3096667850499454 0.30966680088826976 0.3303112703761364 0.39224465092086985 0.5057891742046254 0.619333705172335 0.6812670980125268 0.7019115752305158 0.7122338234139499 0.7019116102443348 0.6812671661978541 0.6503004897558152 0.6090115801450149 0.567722668756513 0.4748226023484638 0.35095584122738493 0.22708907634497602
72.67064653052904 74.57649124504357 76.38918484373723 78.10700007810237 79.72928251921189 81.25634866843563 82.68937355771158 84.0302731010061 85.28158578193741 86.44635747221905 87.52803234747986 88.53035206178924 89.45726460382322 90.31284361398764 91.10121840696421 91.82651452090757 92.4928042975944 93.10406677655277 93.66415604696604 94.1767771292569 94.64546843928866 95.07358990881869 95.46431588462495 95.82063199590628 96.14533525733135 96.44103675744338 96.71016636453244 96.95497896140078 97.17756179456804 97.37984259114515 97.56359815723177 97.7304632251238 97.8819393630405 98.01940380089894 98.14411805941393 98.25723629808469 98.35981332107121 98.45281219917251 98.53711148167683 98.6135119842956 98.6827431491982 98.74546898076427 98.80229356644166 98.85376619636132 98.90038609840099 98.94260680743851 98.98084018879676 99.01546013651877 99.04680596726523 99.07518553040738 99.10003248341452 99.12392211177132 99.14449225896139 99.16415880950127 99.1809225563338 99.25952396387427 99.3669612998641 99.45233304524238 99.51635699291566 99.51622552929706 99.494866857885 99.45126556014465 99.40683191773608 99.35167674767652 99.32669719143622 99.32225725381622 99.35860829928541 99.4152893997867 99.48220507198667 99.55890185300883 99.60418963569592 99.61769824752244 99.61008999055417 99.52946156523345 99.15679274314269 98.17988603289204 96.31725497474386 93.56910401167356 90.07063748595618 86.0824196395456 81.8022442704573 77.37608332107918 72.90802215997383 68.46067220830236 64.10689534068536 60.044707494543516 56.51369073185145 53.81595218867226 51.961975656985835 50.82673966817628 50.03525737048591 49.2437450859142 47.99382033951985 46.056316217247385 43.316614887134115 39.95183058513168 36.180724811489334 32.16997797988551 28.034197491741292 23.846301811443716 19.637553604186767 15.532964212045245 11.709642939846855 8.480125780911756 6.021521674264378 4.375504720063317 3.396228461124101 2.8440833049145686 2.646145479978246 2.719072751237609 3.0003580310017077 3.4066585765161777 3.7817055076001465 4.052573464076395 4.177590346732447 4.198427902031343 4.156757596528243 4.052579545609705 3.885893561945325 3.625445911399646 3.229564630158282 2.7190856583410663 2.1460986638211748 1.6356191795938069 1.2605729382511093 1.0522139303743199 0.937616491670671 0.9167806801349885 0.9480346701456626 1.0417964379578417 1.2189019411948985 1.4897691593036801 1.8960699700190669 2.448222375068735 3.135808420822203 3.9171562343320976 4.70892208562022 5.469434080302553 6.125766400899239 6.6779190568969415 7.115474048846658 7.459267294261217 7.688462864620972 7.803060729190543 7.813478873725796 7.750971196856491 7.698881467802688 7.761389428231676 8.06351074057293 8.688589209134603 9.719968615441775
72.67064653052904 74.57649124504357 76.38918484373723 78.10700007810237 79.72928251921189 81.25634866843563 82.68937355771158 84.0302731010061 85.28158578193741 86.44635747221905 87.52803234747986 88.53035206178924 89.45726460382322 90.31284361398764 91.10121840696421 91.82651452090757 92.4928042975944 93.10406677655277 93.66415604696604 94.1767771292569 94.64546843928866 95.07358990881869 95.46431588462495 95.82063199590628 96.14533525733135 96.44103675744338 96.71016636453244 96.95497896140078 97.17756179456804 97.37984259114515 97.56359815723177 97.7304632251238 97.8819393630405 98.01940380089894 98.14411805941393 98.25723629808469 98.35981332107121 98.45281219917251 98.53711148167683 98.6135119842956 98.6827431491982 98.74546898076427 98.80229356644166 98.85376619636132 98.90038609840099 98.94260680743851 98.98084018879676 99.01546013651877 99.04680596726523 99.07518553040738 99.10003248341452 99.12392211177132 99.14449225896139 99.16415880950127 99.1809225563338 99.25952396387427 99.3669612998641 99.45233304524238 99.51635699291566 99.51622552929706 99.494866857885 99.45126556014465 99.40683191773608 99.35167674767652 99.32669719143622 99.32225725381622 99.35860829928541 99.4152893997867 99.48220507198667 99.55890185300883 99.60418963569592 99.61769824752244 99.61008999055417 99.52946156523345 99.15679274314269 98.17988603289204 96.31725497474386 93.56910401167356 90.07063748595618 86.0824196395456 81.8022442704573 77.37608332107918 72.90802215997383 68.46067220830236 64.10689534068536 60.044707494543516 56.51369073185145 53.81595218867226 51.961975656985835 50.82673966817628 50.03525737048591 49.2437450859142 47.99382033951985 46.056316217247385 43.316614887134115 39.95183058513168 36.180724811489334 32.16997797988551 28.034197491741292 23.846301811443716 19.637553604186767 15.532964212045245 11.709642939846855 8.480125780911756 6.021521674264378 4.375504720063317 3.396228461124101 2.8440833049145686 2.646145479978246 2.719072751237609 3.0003580310017077 3.4066585765161777 3.7817055076001465 4.052573464076395 4.177590346732447 4.198427902031343 4.156757596528243 4.052579545609705 3.885893561945325 3.625445911399646 3.229564630158282 2.7190856583410663 2.1460986638211748 1.6356191795938069 1.2605729382511093 1.0522139303743199 0.937616491670671 0.9167806801349885 0.9480346701456626 1.0417964379578417 1.2189019411948985 1.4897691593036801 1.8960699700190669 2.448222375068735 3.135808420822203 3.9171562343320976 4.70892208562022 5.469434080302553 6.125766400899239 6.6779190568969415 7.115474048846658 7.459267294261217 7.688462864620972 7.803060729190543 7.813478873725796 7.750971196856491 7.698881467802688 7.761389428231676 8.06351074057293 8.688589209134603 9.719968615441775
72.67064653052904 74.57649124504357 76.38918484373723 78.10700007810237 79.72928251921189 81.25634866843563 82.68937355771158 84.0302731010061 85.28158578193741 86.44635747221905 87.52803234747986 88.53035206178924 89.45726460382322 90.31284361398764 91.10121840696421 91.82651452090757 92.4928042975944 93.10406677655277 93.66415604696604 94.1767771292569 94.64546843928866 95.07358990881869 95.46431588462495 95.82063199590628 96.14533525733135 96.44103675744338 96.71016636453244 96.95497896140078 97.17756179456804 97.37984259114515 97.56359815723177 97.7304632251238 97.8819393630405 98.01940380089894 98.14411805941393 98.25723629808469 98.35981332107121 98.45281219917251 98.53711148167683 98.6135119842956 98.6827431491982 98.74546898076427 98.80229356644166 98.85376619636132 98.90038609840099 98.94260680743851 98.98084018879676 99.01546013651877 99.04680596726523 99.07518553040738 99.10003248341452 99.12392211177132 99.14449225896139 99.16415880950127 99.1809225563338 99.25952396387427 99.3669612998641 99.45233304524238 99.51635699291566 99.51622552929706 99.494866857885 99.45126556014465 99.40683191773608 99.35167674767652 99.32669719143622 99.32225725381622 99.35860829928541 99.4152893997867 99.48220507198667 99.55890185300883 99.60418963569592 99.61769824752244 99.61008999055417 99.52946156523345 99.15679274314269 98.17988603289204 96.31725497474386 93.56910401167356 90.07063748595618 86.0824196395456 81.8022442704573 77.37608332107918 72.90802215997383 68.46067220830236 64.10689534068536 60.044707494543516 56.51369073185145 53.81595218867226 51.961975656985835 50.82673966817628 50.03525737048591 49.2437450859142 47.99382033951985 46.056316217247385 43.316614887134115 39.95183058513168 36.180724811489334 32.16997797988551 28.034197491741292 23.846301811443716 19.637553604186767 15.532964212045245 11.709642939846855 8.480125780911756 6.021521674264378 4.375504720063317 3.396228461124101 2.8440833049145686 2.646145479978246 2.719072751237609 3.0003580310017077 3.4066585765161777 3.7817055076001465 4.052573464076395 4.177590346732447 4.198427902031343 4.156757596528243 4.052579545609705 3.885893561945325 3.625445911399646 3.229564630158282 2.7190856583410663 2.1460986638211748 1.6356191795938069 1.2605729382511093 1.0522139303743199 0.937616491670671 0.9167806801349885 0.9480346701456626 1.0417964379578417 1.2189019411948985 1.4897691593036801 1.8960699700190669 2.448222375068735 3.135808420822203 3.9171562343320976 4.70892208562022 5.469434080302553 6.125766400899239 6.6779190568969415 7.115474048846658 7.459267294261217 7.688462864620972 7.803060729190543 7.813478873725796 7.750971196856491 7.698881467802688 7.761389428231676 8.06351074057293 8.688589209134603 9.719968615441775
72.67064653052904 74.57649124504357 76.38918484373723 78.10700007810237 79.72928251921189 81.25634866843563 82.68937355771158 84.0302731010061 85.28158578193741 86.44635747221905 87.52803234747986 88.53035206178924 89.45726460382322 90.31284361398764 91.10121840696421 91.82651452090757 92.4928042975944 93.10406677655277 93.66415604696604 94.1767771292569 94.64546843928866 95.07358990881869 95.46431588462495 95.82063199590628 96.14533525733135 96.44103675744338 96.71016636453244 96.95497896140078 97.17756179456804 97.37984259114515 97.56359815723177 97.7304632251238 97.8819393630405 98.01940380089894 98.14411805941393 98.25723629808469 98.35981332107121 98.45281219917251 98.53711148167683 98.6135119842956 98.6827431491982 98.74546898076427 98.80229356644166 98.85376619636132 98.90038609840099 98.94260680743851 98.98084018879676 99.01546013651877 99.04680596726523 99.07518553040738 99.10003248341452 99.12392211177132 99.14449225896139 99.16415880950127 99.1809225563338 99.25952396387427 99.3669612998641 99.45233304524238 99.51635699291566 99.51622552929706 99.494866857885 99.45126556014465 99.40683191773608 99.35167674767652 99.32669719143622 99.32225725381622 99.35860829928541 99.4152893997867 99.48220507198667 99.55890185300883 99.60418963569592 99.61769824752244 99.61008999055417 99.52946156523345 99.15679274314269 98.17988603289204 96.31725497474386 93.56910401167356 90.07063748595618 86.0824196395456 81.8022442704573 77.37608332107918 72.90802215997383 68.46067220830236 64.10689534068536 60.044707494543516 56.51369073185145 53.81595218867226 51.961975656985835 50.82673966817628 50.03525737048591 49.2437450859142 47.99382033951985 46.056316217247385 43.316614887134115 39.95183058513168 36.180724811489334 32.16997797988551 28.034197491741292 23.846301811443716 19.637553604186767 15.532964212045245 11.709642939846855 8.480125780911756 6.021521674264378 4.375504720063317 3.396228461124101 2.8440833049145686 2.646145479978246 2.719072751237609 3.0003580310017077 3.4066585765161777 3.7817055076001465 4.052573464076395 4.177590346732447 4.198427902031343 4.156757596528243 4.052579545609705 3.885893561945325 3.625445911399646 3.229564630158282 2.7190856583410663 2.1460986638211748 1.6356191795938069 1.2605729382511093 1.0522139303743199 0.937616491670671 0.9167806801349885 0.9480346701456626 1.0417964379578417 1.2189019411948985 1.4897691593036801 1.8960699700190669 2.448222375068735 3.135808420822203 3.9171562343320976 4.70892208562022 5.469434080302553 6.125766400899239 6.6779190568969415 7.115474048846658 7.459267294261217 7.688462864620972 7.803060729190543 7.813478873725796 7.750971196856491 7.698881467802688 7.761389428231676 8.06351074057293 8.688589209134603 9.719968615441775
72.67064653052904 74.57649124504357 76.38918484373723 78.10700007810237 79.72928251921189 81.25634866843563 82.68937355771158 84.0302731010061 85.28158578193741 86.44635747221905 87.52803234747986 88.53035206178924 89.45726460382322 90.31284361398764 91.10121840696421 91.82651452090757 92.4928042975944 93.10406677655277 93.66415604696604 94.1767771292569 94.64546843928866 95.07358990881869 95.46431588462495 95.82063199590628 96.14533525733135 96.44103675744338 96.71016636453244 96.95497896140078 97.17756179456804 97.37984259114515 97.56359815723177 97.7304632251238 97.8819393630405 98.01940380089894 98.14411805941393 98.25723629808469 98.35981332107121 98.45281219917251 98.53711148167683 98.6135119842956 98.6827431491982 98.74546898076427 98.80229356644166 98.85376619636132 98.90038609840099 98.94260680743851 98.98084018879676 99.01546013651877 99.04680596726523 99.07518553040738 99.10003248341452 99.12392211177132 99.14449225896139 99.16415880950127 99.1809225563338 99.25952396387427 99.3669612998641 99.45233304524238 99.51635699291566 99.51622552929706 99.494866857885 99.45126556014465 99.40683191773608 99.35167674767652 99.32669719143622 99.32225725381622 99.35860829928541 99.4152893997867 99.48220507198667 99.55890185300883 99.60418963569592 99.61769824752244 99.61008999055417 99.52946156523345 99.15679274314269 98.17988603289204 96.31725497474386 93.56910401167356 90.07063748595618 86.0824196395456 81.8022442704573 77.37608332107918 72.90802215997383 68.46067220830236 64.10689534068536 60.044707494543516 56.51369073185145 53.81595218867226 51.961975656985835 50.82673966817628 50.03525737048591 49.2437450859142 47.99382033951985 46.056316217247385 43.316614887134115 39.95183058513168 36.180724811489334 32.16997797988551 28.034197491741292 23.846301811443716 19.637553604186767 15.532964212045245 11.709642939846855 8.480125780911756 6.021521674264378 4.375504720063317 3.396228461124101 2.8440833049145686 2.646145479978246 2.719072751237609 3.0003580310017077 3.4066585765161777 3.7817055076001465 4.052573464076395 4.177590346732447 4.198427902031343 4.156757596528243 4.052579545609705 3.885893561945325 3.625445911399646 3.229564630158282 2.7190856583410663 2.1460986638211748 1.6356191795938069 1.2605729382511093 1.0522139303743199 0.937616491670671 0.9167806801349885 0.9480346701456626 1.0417964379578417 1.2189019411948985 1.4897691593036801 1.8960699700190669 2.448222375068735 3.135808420822203 3.9171562343320976 4.70892208562022 5.469434080302553 6.125766400899239 6.6779190568969415 7.115474048846658 7.459267294261217 7.688462864620972 7.803060729190543 7.813478873725796 7.750971196856491 7.698881467802688 7.761389428231676 8.06351074057293 8.688589209134603 9.719968615441775
72.67064653052904 74.57649124504357 76.38918484373723 78.10700007810237 79.72928251921189 81.25634866843563 82.68937355771158 84.0302731010061 85.28158578193741 86.44635747221905 87.52803234747986 88.53035206178924 89.45726460382322 90.31284361398764 91.10121840696421 91.82651452090757 92.4928042975944 93.10406677655277 93.66415604696604 94.1767771292569 94.64546843928866 95.07358990881869 95.46431588462495 95.82063199590628 96.14533525733135 96.44103675744338 96.71016636453244 96.95497896140078 97.17756179456804 97.37984259114515 97.56359815723177 97.7304632251238 97.8819393630405 98.01940380089894 98.14411805941393 98.25723629808469 98.35981332107121 98.45281219917251 98.53711148167683 98.6135119842956 98.6827431491982 98.74546898076427 98.80229356644166 98.85376619636132 98.90038609840099 98.94260680743851 98.98084018879676 99.01546013651877 99.04680596726523 99.07518553040738 99.10003248341452 99.12392211177132 99.14449225896139 99.16415880950127 99.1809225563338 99.25952396387427 99.3669612998641 99.45233304524238 99.51635699291566 99.51622552929706 99.494866857885 99.45126556014465 99.40683191773608 99.35167674767652 99.32669719143622 99.32225725381622 99.35860829928541 99.4152893997867 99.48220507198667 99.55890185300883 99.60418963569592 99.61769824752244 99.61008999055417 99.52946156523345 99.15679274314269 98.17988603289204 96.31725497474386 93.56910401167356 90.07063748595618 86.0824196395456 81.8022442704573 77.37608332107918 72.90802215997383 68.46067220830236 64.10689534068536 60.044707494543516 56.51369073185145 53.81595218867226 51.961975656985835 50.82673966817628 50.03525737048591 49.2437450859142 47.99382033951985 46.056316217247385 43.316614887134115 39.95183058513168 36.180724811489334 32.16997797988551 28.034197491741292 23.846301811443716 19.637553604186767 15.532964212045245 11.709642939846855 8.480125780911756 6.021521674264378 4.375504720063317 3.396228461124101 2.8440833049145686 2.646145479978246 2.719072751237609 3.0003580310017077 3.4066585765161777 3.7817055076001465 4.052573464076395 4.177590346732447 4.198427902031343 4.156757596528243 4.052579545609705 3.885893561945325 3.625445911399646 3.229564630158282 2.7190856583410663 2.1460986638211748 1.6356191795938069 1.2605729382511093 1.0522139303743199 0.937616491670671 0.9167806801349885 0.9480346701456626 1.0417964379578417 1.2189019411948985 1.4897691593036801 1.8960699700190669 2.448222375068735 3.135808420822203 3.9171562343320976 4.70892208562022 5.469434080302553 6.125766400899239 6.6779190568969415 7.115474048846658 7.459267294261217 7.688462864620972 7.803060729190543 7.813478873725796 7.750971196856491 7.698881467802688 7.761389428231676 8.06351074057293 8.688589209134603 9.719968615441775