4 151 9
300.0440999999999 302.0443999999999 304.0446999999999 306.0449999999999 308.0452999999999 310.0455999999999 312.0458999999999 314.0461999999999 316.04649999999987 318.0467999999999 320.0470999999999 322.04739999999987 324.0476999999999 326.0479999999999 328.04829999999987 330.0485999999999 332.0488999999999 334.04919999999987 336.0494999999999 338.0497999999999 340.0500999999999 342.05039999999985 344.0506999999999 346.0509999999999 348.05129999999986 350.0515999999999 352.0518999999999 354.05219999999986 356.0524999999999 358.0527999999999 360.05309999999986 362.0533999999999 364.0536999999999 366.05399999999986 368.0542999999999 370.0545999999999 372.05489999999986 374.0551999999999 376.0554999999999 378.05579999999986 380.05609999999984 382.0563999999999 384.05669999999986 386.05699999999985 388.0572999999999 390.05759999999987 392.05789999999985 394.0581999999999 396.05849999999987 398.05879999999985 399.99 402.04 403.99 406.05 407.99 410.06 412.01 413.96 416.02 417.97 420.04 422.0 423.95 426.02 427.98 430.05 432.01 433.96 436.03 437.99 440.06 442.01 443.96 446.03 447.98 450.04 451.98 454.04 455.99 458.04 459.98 462.03 463.97 466.02 467.95 470.0 472.05 473.98 476.02 477.96 480.0 482.05 483.98 486.03 487.96 490.01 492.06 493.99 496.05 497.98 500.04 501.98 504.04 505.98 508.04 509.99 512.05 514.0 515.95 518.01 519.96 522.03 523.98 526.04 527.99 530.05 532.0 534.06 536.0 538.06 540.0 542.05 543.99 546.04 547.98 550.03 551.96 554.0 556.04 557.97 560.01 562.05 563.98 566.01 568.05 569.98 572.01 574.05 575.97 578.01 580.05 581.98 584.02 585.95 588.0 590.04 591.97 594.02 595.96 598.01 599.95
0.0 13.54 26.89 39.77 50.0 60.0 70.0 80.0 90.0
72.75349827254115 74.66151583898615 76.47627608810272 78.19604980214868 79.82018180608307 81.34898896211865 82.78364764184633 84.12607594356437 85.37881524501394 86.54491489050437 87.62782298236618 88.63128544052536 89.55925475475647 90.41580920981926 91.20508282822364 91.93120585164674 92.59825526473864 93.21021464352694 93.7709424712388 94.28414799238755 94.75337365698137 95.18198322743298 95.57315466959038 95.92987701656571 96.25495047190168 96.5509891010413 96.82042554256543 97.06551725006628 97.28835384973142 97.49086526647186 97.67483033212235 97.8418856427357 97.9935344784678 98.13115563941439 98.25601208454894 98.36925928922695 98.47195326018974 98.56505816623248 98.64945355827675 98.72594116504327 98.79525126033782 98.85804860557086 98.91493797690983 98.96646929073086 99.013142344081 99.05541118891283 99.09368816011649 99.12834757801132 99.15972914611262 99.18814106477048 99.2130163457675 99.23693321066918 99.25752680986648 99.27721578222383 99.29399864138979 99.31020421504488 99.32401414648844 99.33654449020841 99.34852250024596 99.35878117585386 99.36863239897104 99.37706731147557 99.3846788980957 99.3919877868617 99.39824557907146 99.40422217300139 99.40933914125884 99.41395635240099 99.41838968415009 99.42218525133897 99.42581008643026 99.42889834337983 99.43169987443743 99.43438973882314 99.43668138726099 99.54191704162527 99.56439476235771 99.56619030874569 99.57803291272334 99.60010619003152 99.62197004923169 99.62316885006496 99.57266761858293 99.47059216348318 99.35806419335435 99.28672580606039 99.33897948854515 99.52510494156475 99.74212437139875 99.89722693844142 99.94924478969118 99.93938062518552 99.96036984090219 99.9966418344401 99.99695074209428 99.99724779729137 99.91007401994722 99.72478701259739 99.6219428748639 99.64274224705157 99.72537417063184 99.74614079950061 99.62261050146441 99.40629944810941 99.2209025213283 99.21069897296971 99.37570209703985 99.6128372291817 99.76751239591134 99.71605301352274 99.5099843781427 99.27299323941831 99.16997856502348 99.242173583015 99.41742759974753 99.53084029935044 99.45872844262652 99.17017626004025 98.76824634688141 98.41784819017975 98.24265838715355 98.28390649152425 98.4488309420357 98.61375464434477 98.68591624066207 98.6653175728032 98.63441011950026 98.7168750254608 98.9642448491835 99.3352927298055 99.71664691160953 99.96401409216503 99.9640209937138 99.74758828867118 99.41778198787216 99.09828143316231 98.84062041108065 98.55203901706933 98.0470176236144 97.15034391410397 95.7795645635743 94.05835905977371 92.2031670782676 90.47165428585743 89.01842052422028 87.79193251158358 86.47268447038536 84.57626464685865 81.89654013062462 78.51596414373557 74.7437356935735
72.7214846066433 74.6286625895858 76.44262429114549 78.16164125448655 79.7850585928642 81.31319302906256 82.74722041703464 84.0890580110594 85.3412460705975 86.50683259815766 87.58926417880454 88.59228508414992 89.51984606475729 90.3760236108219 91.16494992576293 91.89075343383041 92.55750932568202 93.16919942445547 93.7296805155325 94.24266021125044 94.7116794028359 95.14010037254782 95.53109968783633 95.88766506655165 96.21259548006503 96.50850384355432 96.7778217251683 97.02280558515355 97.24554413020111 97.44796643599858 97.63185055164269 97.79883235303618 97.9504144588477 98.08797506246067 98.21277656710969 98.3259739397073 98.42862272232102 98.52168665948356 98.60604491508836 98.68249886507209 98.75177846189871 98.81454817446422 98.87141251281686 98.9229211513535 98.96957366719589 99.01182391250042 99.05008404071788 99.0847282074557 99.11609596674973 99.14449538333285 99.16935971847911 99.19326605926112 99.21385059667281 99.2335309053068 99.25030637952413 99.26650482225311 99.28030867692317 99.29283350692562 99.30480624628862 99.31506040777938 99.32490729607045 99.3333384969669 99.34094673426642 99.34825240690772 99.35450744550597 99.36048140955988 99.36559612620174 99.370211305636 99.37464268658954 99.37843658361793 99.38205982367582 99.38514672170204 99.38794702000409 99.39063570077086 99.3929263408164 99.40542092019274 99.45881432451452 99.512136620871 99.5239791954426 99.48421704129346 99.39271317201462 99.28053996881859 99.21972477814606 99.2722353330536 99.44828134145472 99.6655248806922 99.8311595783501 99.89362084401616 99.89421504165433 99.9153404305346 99.97766937324013 99.99590245944447 99.94756722006102 99.79332302995785 99.61841010189482 99.54655590922775 99.58805157031956 99.67073683321634 99.65034239748297 99.48561286675677 99.26934005116932 99.13549826461515 99.19748886051312 99.41406765021763 99.64094939521537 99.72351153467005 99.62053695619926 99.39385968058723 99.21871102819101 99.20847671143581 99.35284259157051 99.51782092384626 99.53848702861112 99.34269553538189 98.97167099725407 98.5697220845052 98.32237829808325 98.28118109603365 98.40489772237846 98.58015042613236 98.68324733159628 98.66265421587985 98.6214431230439 98.65238319307166 98.84823957563046 99.19870680271897 99.58009425424441 99.8480995041906 99.89964754062083 99.72443046594343 99.42552373391408 99.11630865422642 98.8586295688559 98.5803352503649 98.06496921465077 97.15791960216048 95.76642000953818 94.04508177962605 92.21036095146675 90.53025146699235 89.11813501434742 87.88124455936754 86.42789765757897 84.3664112831382 81.45971449329737 77.9345708630556 73.98682174102457 69.76077148863476 65.10180834861697 59.69040171078299 53.47501426941451
72.78051192937843 74.68923795016589 76.50467202682032 78.22508429953427 79.84981934999774 81.3791941580757 82.81438553215037 84.15731228271736 85.41051673114129 86.57704935396491 87.6603595338125 88.66419458148474 89.59250845433095 90.44938095139395 91.23894763016222 91.96534026588772 92.63263735702076 93.24482395870622 93.80575998684111 94.31915606319565 94.7885559531035 95.21732466795542 95.60864135359051 95.96549615296053 96.29069030933462 96.58683885876849 96.85637534309117 97.10155805409613 97.32447739385732 97.52706400387433 97.71109737646911 97.87821471536896 98.0299198589035 98.16759211912233 98.29249492394051 98.40578417774601 98.50851627937959 98.60165575563602 98.68608248401756 98.76259849092992 98.8319343213324 98.89475498346393 98.9516654780477 99.00321592564596 99.04990630888233 99.09219084830062 99.13048203189254 99.16515431896401 99.1965475391636 99.22497000727734 99.24985452456293 99.27378026988956 99.29438151557032 99.31407779851968 99.33086688922651 99.34707848007412 99.36089353919894 99.37342853548427 99.3854109930035 99.39567347769756 99.4055283586122 99.41396640303255 99.42158081586439 99.42889241844921 99.43515253420153 99.44113134726405 99.44625021547171 99.4508691410023 99.45530411886473 99.45910109536247 99.46272727636912 99.4658166800005 99.46861925127749 99.4713101144203 99.47360261375613 99.63059566279541 99.77695018816333 99.86131369650832 99.89381779957849 99.884964416654 99.8346163438304 99.75324905455791 99.64074408079115 99.54883466852046 99.5290282285614 99.56079667168946 99.58216570943624 99.5208549640163 99.38726536267893 99.27423546082034 99.26439765750706 99.38869838791469 99.56454443096239 99.69908983133737 99.69939781979978 99.60679646069563 99.5451316778732 99.56600314751086 99.66944316810364 99.75220606210837 99.71109820864369 99.52545448616581 99.25722747130462 99.03026640042405 98.92716527652415 98.95823433943474 99.0305874637368 99.07196016302511 99.05139218655526 99.010176473399 99.03088323538927 99.17545362620457 99.40259272836542 99.65037415798591 99.80524905102585 99.84657807651242 99.77435717700253 99.62987929826244 99.43378545064061 99.11382392591725 98.61838073399164 97.91649211253029 97.02880027884927 96.01724074435543 94.94374508757478 93.71541520054252 92.1361274828929 90.0613723036608 87.43953785931083 84.3944904021308 80.9055864491009 77.0037922369053 72.699429781193 68.06475529016971 63.09976856701054 57.70124723218094 51.79693608585788 45.60360178337903 39.39994444773582 33.45434230772563 27.849373188451473 22.7192261335642 18.136156923743624 14.120810041386026 10.58028553564849 7.473294517193813 4.872092641160119 2.9624801078748955 1.7547791825921486 1.0735119849308246 0.701911690520835
72.67064653052904 74.57649124504357 76.38918484373723 78.10700007810237 79.72928251921189 81.25634866843563 82.68937355771158 84.0302731010061 85.28158578193741 86.44635747221905 87.52803234747986 88.53035206178924 89.45726460382322 90.31284361398764 91.10121840696421 91.82651452090757 92.4928042975944 93.10406677655277 93.66415604696604 94.1767771292569 94.64546843928866 95.07358990881869 95.46431588462495 95.82063199590628 96.14533525733135 96.44103675744338 96.71016636453244 96.95497896140078 97.17756179456804 97.37984259114515 97.56359815723177 97.7304632251238 97.8819393630405 98.01940380089894 98.14411805941393 98.25723629808469 98.35981332107121 98.45281219917251 98.53711148167683 98.6135119842956 98.6827431491982 98.74546898076427 98.80229356644166 98.85376619636132 98.90038609840099 98.94260680743851 98.98084018879676 99.01546013651877 99.04680596726523 99.07518553040738 99.10003248341452 99.12392211177132 99.14449225896139 99.16415880950127 99.1809225563338 99.19710967506865 99.21090387975124 99.22341995390576 99.2353843233759 99.24563131639582 99.25547132093224 99.26389662775166 99.27149954629085 99.27880011168848 99.28505077751946 99.29102056529945 99.29613170634937 99.30074365940776 99.30517194247513 99.30896318726906 99.31258389439525 99.31566863443533 99.31846697510713 99.32115377627314 99.3234428149799 99.38812566580266 99.48373551030372 99.5584432977375 99.61206271287139 99.60310946192341 99.5731125660641 99.52222671642306 99.47116782477354 99.4096462087385 99.37923002114695 99.36961568189636 99.40159206697263 99.45429646636742 99.5173924320741 99.59082419097463 99.63297969838167 99.64383789861843 99.63379590344431 99.55081605338522 99.17608795707476 98.19711997273826 96.33261224642726 93.58254928539881 90.08238785250352 86.09254616416378 81.81098591707091 77.38354001815699 72.9144047473204 68.46607694367574 64.11149547305014 60.04859334867847 56.516992029442484 53.81880715453722 51.96446320524209 50.82895001259884 50.0372209128514 49.24548957551062 47.995364389845385 46.057653688127864 43.31775726113095 39.95278164836277 36.18150158582102 32.17060575023848 28.034690550120295 23.84668302067181 19.637836541446326 15.533167496500113 11.709781058907767 8.480216638148784 6.0215798207367035 4.375543076804102 3.396255292051541 2.8441037008733163 2.6461627056813 2.7190887030699673 3.0003740090951347 3.4066749307154085 3.781721973169897 4.052589378305268 4.1776052383711075 4.19844138945701 4.156769717173601 4.052590204262272 3.8859028359445853 3.625453715756842 3.22957094457169 2.719090452237678 2.1461021004226564 1.6356215413657078 1.2605745916277615 1.0522151759173461 0.9376174994617619 0.9167815700461578 0.9480355005066365 1.0417972672823266 1.2189028167274252
72.67064653052904 74.57649124504357 76.38918484373723 78.10700007810237 79.72928251921189 81.25634866843563 82.68937355771158 84.0302731010061 85.28158578193741 86.44635747221905 87.52803234747986 88.53035206178924 89.45726460382322 90.31284361398764 91.10121840696421 91.82651452090757 92.4928042975944 93.10406677655277 93.66415604696604 94.1767771292569 94.64546843928866 95.07358990881869 95.46431588462495 95.82063199590628 96.14533525733135 96.44103675744338 96.71016636453244 96.95497896140078 97.17756179456804 97.37984259114515 97.56359815723177 97.7304632251238 97.8819393630405 98.01940380089894 98.14411805941393 98.25723629808469 98.35981332107121 98.45281219917251 98.53711148167683 98.6135119842956 98.6827431491982 98.74546898076427 98.80229356644166 98.85376619636132 98.90038609840099 98.94260680743851 98.98084018879676 99.01546013651877 99.04680596726523 99.07518553040738 99.10003248341452 99.12392211177132 99.14449225896139 99.16415880950127 99.1809225563338 99.19710967506865 99.21090387975124 99.22341995390576 99.2353843233759 99.24563131639582 99.25547132093224 99.26389662775166 99.27149954629085 99.27880011168848 99.28505077751946 99.29102056529945 99.29613170634937 99.30074365940776 99.30517194247513 99.30896318726906 99.31258389439525 99.31566863443533 99.31846697510713 99.32115377627314 99.3234428149799 99.38812566580266 99.48373551030372 99.5584432977375 99.61206271287139 99.60310946192341 99.5731125660641 99.52222671642306 99.47116782477354 99.4096462087385 99.37923002114695 99.36961568189636 99.40159206697263 99.45429646636742 99.5173924320741 99.59082419097463 99.63297969838167 99.64383789861843 99.63379590344431 99.55081605338522 99.17608795707476 98.19711997273826 96.33261224642726 93.58254928539881 90.08238785250352 86.09254616416378 81.81098591707091 77.38354001815699 72.9144047473204 68.46607694367574 64.11149547305014 60.04859334867847 56.516992029442484 53.81880715453722 51.96446320524209 50.82895001259884 50.0372209128514 49.24548957551062 47.995364389845385 46.057653688127864 43.31775726113095 39.95278164836277 36.18150158582102 32.17060575023848 28.034690550120295 23.84668302067181 19.637836541446326 15.533167496500113 11.709781058907767 8.480216638148784 6.0215798207367035 4.375543076804102 3.396255292051541 2.8441037008733163 2.6461627056813 2.7190887030699673 3.0003740090951347 3.4066749307154085 3.781721973169897 4.052589378305268 4.1776052383711075 4.19844138945701 4.156769717173601 4.052590204262272 3.8859028359445853 3.625453715756842 3.22957094457169 2.719090452237678 2.1461021004226564 1.6356215413657078 1.2605745916277615 1.0522151759173461 0.9376174994617619 0.9167815700461578 0.9480355005066365 1.0417972672823266 1.2189028167274252
72.67064653052904 74.57649124504357 76.38918484373723 78.10700007810237 79.72928251921189 81.25634866843563 82.68937355771158 84.0302731010061 85.28158578193741 86.44635747221905 87.52803234747986 88.53035206178924 89.45726460382322 90.31284361398764 91.10121840696421 91.82651452090757 92.4928042975944 93.10406677655277 93.66415604696604 94.1767771292569 94.64546843928866 95.07358990881869 95.46431588462495 95.82063199590628 96.14533525733135 96.44103675744338 96.71016636453244 96.95497896140078 97.17756179456804 97.37984259114515 97.56359815723177 97.7304632251238 97.8819393630405 98.01940380089894 98.14411805941393 98.25723629808469 98.35981332107121 98.45281219917251 98.53711148167683 98.6135119842956 98.6827431491982 98.74546898076427 98.80229356644166 98.85376619636132 98.90038609840099 98.94260680743851 98.98084018879676 99.01546013651877 99.04680596726523 99.07518553040738 99.10003248341452 99.12392211177132 99.14449225896139 99.16415880950127 99.1809225563338 99.19710967506865 99.21090387975124 99.22341995390576 99.2353843233759 99.24563131639582 99.25547132093224 99.26389662775166 99.27149954629085 99.27880011168848 99.28505077751946 99.29102056529945 99.29613170634937 99.30074365940776 99.30517194247513 99.30896318726906 99.31258389439525 99.31566863443533 99.31846697510713 99.32115377627314 99.3234428149799 99.38812566580266 99.48373551030372 99.5584432977375 99.61206271287139 99.60310946192341 99.5731125660641 99.52222671642306 99.47116782477354 99.4096462087385 99.37923002114695 99.36961568189636 99.40159206697263 99.45429646636742 99.5173924320741 99.59082419097463 99.63297969838167 99.64383789861843 99.63379590344431 99.55081605338522 99.17608795707476 98.19711997273826 96.33261224642726 93.58254928539881 90.08238785250352 86.09254616416378 81.81098591707091 77.38354001815699 72.9144047473204 68.46607694367574 64.11149547305014 60.04859334867847 56.516992029442484 53.81880715453722 51.96446320524209 50.82895001259884 50.0372209128514 49.24548957551062 47.995364389845385 46.057653688127864 43.31775726113095 39.95278164836277 36.18150158582102 32.17060575023848 28.034690550120295 23.84668302067181 19.637836541446326 15.533167496500113 11.709781058907767 8.480216638148784 6.0215798207367035 4.375543076804102 3.396255292051541 2.8441037008733163 2.6461627056813 2.7190887030699673 3.0003740090951347 3.4066749307154085 3.781721973169897 4.052589378305268 4.1776052383711075 4.19844138945701 4.156769717173601 4.052590204262272 3.8859028359445853 3.625453715756842 3.22957094457169 2.719090452237678 2.1461021004226564 1.6356215413657078 1.2605745916277615 1.0522151759173461 0.9376174994617619 0.9167815700461578 0.9480355005066365 1.0417972672823266 1.2189028167274252
72.67064653052904 74.57649124504357 76.38918484373723 78.10700007810237 79.72928251921189 81.25634866843563 82.68937355771158 84.0302731010061 85.28158578193741 86.44635747221905 87.52803234747986 88.53035206178924 89.45726460382322 90.31284361398764 91.10121840696421 91.82651452090757 92.4928042975944 93.10406677655277 93.66415604696604 94.1767771292569 94.64546843928866 95.07358990881869 95.46431588462495 95.82063199590628 96.14533525733135 96.44103675744338 96.71016636453244 96.95497896140078 97.17756179456804 97.37984259114515 97.56359815723177 97.7304632251238 97.8819393630405 98.01940380089894 98.14411805941393 98.25723629808469 98.35981332107121 98.45281219917251 98.53711148167683 98.6135119842956 98.6827431491982 98.74546898076427 98.80229356644166 98.85376619636132 98.90038609840099 98.94260680743851 98.98084018879676 99.01546013651877 99.04680596726523 99.07518553040738 99.10003248341452 99.12392211177132 99.14449225896139 99.16415880950127 99.1809225563338 99.19710967506865 99.21090387975124 99.22341995390576 99.2353843233759 99.24563131639582 99.25547132093224 99.26389662775166 99.27149954629085 99.27880011168848 99.28505077751946 99.29102056529945 99.29613170634937 99.30074365940776 99.30517194247513 99.30896318726906 99.31258389439525 99.31566863443533 99.31846697510713 99.32115377627314 99.3234428149799 99.38812566580266 99.48373551030372 99.5584432977375 99.61206271287139 99.60310946192341 99.5731125660641 99.52222671642306 99.47116782477354 99.4096462087385 99.37923002114695 99.36961568189636 99.40159206697263 99.45429646636742 99.5173924320741 99.59082419097463 99.63297969838167 99.64383789861843 99.63379590344431 99.55081605338522 99.17608795707476 98.19711997273826 96.33261224642726 93.58254928539881 90.08238785250352 86.09254616416378 81.81098591707091 77.38354001815699 72.9144047473204 68.46607694367574 64.11149547305014 60.04859334867847 56.516992029442484 53.81880715453722 51.96446320524209 50.82895001259884 50.0372209128514 49.24548957551062 47.995364389845385 46.057653688127864 43.31775726113095 39.95278164836277 36.18150158582102 32.17060575023848 28.034690550120295 23.84668302067181 19.637836541446326 15.533167496500113 11.709781058907767 8.480216638148784 6.0215798207367035 4.375543076804102 3.396255292051541 2.8441037008733163 2.6461627056813 2.7190887030699673 3.0003740090951347 3.4066749307154085 3.781721973169897 4.052589378305268 4.1776052383711075 4.19844138945701 4.156769717173601 4.052590204262272 3.8859028359445853 3.625453715756842 3.22957094457169 2.719090452237678 2.1461021004226564 1.6356215413657078 1.2605745916277615 1.0522151759173461 0.9376174994617619 0.9167815700461578 0.9480355005066365 1.0417972672823266 1.2189028167274252
72.67064653052904 74.57649124504357 76.38918484373723 78.10700007810237 79.72928251921189 81.25634866843563 82.68937355771158 84.0302731010061 85.28158578193741 86.44635747221905 87.52803234747986 88.53035206178924 89.45726460382322 90.31284361398764 91.10121840696421 91.82651452090757 92.4928042975944 93.10406677655277 93.66415604696604 94.1767771292569 94.64546843928866 95.07358990881869 95.46431588462495 95.82063199590628 96.14533525733135 96.44103675744338 96.71016636453244 96.95497896140078 97.17756179456804 97.37984259114515 97.56359815723177 97.7304632251238 97.8819393630405 98.01940380089894 98.14411805941393 98.25723629808469 98.35981332107121 98.45281219917251 98.53711148167683 98.6135119842956 98.6827431491982 98.74546898076427 98.80229356644166 98.85376619636132 98.90038609840099 98.94260680743851 98.98084018879676 99.01546013651877 99.04680596726523 99.07518553040738 99.10003248341452 99.12392211177132 99.14449225896139 99.16415880950127 99.1809225563338 99.19710967506865 99.21090387975124 99.22341995390576 99.2353843233759 99.24563131639582 99.25547132093224 99.26389662775166 99.27149954629085 99.27880011168848 99.28505077751946 99.29102056529945 99.29613170634937 99.30074365940776 99.30517194247513 99.30896318726906 99.31258389439525 99.31566863443533 99.31846697510713 99.32115377627314 99.3234428149799 99.38812566580266 99.48373551030372 99.5584432977375 99.61206271287139 99.60310946192341 99.5731125660641 99.52222671642306 99.47116782477354 99.4096462087385 99.37923002114695 99.36961568189636 99.40159206697263 99.45429646636742 99.5173924320741 99.59082419097463 99.63297969838167 99.64383789861843 99.63379590344431 99.55081605338522 99.17608795707476 98.19711997273826 96.33261224642726 93.58254928539881 90.08238785250352 86.09254616416378 81.81098591707091 77.38354001815699 72.9144047473204 68.46607694367574 64.11149547305014 60.04859334867847 56.516992029442484 53.81880715453722 51.96446320524209 50.82895001259884 50.0372209128514 49.24548957551062 47.995364389845385 46.057653688127864 43.31775726113095 39.95278164836277 36.18150158582102 32.17060575023848 28.034690550120295 23.84668302067181 19.637836541446326 15.533167496500113 11.709781058907767 8.480216638148784 6.0215798207367035 4.375543076804102 3.396255292051541 2.8441037008733163 2.6461627056813 2.7190887030699673 3.0003740090951347 3.4066749307154085 3.781721973169897 4.052589378305268 4.1776052383711075 4.19844138945701 4.156769717173601 4.052590204262272 3.8859028359445853 3.625453715756842 3.22957094457169 2.719090452237678 2.1461021004226564 1.6356215413657078 1.2605745916277615 1.0522151759173461 0.9376174994617619 0.9167815700461578 0.9480355005066365 1.0417972672823266 1.2189028167274252
72.67064653052904 74.57649124504357 76.38918484373723 78.10700007810237 79.72928251921189 81.25634866843563 82.68937355771158 84.0302731010061 85.28158578193741 86.44635747221905 87.52803234747986 88.53035206178924 89.45726460382322 90.31284361398764 91.10121840696421 91.82651452090757 92.4928042975944 93.10406677655277 93.66415604696604 94.1767771292569 94.64546843928866 95.07358990881869 95.46431588462495 95.82063199590628 96.14533525733135 96.44103675744338 96.71016636453244 96.95497896140078 97.17756179456804 97.37984259114515 97.56359815723177 97.7304632251238 97.8819393630405 98.01940380089894 98.14411805941393 98.25723629808469 98.35981332107121 98.45281219917251 98.53711148167683 98.6135119842956 98.6827431491982 98.74546898076427 98.80229356644166 98.85376619636132 98.90038609840099 98.94260680743851 98.98084018879676 99.01546013651877 99.04680596726523 99.07518553040738 99.10003248341452 99.12392211177132 99.14449225896139 99.16415880950127 99.1809225563338 99.19710967506865 99.21090387975124 99.22341995390576 99.2353843233759 99.24563131639582 99.25547132093224 99.26389662775166 99.27149954629085 99.27880011168848 99.28505077751946 99.29102056529945 99.29613170634937 99.30074365940776 99.30517194247513 99.30896318726906 99.31258389439525 99.31566863443533 99.31846697510713 99.32115377627314 99.3234428149799 99.38812566580266 99.48373551030372 99.5584432977375 99.61206271287139 99.60310946192341 99.5731125660641 99.52222671642306 99.47116782477354 99.4096462087385 99.37923002114695 99.36961568189636 99.40159206697263 99.45429646636742 99.5173924320741 99.59082419097463 99.63297969838167 99.64383789861843 99.63379590344431 99.55081605338522 99.17608795707476 98.19711997273826 96.33261224642726 93.58254928539881 90.08238785250352 86.09254616416378 81.81098591707091 77.38354001815699 72.9144047473204 68.46607694367574 64.11149547305014 60.04859334867847 56.516992029442484 53.81880715453722 51.96446320524209 50.82895001259884 50.0372209128514 49.24548957551062 47.995364389845385 46.057653688127864 43.31775726113095 39.95278164836277 36.18150158582102 32.17060575023848 28.034690550120295 23.84668302067181 19.637836541446326 15.533167496500113 11.709781058907767 8.480216638148784 6.0215798207367035 4.375543076804102 3.396255292051541 2.8441037008733163 2.6461627056813 2.7190887030699673 3.0003740090951347 3.4066749307154085 3.781721973169897 4.052589378305268 4.1776052383711075 4.19844138945701 4.156769717173601 4.052590204262272 3.8859028359445853 3.625453715756842 3.22957094457169 2.719090452237678 2.1461021004226564 1.6356215413657078 1.2605745916277615 1.0522151759173461 0.9376174994617619 0.9167815700461578 0.9480355005066365 1.0417972672823266 1.2189028167274252