4 151 9
300.0440999999999 302.0443999999999 304.0446999999999 306.0449999999999 308.0452999999999 310.0455999999999 312.0458999999999 314.0461999999999 316.04649999999987 318.0467999999999 320.0470999999999 322.04739999999987 324.0476999999999 326.0479999999999 328.04829999999987 330.0485999999999 332.0488999999999 334.04919999999987 336.0494999999999 338.0497999999999 340.0500999999999 342.05039999999985 344.0506999999999 346.0509999999999 348.05129999999986 350.0515999999999 352.0518999999999 354.05219999999986 356.0524999999999 358.0527999999999 360.05309999999986 362.0533999999999 364.0536999999999 366.05399999999986 368.0542999999999 370.0545999999999 372.05489999999986 374.0551999999999 376.0554999999999 378.05579999999986 380.05609999999984 382.0563999999999 384.05669999999986 386.05699999999985 388.0572999999999 390.05759999999987 392.05789999999985 394.0581999999999 396.05849999999987 398.05879999999985 399.99 402.04 403.99 406.05 407.99 410.06 412.01 413.96 416.02 417.97 420.04 422.0 423.95 426.02 427.98 430.05 432.01 433.96 436.03 437.99 440.06 442.01 443.96 446.03 447.98 450.04 451.98 454.04 455.99 458.04 459.98 462.03 463.97 466.02 467.95 470.0 472.05 473.98 476.02 477.96 480.0 482.05 483.98 486.03 487.96 490.01 492.06 493.99 496.05 497.98 500.04 501.98 504.04 505.98 508.04 509.99 512.05 514.0 515.95 518.01 519.96 522.03 523.98 526.04 527.99 530.05 532.0 534.06 536.0 538.06 540.0 542.05 543.99 546.04 547.98 550.03 551.96 554.0 556.04 557.97 560.01 562.05 563.98 566.01 568.05 569.98 572.01 574.05 575.97 578.01 580.05 581.98 584.02 585.95 588.0 590.04 591.97 594.02 595.96 598.01 599.95
0.0 13.54 26.89 39.77 50.0 60.0 70.0 80.0 90.0
72.75349827254115 74.66151583898615 76.47627608810272 78.19604980214868 79.82018180608307 81.34898896211865 82.78364764184633 84.12607594356437 85.37881524501394 86.54491489050437 87.62782298236618 88.63128544052536 89.55925475475647 90.41580920981926 91.20508282822364 91.93120585164674 92.59825526473864 93.21021464352694 93.7709424712388 94.28414799238755 94.75337365698137 95.18198322743298 95.57315466959038 95.92987701656571 96.25495047190168 96.5509891010413 96.82042554256543 97.06551725006628 97.28835384973142 97.49086526647186 97.67483033212235 97.8418856427357 97.9935344784678 98.13115563941439 98.25601208454894 98.36925928922695 98.47195326018974 98.56505816623248 98.64945355827675 98.72594116504327 98.79525126033782 98.85804860557086 98.91493797690983 98.96646929073086 99.013142344081 99.05541118891283 99.09368816011649 99.12834757801132 99.15972914611262 99.18814106477048 99.2130163457675 99.23693321066918 99.25752680986648 99.27721578222383 99.29399864138979 99.31020421504488 99.32401414648844 99.33654449020841 99.34852250024596 99.35878117585386 99.36863239897104 99.37706731147557 99.3846788980957 99.3919877868617 99.39824557907146 99.40422217300139 99.40933914125884 99.41395635240099 99.41838968415009 99.42218525133897 99.42581008643026 99.42889834337983 99.43169987443743 99.43438973882314 99.43668138726099 99.43887157884926 99.44073788622974 99.44253120258703 99.44406681235438 99.44552764964348 99.44677883263533 99.44797552530534 99.44900046774221 99.55303774339488 99.57448565876878 99.5752900911517 99.58632210787547 99.60755299370646 99.62875762536802 99.62926780294163 99.57822263951292 99.47560088628344 99.3626070353787 99.2908231468961 99.34266149646287 99.52847099942531 99.745171896539 99.89999591908914 99.95174860339647 99.94162924799949 99.96242291039253 99.99848726851353 99.99863532112323 99.99876147500206 99.91143960130431 99.72602568693692 99.62305916510964 99.64375688895278 99.72628615111965 99.74697271988352 99.62335670627937 99.40697879923067 99.22151149921856 99.21125380725957 99.37620121467612 99.61329310274643 99.76792656213728 99.71642645145391 99.51032228729417 99.2732970748572 99.17025377687699 99.24242193864167 99.41765318958086 99.5310439590758 99.45891297361766 99.17034217962104 98.7683962565487 98.41798283755742 98.24278086882077 98.28401654611179 98.4489314004852 98.61384543085217 98.68599866118255 98.66539188752319 98.63447787932165 98.71693599238988 98.96430001951995 99.33534323849761 99.71669247434767 99.96405533873269 99.96405861423729 99.74762206667653 99.41781238955615 99.09830894947817 98.84064522719375 98.5520613613245 98.04703782679093 97.15036199869482 95.77958059827519 94.05837342816105 92.20317974554723
72.7214846066433 74.6286625895858 76.44262429114549 78.16164125448655 79.7850585928642 81.31319302906256 82.74722041703464 84.0890580110594 85.3412460705975 86.50683259815766 87.58926417880454 88.59228508414992 89.51984606475729 90.3760236108219 91.16494992576293 91.89075343383041 92.55750932568202 93.16919942445547 93.7296805155325 94.24266021125044 94.7116794028359 95.14010037254782 95.53109968783633 95.88766506655165 96.21259548006503 96.50850384355432 96.7778217251683 97.02280558515355 97.24554413020111 97.44796643599858 97.63185055164269 97.79883235303618 97.9504144588477 98.08797506246067 98.21277656710969 98.3259739397073 98.42862272232102 98.52168665948356 98.60604491508836 98.68249886507209 98.75177846189871 98.81454817446422 98.87141251281686 98.9229211513535 98.96957366719589 99.01182391250042 99.05008404071788 99.0847282074557 99.11609596674973 99.14449538333285 99.16935971847911 99.19326605926112 99.21385059667281 99.2335309053068 99.25030637952413 99.26650482225311 99.28030867692317 99.29283350692562 99.30480624628862 99.31506040777938 99.32490729607045 99.3333384969669 99.34094673426642 99.34825240690772 99.35450744550597 99.36048140955988 99.36559612620174 99.370211305636 99.37464268658954 99.37843658361793 99.38205982367582 99.38514672170204 99.38794702000409 99.39063570077086 99.3929263408164 99.39511556865635 99.39698105480703 99.3987735820527 99.40030851610686 99.40176871058485 99.40301934301961 99.40421550910987 99.40524000054211 99.41652637278186 99.46889452030051 99.52123146307797 99.53226389098977 99.49165518028147 99.39948512811746 99.28661794587785 99.22526010888481 99.27723406783272 99.4528283083808 99.66963785371746 99.83485982896568 99.89699936552448 99.89726721377946 99.91810991325741 99.98017389900545 99.99815235399221 99.94962002660044 99.79516471179078 99.62008830391308 99.54806276472802 99.58941275024009 99.67197483620252 99.65145900595286 99.48662590864127 99.27024786126196 99.13632509200932 99.19823188103274 99.41474705442747 99.64156095118398 99.72406923685618 99.62103730352642 99.39431455201128 99.21912291617039 99.20884824848704 99.35317996711072 99.518125508606 99.53876326313194 99.34294414256686 98.97189557561325 98.56992377759317 98.32256072074442 98.28134552825493 98.40504708055806 98.58028529555888 98.68337036255716 98.66276469457472 98.62154375762908 98.65247401514154 98.84832213172017 99.19878151918775 99.58016266373146 99.84816116975689 99.89970323242322 99.72448117249913 99.42556916363161 99.11634955101883 98.85866677337566 98.58036863309772 98.06499920264834 97.157946579702 95.76644405380561 94.04510310203932 92.21037995196514 90.53026831924927 89.11814993384142 87.88125798413674 86.42790953142648
72.78051192937843 74.68923795016589 76.50467202682032 78.22508429953427 79.84981934999774 81.3791941580757 82.81438553215037 84.15731228271736 85.41051673114129 86.57704935396491 87.6603595338125 88.66419458148474 89.59250845433095 90.44938095139395 91.23894763016222 91.96534026588772 92.63263735702076 93.24482395870622 93.80575998684111 94.31915606319565 94.7885559531035 95.21732466795542 95.60864135359051 95.96549615296053 96.29069030933462 96.58683885876849 96.85637534309117 97.10155805409613 97.32447739385732 97.52706400387433 97.71109737646911 97.87821471536896 98.0299198589035 98.16759211912233 98.29249492394051 98.40578417774601 98.50851627937959 98.60165575563602 98.68608248401756 98.76259849092992 98.8319343213324 98.89475498346393 98.9516654780477 99.00321592564596 99.04990630888233 99.09219084830062 99.13048203189254 99.16515431896401 99.1965475391636 99.22497000727734 99.24985452456293 99.27378026988956 99.29438151557032 99.31407779851968 99.33086688922651 99.34707848007412 99.36089353919894 99.37342853548427 99.3854109930035 99.39567347769756 99.4055283586122 99.41396640303255 99.42158081586439 99.42889241844921 99.43515253420153 99.44113134726405 99.44625021547171 99.4508691410023 99.45530411886473 99.45910109536247 99.46272727636912 99.4658166800005 99.46861925127749 99.4713101144203 99.47360261375613 99.47579361857106 99.47766061891873 99.47945460114134 99.48099078108658 99.48245216079023 99.48370380835121 99.48490094535786 99.48592626835985 99.64172627163262 99.78706262716288 99.87044045151019 99.90213328167842 99.89243251833123 99.841418408266 99.75935597097407 99.64630289961248 99.55384733112858 99.53357888739066 99.56490532281605 99.5858567310724 99.52422087813754 99.39030204544184 99.27698717320749 99.26688431520843 99.39093462045132 99.56658937066014 99.70092977410035 99.70107738616176 99.6083042280688 99.54649227116013 99.56723984960752 99.67055999060271 99.7532218186575 99.71201005857898 99.52628456594174 99.2579709392853 99.03094318170344 98.92777245157365 98.95878776182006 99.0310848480238 99.07241356129083 99.05180337994167 99.01054726781324 99.03121951764206 99.17575716311319 99.4028685857588 99.6506235351431 99.80547552087165 99.84678238229952 99.7745422935962 99.63004598696293 99.4339363704579 99.11395952547288 98.61850368408166 97.91660175570115 97.02889928828125 96.01732914044143 94.94382438270812 93.7154857869959 92.1361907785271 90.06142792500515 87.43958660488283 84.3945333139219 80.90562341665007 77.00382400976032 72.69945714094283 68.06477833926502 63.099787862746034 57.70126325390927 51.79694909061866 45.60361212287606 39.39995256633088 33.45434853527016 27.84937785078598 22.719229604161008 18.136159415369217
72.67064653052904 74.57649124504357 76.38918484373723 78.10700007810237 79.72928251921189 81.25634866843563 82.68937355771158 84.0302731010061 85.28158578193741 86.44635747221905 87.52803234747986 88.53035206178924 89.45726460382322 90.31284361398764 91.10121840696421 91.82651452090757 92.4928042975944 93.10406677655277 93.66415604696604 94.1767771292569 94.64546843928866 95.07358990881869 95.46431588462495 95.82063199590628 96.14533525733135 96.44103675744338 96.71016636453244 96.95497896140078 97.17756179456804 97.37984259114515 97.56359815723177 97.7304632251238 97.8819393630405 98.01940380089894 98.14411805941393 98.25723629808469 98.35981332107121 98.45281219917251 98.53711148167683 98.6135119842956 98.6827431491982 98.74546898076427 98.80229356644166 98.85376619636132 98.90038609840099 98.94260680743851 98.98084018879676 99.01546013651877 99.04680596726523 99.07518553040738 99.10003248341452 99.12392211177132 99.14449225896139 99.16415880950127 99.1809225563338 99.19710967506865 99.21090387975124 99.22341995390576 99.2353843233759 99.24563131639582 99.25547132093224 99.26389662775166 99.27149954629085 99.27880011168848 99.28505077751946 99.29102056529945 99.29613170634937 99.30074365940776 99.30517194247513 99.30896318726906 99.31258389439525 99.31566863443533 99.31846697510713 99.32115377627314 99.3234428149799 99.32563051237624 99.3274946944044 99.32928596853156 99.33081982954529 99.3322790032317 99.33352876137538 99.33472409125082 99.33574786648242 99.39922918618703 99.49381823186314 99.56754237211085 99.62035474077334 99.61055649014406 99.57989681337762 99.52831948959954 99.4767171831709 99.41465186267806 99.38377383091371 99.37371644341162 99.40527639563102 99.45766012940084 99.52043309074507 99.59358467866109 99.63547558937708 99.64607987176022 99.6358422654866 99.55265325976148 99.17775870759971 98.19860640156537 96.33392893066211 93.58371166744945 90.08339724950953 86.0934228271575 81.81173407192584 77.38418542602668 72.91495089923943 68.46654484667987 64.1118889635573 60.04892916950216 56.51727588783921 53.81905345383105 51.964678926022245 50.82914036768573 50.037390825799996 49.245640296511866 47.995497584320006 46.057768948374914 43.31785555421574 39.952863399632164 36.18156871525704 32.17065957421683 28.03473310095306 23.84671564578396 19.63786102444587 15.533184889951421 11.709793007718513 8.480224445267103 6.021584849840773 4.375546372463272 3.396257625209429 2.844105457374103 2.6461641808573804 2.719090085636126 3.00037538003228 3.406676336357722 3.781723396385559 4.052590750653091 4.177606515871287 4.198442555225352 4.156770760822123 4.052591123087601 3.8859036366581905 3.625454390637078 3.229571485242389 2.719090867606872 2.1461023952636715
72.67064653052904 74.57649124504357 76.38918484373723 78.10700007810237 79.72928251921189 81.25634866843563 82.68937355771158 84.0302731010061 85.28158578193741 86.44635747221905 87.52803234747986 88.53035206178924 89.45726460382322 90.31284361398764 91.10121840696421 91.82651452090757 92.4928042975944 93.10406677655277 93.66415604696604 94.1767771292569 94.64546843928866 95.07358990881869 95.46431588462495 95.82063199590628 96.14533525733135 96.44103675744338 96.71016636453244 96.95497896140078 97.17756179456804 97.37984259114515 97.56359815723177 97.7304632251238 97.8819393630405 98.01940380089894 98.14411805941393 98.25723629808469 98.35981332107121 98.45281219917251 98.53711148167683 98.6135119842956 98.6827431491982 98.74546898076427 98.80229356644166 98.85376619636132 98.90038609840099 98.94260680743851 98.98084018879676 99.01546013651877 99.04680596726523 99.07518553040738 99.10003248341452 99.12392211177132 99.14449225896139 99.16415880950127 99.1809225563338 99.19710967506865 99.21090387975124 99.22341995390576 99.2353843233759 99.24563131639582 99.25547132093224 99.26389662775166 99.27149954629085 99.27880011168848 99.28505077751946 99.29102056529945 99.29613170634937 99.30074365940776 99.30517194247513 99.30896318726906 99.31258389439525 99.31566863443533 99.31846697510713 99.32115377627314 99.3234428149799 99.32563051237624 99.3274946944044 99.32928596853156 99.33081982954529 99.3322790032317 99.33352876137538 99.33472409125082 99.33574786648242 99.39922918618703 99.49381823186314 99.56754237211085 99.62035474077334 99.61055649014406 99.57989681337762 99.52831948959954 99.4767171831709 99.41465186267806 99.38377383091371 99.37371644341162 99.40527639563102 99.45766012940084 99.52043309074507 99.59358467866109 99.63547558937708 99.64607987176022 99.6358422654866 99.55265325976148 99.17775870759971 98.19860640156537 96.33392893066211 93.58371166744945 90.08339724950953 86.0934228271575 81.81173407192584 77.38418542602668 72.91495089923943 68.46654484667987 64.1118889635573 60.04892916950216 56.51727588783921 53.81905345383105 51.964678926022245 50.82914036768573 50.037390825799996 49.245640296511866 47.995497584320006 46.057768948374914 43.31785555421574 39.952863399632164 36.18156871525704 32.17065957421683 28.03473310095306 23.84671564578396 19.63786102444587 15.533184889951421 11.709793007718513 8.480224445267103 6.021584849840773 4.375546372463272 3.396257625209429 2.844105457374103 2.6461641808573804 2.719090085636126 3.00037538003228 3.406676336357722 3.781723396385559 4.052590750653091 4.177606515871287 4.198442555225352 4.156770760822123 4.052591123087601 3.8859036366581905 3.625454390637078 3.229571485242389 2.719090867606872 2.1461023952636715
72.67064653052904 74.57649124504357 76.38918484373723 78.10700007810237 79.72928251921189 81.25634866843563 82.68937355771158 84.0302731010061 85.28158578193741 86.44635747221905 87.52803234747986 88.53035206178924 89.45726460382322 90.31284361398764 91.10121840696421 91.82651452090757 92.4928042975944 93.10406677655277 93.66415604696604 94.1767771292569 94.64546843928866 95.07358990881869 95.46431588462495 95.82063199590628 96.14533525733135 96.44103675744338 96.71016636453244 96.95497896140078 97.17756179456804 97.37984259114515 97.56359815723177 97.7304632251238 97.8819393630405 98.01940380089894 98.14411805941393 98.25723629808469 98.35981332107121 98.45281219917251 98.53711148167683 98.6135119842956 98.6827431491982 98.74546898076427 98.80229356644166 98.85376619636132 98.90038609840099 98.94260680743851 98.98084018879676 99.01546013651877 99.04680596726523 99.07518553040738 99.10003248341452 99.12392211177132 99.14449225896139 99.16415880950127 99.1809225563338 99.19710967506865 99.21090387975124 99.22341995390576 99.2353843233759 99.24563131639582 99.25547132093224 99.26389662775166 99.27149954629085 99.27880011168848 99.28505077751946 99.29102056529945 99.29613170634937 99.30074365940776 99.30517194247513 99.30896318726906 99.31258389439525 99.31566863443533 99.31846697510713 99.32115377627314 99.3234428149799 99.32563051237624 99.3274946944044 99.32928596853156 99.33081982954529 99.3322790032317 99.33352876137538 99.33472409125082 99.33574786648242 99.39922918618703 99.49381823186314 99.56754237211085 99.62035474077334 99.61055649014406 99.57989681337762 99.52831948959954 99.4767171831709 99.41465186267806 99.38377383091371 99.37371644341162 99.40527639563102 99.45766012940084 99.52043309074507 99.59358467866109 99.63547558937708 99.64607987176022 99.6358422654866 99.55265325976148 99.17775870759971 98.19860640156537 96.33392893066211 93.58371166744945 90.08339724950953 86.0934228271575 81.81173407192584 77.38418542602668 72.91495089923943 68.46654484667987 64.1118889635573 60.04892916950216 56.51727588783921 53.81905345383105 51.964678926022245 50.82914036768573 50.037390825799996 49.245640296511866 47.995497584320006 46.057768948374914 43.31785555421574 39.952863399632164 36.18156871525704 32.17065957421683 28.03473310095306 23.84671564578396 19.63786102444587 15.533184889951421 11.709793007718513 8.480224445267103 6.021584849840773 4.375546372463272 3.396257625209429 2.844105457374103 2.6461641808573804 2.719090085636126 3.00037538003228 3.406676336357722 3.781723396385559 4.052590750653091 4.177606515871287 4.198442555225352 4.156770760822123 4.052591123087601 3.8859036366581905 3.625454390637078 3.229571485242389 2.719090867606872 2.1461023952636715
72.67064653052904 74.57649124504357 76.38918484373723 78.10700007810237 79.72928251921189 81.25634866843563 82.68937355771158 84.0302731010061 85.28158578193741 86.44635747221905 87.52803234747986 88.53035206178924 89.45726460382322 90.31284361398764 91.10121840696421 91.82651452090757 92.4928042975944 93.10406677655277 93.66415604696604 94.1767771292569 94.64546843928866 95.07358990881869 95.46431588462495 95.82063199590628 96.14533525733135 96.44103675744338 96.71016636453244 96.95497896140078 97.17756179456804 97.37984259114515 97.56359815723177 97.7304632251238 97.8819393630405 98.01940380089894 98.14411805941393 98.25723629808469 98.35981332107121 98.45281219917251 98.53711148167683 98.6135119842956 98.6827431491982 98.74546898076427 98.80229356644166 98.85376619636132 98.90038609840099 98.94260680743851 98.98084018879676 99.01546013651877 99.04680596726523 99.07518553040738 99.10003248341452 99.12392211177132 99.14449225896139 99.16415880950127 99.1809225563338 99.19710967506865 99.21090387975124 99.22341995390576 99.2353843233759 99.24563131639582 99.25547132093224 99.26389662775166 99.27149954629085 99.27880011168848 99.28505077751946 99.29102056529945 99.29613170634937 99.30074365940776 99.30517194247513 99.30896318726906 99.31258389439525 99.31566863443533 99.31846697510713 99.32115377627314 99.3234428149799 99.32563051237624 99.3274946944044 99.32928596853156 99.33081982954529 99.3322790032317 99.33352876137538 99.33472409125082 99.33574786648242 99.39922918618703 99.49381823186314 99.56754237211085 99.62035474077334 99.61055649014406 99.57989681337762 99.52831948959954 99.4767171831709 99.41465186267806 99.38377383091371 99.37371644341162 99.40527639563102 99.45766012940084 99.52043309074507 99.59358467866109 99.63547558937708 99.64607987176022 99.6358422654866 99.55265325976148 99.17775870759971 98.19860640156537 96.33392893066211 93.58371166744945 90.08339724950953 86.0934228271575 81.81173407192584 77.38418542602668 72.91495089923943 68.46654484667987 64.1118889635573 60.04892916950216 56.51727588783921 53.81905345383105 51.964678926022245 50.82914036768573 50.037390825799996 49.245640296511866 47.995497584320006 46.057768948374914 43.31785555421574 39.952863399632164 36.18156871525704 32.17065957421683 28.03473310095306 23.84671564578396 19.63786102444587 15.533184889951421 11.709793007718513 8.480224445267103 6.021584849840773 4.375546372463272 3.396257625209429 2.844105457374103 2.6461641808573804 2.719090085636126 3.00037538003228 3.406676336357722 3.781723396385559 4.052590750653091 4.177606515871287 4.198442555225352 4.156770760822123 4.052591123087601 3.8859036366581905 3.625454390637078 3.229571485242389 2.719090867606872 2.1461023952636715
72.67064653052904 74.57649124504357 76.38918484373723 78.10700007810237 79.72928251921189 81.25634866843563 82.68937355771158 84.0302731010061 85.28158578193741 86.44635747221905 87.52803234747986 88.53035206178924 89.45726460382322 90.31284361398764 91.10121840696421 91.82651452090757 92.4928042975944 93.10406677655277 93.66415604696604 94.1767771292569 94.64546843928866 95.07358990881869 95.46431588462495 95.82063199590628 96.14533525733135 96.44103675744338 96.71016636453244 96.95497896140078 97.17756179456804 97.37984259114515 97.56359815723177 97.7304632251238 97.8819393630405 98.01940380089894 98.14411805941393 98.25723629808469 98.35981332107121 98.45281219917251 98.53711148167683 98.6135119842956 98.6827431491982 98.74546898076427 98.80229356644166 98.85376619636132 98.90038609840099 98.94260680743851 98.98084018879676 99.01546013651877 99.04680596726523 99.07518553040738 99.10003248341452 99.12392211177132 99.14449225896139 99.16415880950127 99.1809225563338 99.19710967506865 99.21090387975124 99.22341995390576 99.2353843233759 99.24563131639582 99.25547132093224 99.26389662775166 99.27149954629085 99.27880011168848 99.28505077751946 99.29102056529945 99.29613170634937 99.30074365940776 99.30517194247513 99.30896318726906 99.31258389439525 99.31566863443533 99.31846697510713 99.32115377627314 99.3234428149799 99.32563051237624 99.3274946944044 99.32928596853156 99.33081982954529 99.3322790032317 99.33352876137538 99.33472409125082 99.33574786648242 99.39922918618703 99.49381823186314 99.56754237211085 99.62035474077334 99.61055649014406 99.57989681337762 99.52831948959954 99.4767171831709 99.41465186267806 99.38377383091371 99.37371644341162 99.40527639563102 99.45766012940084 99.52043309074507 99.59358467866109 99.63547558937708 99.64607987176022 99.6358422654866 99.55265325976148 99.17775870759971 98.19860640156537 96.33392893066211 93.58371166744945 90.08339724950953 86.0934228271575 81.81173407192584 77.38418542602668 72.91495089923943 68.46654484667987 64.1118889635573 60.04892916950216 56.51727588783921 53.81905345383105 51.964678926022245 50.82914036768573 50.037390825799996 49.245640296511866 47.995497584320006 46.057768948374914 43.31785555421574 39.952863399632164 36.18156871525704 32.17065957421683 28.03473310095306 23.84671564578396 19.63786102444587 15.533184889951421 11.709793007718513 8.480224445267103 6.021584849840773 4.375546372463272 3.396257625209429 2.844105457374103 2.6461641808573804 2.719090085636126 3.00037538003228 3.406676336357722 3.781723396385559 4.052590750653091 4.177606515871287 4.198442555225352 4.156770760822123 4.052591123087601 3.8859036366581905 3.625454390637078 3.229571485242389 2.719090867606872 2.1461023952636715
72.67064653052904 74.57649124504357 76.38918484373723 78.10700007810237 79.72928251921189 81.25634866843563 82.68937355771158 84.0302731010061 85.28158578193741 86.44635747221905 87.52803234747986 88.53035206178924 89.45726460382322 90.31284361398764 91.10121840696421 91.82651452090757 92.4928042975944 93.10406677655277 93.66415604696604 94.1767771292569 94.64546843928866 95.07358990881869 95.46431588462495 95.82063199590628 96.14533525733135 96.44103675744338 96.71016636453244 96.95497896140078 97.17756179456804 97.37984259114515 97.56359815723177 97.7304632251238 97.8819393630405 98.01940380089894 98.14411805941393 98.25723629808469 98.35981332107121 98.45281219917251 98.53711148167683 98.6135119842956 98.6827431491982 98.74546898076427 98.80229356644166 98.85376619636132 98.90038609840099 98.94260680743851 98.98084018879676 99.01546013651877 99.04680596726523 99.07518553040738 99.10003248341452 99.12392211177132 99.14449225896139 99.16415880950127 99.1809225563338 99.19710967506865 99.21090387975124 99.22341995390576 99.2353843233759 99.24563131639582 99.25547132093224 99.26389662775166 99.27149954629085 99.27880011168848 99.28505077751946 99.29102056529945 99.29613170634937 99.30074365940776 99.30517194247513 99.30896318726906 99.31258389439525 99.31566863443533 99.31846697510713 99.32115377627314 99.3234428149799 99.32563051237624 99.3274946944044 99.32928596853156 99.33081982954529 99.3322790032317 99.33352876137538 99.33472409125082 99.33574786648242 99.39922918618703 99.49381823186314 99.56754237211085 99.62035474077334 99.61055649014406 99.57989681337762 99.52831948959954 99.4767171831709 99.41465186267806 99.38377383091371 99.37371644341162 99.40527639563102 99.45766012940084 99.52043309074507 99.59358467866109 99.63547558937708 99.64607987176022 99.6358422654866 99.55265325976148 99.17775870759971 98.19860640156537 96.33392893066211 93.58371166744945 90.08339724950953 86.0934228271575 81.81173407192584 77.38418542602668 72.91495089923943 68.46654484667987 64.1118889635573 60.04892916950216 56.51727588783921 53.81905345383105 51.964678926022245 50.82914036768573 50.037390825799996 49.245640296511866 47.995497584320006 46.057768948374914 43.31785555421574 39.952863399632164 36.18156871525704 32.17065957421683 28.03473310095306 23.84671564578396 19.63786102444587 15.533184889951421 11.709793007718513 8.480224445267103 6.021584849840773 4.375546372463272 3.396257625209429 2.844105457374103 2.6461641808573804 2.719090085636126 3.00037538003228 3.406676336357722 3.781723396385559 4.052590750653091 4.177606515871287 4.198442555225352 4.156770760822123 4.052591123087601 3.8859036366581905 3.625454390637078 3.229571485242389 2.719090867606872 2.1461023952636715