4 151 9
300.0440999999999 302.0443999999999 304.0446999999999 306.0449999999999 308.0452999999999 310.0455999999999 312.0458999999999 314.0461999999999 316.04649999999987 318.0467999999999 320.0470999999999 322.04739999999987 324.0476999999999 326.0479999999999 328.04829999999987 330.0485999999999 332.0488999999999 334.04919999999987 336.0494999999999 338.0497999999999 340.0500999999999 342.05039999999985 344.0506999999999 346.0509999999999 348.05129999999986 350.0515999999999 352.0518999999999 354.05219999999986 356.0524999999999 358.0527999999999 360.05309999999986 362.0533999999999 364.0536999999999 366.05399999999986 368.0542999999999 370.0545999999999 372.05489999999986 374.0551999999999 376.0554999999999 378.05579999999986 380.05609999999984 382.0563999999999 384.05669999999986 386.05699999999985 388.0572999999999 390.05759999999987 392.05789999999985 394.0581999999999 396.05849999999987 398.05879999999985 399.99 402.04 403.99 406.05 407.99 410.06 412.01 413.96 416.02 417.97 420.04 422.0 423.95 426.02 427.98 430.05 432.01 433.96 436.03 437.99 440.06 442.01 443.96 446.03 447.98 450.04 451.98 454.04 455.99 458.04 459.98 462.03 463.97 466.02 467.95 470.0 472.05 473.98 476.02 477.96 480.0 482.05 483.98 486.03 487.96 490.01 492.06 493.99 496.05 497.98 500.04 501.98 504.04 505.98 508.04 509.99 512.05 514.0 515.95 518.01 519.96 522.03 523.98 526.04 527.99 530.05 532.0 534.06 536.0 538.06 540.0 542.05 543.99 546.04 547.98 550.03 551.96 554.0 556.04 557.97 560.01 562.05 563.98 566.01 568.05 569.98 572.01 574.05 575.97 578.01 580.05 581.98 584.02 585.95 588.0 590.04 591.97 594.02 595.96 598.01 599.95
0.0 13.54 26.89 39.77 50.0 60.0 70.0 80.0 90.0
72.75349827254115 74.66151583898615 76.47627608810272 78.19604980214868 79.82018180608307 81.34898896211865 82.78364764184633 84.12607594356437 85.37881524501394 86.54491489050437 87.62782298236618 88.63128544052536 89.55925475475647 90.41580920981926 91.20508282822364 91.93120585164674 92.59825526473864 93.21021464352694 93.7709424712388 94.28414799238755 94.75337365698137 95.18198322743298 95.57315466959038 95.92987701656571 96.25495047190168 96.5509891010413 96.82042554256543 97.06551725006628 97.28835384973142 97.49086526647186 97.67483033212235 97.8418856427357 97.9935344784678 98.13115563941439 98.25601208454894 98.36925928922695 98.47195326018974 98.56505816623248 98.64945355827675 98.72594116504327 98.79525126033782 98.85804860557086 98.91493797690983 98.96646929073086 99.013142344081 99.05541118891283 99.09368816011649 99.12834757801132 99.15972914611262 99.18814106477048 99.2130163457675 99.23693321066918 99.25752680986648 99.27721578222383 99.29399864138979 99.31020421504488 99.32401414648844 99.33654449020841 99.34852250024596 99.35878117585386 99.36863239897104 99.37706731147557 99.3846788980957 99.3919877868617 99.39824557907146 99.40422217300139 99.40933914125884 99.41395635240099 99.41838968415009 99.42218525133897 99.42581008643026 99.42889834337983 99.43169987443743 99.43438973882314 99.43668138726099 99.43887157884926 99.44073788622974 99.44253120258703 99.44406681235438 99.44552764964348 99.44677883263533 99.44797552530534 99.44900046774221 99.44998076850524 99.45081624996054 99.45161968325543 99.45234485573822 99.45296289594076 99.55661515062118 99.57773719996091 99.57822263951292 99.58896926690394 99.60995716180223 99.63093080351304 99.63123858141992 99.58000277482111 99.47720594600068 99.36406279334967 99.29213714633137 99.34385524610364 99.5295512986556 99.74614079950061 99.90088594979252 99.9525445357973 99.9423591720495 99.96307597536185 99.99908567824612 99.9991706149627 99.99924766138199 99.91187782047436 99.7264224591309 99.6234170112352 99.64408155961829 99.72658340318341 99.74723868031896 99.6235997031709 99.40719542270807 99.22170929696605 99.21143058907236 99.37636320554124 99.61343824085598 99.76805944189961 99.7165451595682 99.51043071604815 99.2733937577083 99.17034217962104 99.24250104918161 99.4177256729583 99.53110940518279 99.4589722808283 99.17039551250717 98.76844489588798 98.41802623661955 98.24281995945584 98.28405235707537 98.44896352049571 98.61387446227528 98.68602526547153 98.66541571647858 98.63449939083121 98.71695570751261 98.96431773963917 99.33535930028428 99.71670713325024 99.96406861924423 99.96407060693227 99.74763293258516 99.41782217689476 99.09831781474401 98.84065320798426 98.55206849171951
72.7214846066433 74.6286625895858 76.44262429114549 78.16164125448655 79.7850585928642 81.31319302906256 82.74722041703464 84.0890580110594 85.3412460705975 86.50683259815766 87.58926417880454 88.59228508414992 89.51984606475729 90.3760236108219 91.16494992576293 91.89075343383041 92.55750932568202 93.16919942445547 93.7296805155325 94.24266021125044 94.7116794028359 95.14010037254782 95.53109968783633 95.88766506655165 96.21259548006503 96.50850384355432 96.7778217251683 97.02280558515355 97.24554413020111 97.44796643599858 97.63185055164269 97.79883235303618 97.9504144588477 98.08797506246067 98.21277656710969 98.3259739397073 98.42862272232102 98.52168665948356 98.60604491508836 98.68249886507209 98.75177846189871 98.81454817446422 98.87141251281686 98.9229211513535 98.96957366719589 99.01182391250042 99.05008404071788 99.0847282074557 99.11609596674973 99.14449538333285 99.16935971847911 99.19326605926112 99.21385059667281 99.2335309053068 99.25030637952413 99.26650482225311 99.28030867692317 99.29283350692562 99.30480624628862 99.31506040777938 99.32490729607045 99.3333384969669 99.34094673426642 99.34825240690772 99.35450744550597 99.36048140955988 99.36559612620174 99.370211305636 99.37464268658954 99.37843658361793 99.38205982367582 99.38514672170204 99.38794702000409 99.39063570077086 99.3929263408164 99.39511556865635 99.39698105480703 99.3987735820527 99.40030851610686 99.40176871058485 99.40301934301961 99.40421550910987 99.40524000054211 99.40621986994415 99.40705498376317 99.40785806352393 99.40858291690964 99.40920068515642 99.42009887451482 99.47214261348148 99.52416241938215 99.53490961306692 99.49405655102083 99.4016533051966 99.28858194635829 99.22703393436898 99.27883592685966 99.4542853881804 99.67095686632811 99.8360594931005 99.89808366482535 99.89823759416198 99.91900010534229 99.98097005776164 99.99888269085895 99.95027300792718 99.795761904803 99.62062157138604 99.54854675984508 99.58984955697588 99.67237139334857 99.6518169540907 99.48695006732467 99.2705437540219 99.13658942424388 99.19847384097856 99.4149636948331 99.64175958629863 99.72424693244074 99.62119969349324 99.3944593710657 99.21925506498742 99.20896635235134 99.35328822463877 99.51822242989698 99.5388519943742 99.34302333323751 98.97196773399793 98.56998859172072 98.3226193503498 98.28139838304695 98.40509554096295 98.580328766191 98.68340962850203 98.66280064353975 98.62157593395622 98.65250305793671 98.84834877976915 99.19880547696357 99.58018438148845 99.84818111080077 99.89972112003169 99.72449729720651 99.42558377973745 99.11636271891021 98.85867863345672 98.58037937185276 98.0650088568072 97.15795527138437 95.76645178637278 94.04510990634887
72.78051192937843 74.68923795016589 76.50467202682032 78.22508429953427 79.84981934999774 81.3791941580757 82.81438553215037 84.15731228271736 85.41051673114129 86.57704935396491 87.6603595338125 88.66419458148474 89.59250845433095 90.44938095139395 91.23894763016222 91.96534026588772 92.63263735702076 93.24482395870622 93.80575998684111 94.31915606319565 94.7885559531035 95.21732466795542 95.60864135359051 95.96549615296053 96.29069030933462 96.58683885876849 96.85637534309117 97.10155805409613 97.32447739385732 97.52706400387433 97.71109737646911 97.87821471536896 98.0299198589035 98.16759211912233 98.29249492394051 98.40578417774601 98.50851627937959 98.60165575563602 98.68608248401756 98.76259849092992 98.8319343213324 98.89475498346393 98.9516654780477 99.00321592564596 99.04990630888233 99.09219084830062 99.13048203189254 99.16515431896401 99.1965475391636 99.22497000727734 99.24985452456293 99.27378026988956 99.29438151557032 99.31407779851968 99.33086688922651 99.34707848007412 99.36089353919894 99.37342853548427 99.3854109930035 99.39567347769756 99.4055283586122 99.41396640303255 99.42158081586439 99.42889241844921 99.43515253420153 99.44113134726405 99.44625021547171 99.4508691410023 99.45530411886473 99.45910109536247 99.46272727636912 99.4658166800005 99.46861925127749 99.4713101144203 99.47360261375613 99.47579361857106 99.47766061891873 99.47945460114134 99.48099078108658 99.48245216079023 99.48370380835121 99.48490094535786 99.48592626835985 99.48690693311237 99.48774272478516 99.48854645639796 99.48927189814012 99.48989016782339 99.6453068658534 99.79032110992006 99.8733816922157 99.90478883545812 99.89484356239416 99.84359622512956 99.761329322742 99.64808425197468 99.55545365336863 99.53503715026407 99.56622294941255 99.58705340306516 99.52530113123629 99.3912675012747 99.27787165339102 99.267674793921 99.39166052250114 99.56723984960752 99.701526403193 99.70161108717019 99.60878851607528 99.54692888964344 99.56763599005261 99.6709180073513 99.75354684599412 99.7123072680903 99.52654993794512 99.258213044944 99.03115898573994 98.92796966375334 98.95896409377053 99.03124627632265 99.07255791133052 99.05193530590772 99.01066513560875 99.03132742435456 99.17585375096961 99.40295719586126 99.65070297107866 99.80554828700242 99.84684803601861 99.77460178901616 99.63009956707347 99.4339853375481 99.11400323143762 98.6185429242162 97.91663743279274 97.0289309449912 96.01735740746312 94.94384997816213 93.7155084204856 92.13621087280438 90.06144591150449 87.43960226143675 84.39454695989066 80.90563531022198 77.00383423993925 72.6994658627017 68.06478575383439 63.09979407470117 57.70126841582418 51.796953272912276 45.603615422368364
72.67064653052904 74.57649124504357 76.38918484373723 78.10700007810237 79.72928251921189 81.25634866843563 82.68937355771158 84.0302731010061 85.28158578193741 86.44635747221905 87.52803234747986 88.53035206178924 89.45726460382322 90.31284361398764 91.10121840696421 91.82651452090757 92.4928042975944 93.10406677655277 93.66415604696604 94.1767771292569 94.64546843928866 95.07358990881869 95.46431588462495 95.82063199590628 96.14533525733135 96.44103675744338 96.71016636453244 96.95497896140078 97.17756179456804 97.37984259114515 97.56359815723177 97.7304632251238 97.8819393630405 98.01940380089894 98.14411805941393 98.25723629808469 98.35981332107121 98.45281219917251 98.53711148167683 98.6135119842956 98.6827431491982 98.74546898076427 98.80229356644166 98.85376619636132 98.90038609840099 98.94260680743851 98.98084018879676 99.01546013651877 99.04680596726523 99.07518553040738 99.10003248341452 99.12392211177132 99.14449225896139 99.16415880950127 99.1809225563338 99.19710967506865 99.21090387975124 99.22341995390576 99.2353843233759 99.24563131639582 99.25547132093224 99.26389662775166 99.27149954629085 99.27880011168848 99.28505077751946 99.29102056529945 99.29613170634937 99.30074365940776 99.30517194247513 99.30896318726906 99.31258389439525 99.31566863443533 99.31846697510713 99.32115377627314 99.3234428149799 99.32563051237624 99.3274946944044 99.32928596853156 99.33081982954529 99.3322790032317 99.33352876137538 99.33472409125082 99.33574786648242 99.33672705087815 99.3375615808865 99.33836409923092 99.3390884458867 99.33970578226456 99.402801066351 99.497067138912 99.57047469229737 99.62300280444202 99.61296073073342 99.58206892573348 99.53028827120717 99.47849550389111 99.41625593896998 99.38522989899863 99.37503153984399 99.40647089768281 99.4587396600377 99.52139981064268 99.59447197948036 99.63626900324329 99.64680763726432 99.63649319687039 99.55324900153961 99.17828960727726 98.19908383572812 96.33435145859836 93.58408400169563 90.08372082916021 86.09370334657746 81.81197792645739 77.38439175942297 72.91512875016716 68.46669404607421 64.11201677039105 60.04903616904251 56.51736801535368 53.81913186902478 51.96474813718482 50.829200877589855 50.03744534770099 49.24568825713218 47.995540368658325 46.057805663067064 43.317887136378204 39.952889670424355 36.18159029027585 32.170676875297836 28.034746906896526 23.84672616139365 19.6378688383173 15.533190549654169 11.709796828162974 8.480226941802787 6.02158647317119 4.375547429213743 3.396258365910145 2.844106025380875 2.6461646546680853 2.7190905252927826 3.0003758211039733 3.4066767889444467 3.7817238500791746 4.05259119211806 4.1776069271421505 4.198442930815105 4.156771096456483 4.052591416298875
72.67064653052904 74.57649124504357 76.38918484373723 78.10700007810237 79.72928251921189 81.25634866843563 82.68937355771158 84.0302731010061 85.28158578193741 86.44635747221905 87.52803234747986 88.53035206178924 89.45726460382322 90.31284361398764 91.10121840696421 91.82651452090757 92.4928042975944 93.10406677655277 93.66415604696604 94.1767771292569 94.64546843928866 95.07358990881869 95.46431588462495 95.82063199590628 96.14533525733135 96.44103675744338 96.71016636453244 96.95497896140078 97.17756179456804 97.37984259114515 97.56359815723177 97.7304632251238 97.8819393630405 98.01940380089894 98.14411805941393 98.25723629808469 98.35981332107121 98.45281219917251 98.53711148167683 98.6135119842956 98.6827431491982 98.74546898076427 98.80229356644166 98.85376619636132 98.90038609840099 98.94260680743851 98.98084018879676 99.01546013651877 99.04680596726523 99.07518553040738 99.10003248341452 99.12392211177132 99.14449225896139 99.16415880950127 99.1809225563338 99.19710967506865 99.21090387975124 99.22341995390576 99.2353843233759 99.24563131639582 99.25547132093224 99.26389662775166 99.27149954629085 99.27880011168848 99.28505077751946 99.29102056529945 99.29613170634937 99.30074365940776 99.30517194247513 99.30896318726906 99.31258389439525 99.31566863443533 99.31846697510713 99.32115377627314 99.3234428149799 99.32563051237624 99.3274946944044 99.32928596853156 99.33081982954529 99.3322790032317 99.33352876137538 99.33472409125082 99.33574786648242 99.33672705087815 99.3375615808865 99.33836409923092 99.3390884458867 99.33970578226456 99.402801066351 99.497067138912 99.57047469229737 99.62300280444202 99.61296073073342 99.58206892573348 99.53028827120717 99.47849550389111 99.41625593896998 99.38522989899863 99.37503153984399 99.40647089768281 99.4587396600377 99.52139981064268 99.59447197948036 99.63626900324329 99.64680763726432 99.63649319687039 99.55324900153961 99.17828960727726 98.19908383572812 96.33435145859836 93.58408400169563 90.08372082916021 86.09370334657746 81.81197792645739 77.38439175942297 72.91512875016716 68.46669404607421 64.11201677039105 60.04903616904251 56.51736801535368 53.81913186902478 51.96474813718482 50.829200877589855 50.03744534770099 49.24568825713218 47.995540368658325 46.057805663067064 43.317887136378204 39.952889670424355 36.18159029027585 32.170676875297836 28.034746906896526 23.84672616139365 19.6378688383173 15.533190549654169 11.709796828162974 8.480226941802787 6.02158647317119 4.375547429213743 3.396258365910145 2.844106025380875 2.6461646546680853 2.7190905252927826 3.0003758211039733 3.4066767889444467 3.7817238500791746 4.05259119211806 4.1776069271421505 4.198442930815105 4.156771096456483 4.052591416298875
72.67064653052904 74.57649124504357 76.38918484373723 78.10700007810237 79.72928251921189 81.25634866843563 82.68937355771158 84.0302731010061 85.28158578193741 86.44635747221905 87.52803234747986 88.53035206178924 89.45726460382322 90.31284361398764 91.10121840696421 91.82651452090757 92.4928042975944 93.10406677655277 93.66415604696604 94.1767771292569 94.64546843928866 95.07358990881869 95.46431588462495 95.82063199590628 96.14533525733135 96.44103675744338 96.71016636453244 96.95497896140078 97.17756179456804 97.37984259114515 97.56359815723177 97.7304632251238 97.8819393630405 98.01940380089894 98.14411805941393 98.25723629808469 98.35981332107121 98.45281219917251 98.53711148167683 98.6135119842956 98.6827431491982 98.74546898076427 98.80229356644166 98.85376619636132 98.90038609840099 98.94260680743851 98.98084018879676 99.01546013651877 99.04680596726523 99.07518553040738 99.10003248341452 99.12392211177132 99.14449225896139 99.16415880950127 99.1809225563338 99.19710967506865 99.21090387975124 99.22341995390576 99.2353843233759 99.24563131639582 99.25547132093224 99.26389662775166 99.27149954629085 99.27880011168848 99.28505077751946 99.29102056529945 99.29613170634937 99.30074365940776 99.30517194247513 99.30896318726906 99.31258389439525 99.31566863443533 99.31846697510713 99.32115377627314 99.3234428149799 99.32563051237624 99.3274946944044 99.32928596853156 99.33081982954529 99.3322790032317 99.33352876137538 99.33472409125082 99.33574786648242 99.33672705087815 99.3375615808865 99.33836409923092 99.3390884458867 99.33970578226456 99.402801066351 99.497067138912 99.57047469229737 99.62300280444202 99.61296073073342 99.58206892573348 99.53028827120717 99.47849550389111 99.41625593896998 99.38522989899863 99.37503153984399 99.40647089768281 99.4587396600377 99.52139981064268 99.59447197948036 99.63626900324329 99.64680763726432 99.63649319687039 99.55324900153961 99.17828960727726 98.19908383572812 96.33435145859836 93.58408400169563 90.08372082916021 86.09370334657746 81.81197792645739 77.38439175942297 72.91512875016716 68.46669404607421 64.11201677039105 60.04903616904251 56.51736801535368 53.81913186902478 51.96474813718482 50.829200877589855 50.03744534770099 49.24568825713218 47.995540368658325 46.057805663067064 43.317887136378204 39.952889670424355 36.18159029027585 32.170676875297836 28.034746906896526 23.84672616139365 19.6378688383173 15.533190549654169 11.709796828162974 8.480226941802787 6.02158647317119 4.375547429213743 3.396258365910145 2.844106025380875 2.6461646546680853 2.7190905252927826 3.0003758211039733 3.4066767889444467 3.7817238500791746 4.05259119211806 4.1776069271421505 4.198442930815105 4.156771096456483 4.052591416298875
72.67064653052904 74.57649124504357 76.38918484373723 78.10700007810237 79.72928251921189 81.25634866843563 82.68937355771158 84.0302731010061 85.28158578193741 86.44635747221905 87.52803234747986 88.53035206178924 89.45726460382322 90.31284361398764 91.10121840696421 91.82651452090757 92.4928042975944 93.10406677655277 93.66415604696604 94.1767771292569 94.64546843928866 95.07358990881869 95.46431588462495 95.82063199590628 96.14533525733135 96.44103675744338 96.71016636453244 96.95497896140078 97.17756179456804 97.37984259114515 97.56359815723177 97.7304632251238 97.8819393630405 98.01940380089894 98.14411805941393 98.25723629808469 98.35981332107121 98.45281219917251 98.53711148167683 98.6135119842956 98.6827431491982 98.74546898076427 98.80229356644166 98.85376619636132 98.90038609840099 98.94260680743851 98.98084018879676 99.01546013651877 99.04680596726523 99.07518553040738 99.10003248341452 99.12392211177132 99.14449225896139 99.16415880950127 99.1809225563338 99.19710967506865 99.21090387975124 99.22341995390576 99.2353843233759 99.24563131639582 99.25547132093224 99.26389662775166 99.27149954629085 99.27880011168848 99.28505077751946 99.29102056529945 99.29613170634937 99.30074365940776 99.30517194247513 99.30896318726906 99.31258389439525 99.31566863443533 99.31846697510713 99.32115377627314 99.3234428149799 99.32563051237624 99.3274946944044 99.32928596853156 99.33081982954529 99.3322790032317 99.33352876137538 99.33472409125082 99.33574786648242 99.33672705087815 99.3375615808865 99.33836409923092 99.3390884458867 99.33970578226456 99.402801066351 99.497067138912 99.57047469229737 99.62300280444202 99.61296073073342 99.58206892573348 99.53028827120717 99.47849550389111 99.41625593896998 99.38522989899863 99.37503153984399 99.40647089768281 99.4587396600377 99.52139981064268 99.59447197948036 99.63626900324329 99.64680763726432 99.63649319687039 99.55324900153961 99.17828960727726 98.19908383572812 96.33435145859836 93.58408400169563 90.08372082916021 86.09370334657746 81.81197792645739 77.38439175942297 72.91512875016716 68.46669404607421 64.11201677039105 60.04903616904251 56.51736801535368 53.81913186902478 51.96474813718482 50.829200877589855 50.03744534770099 49.24568825713218 47.995540368658325 46.057805663067064 43.317887136378204 39.952889670424355 36.18159029027585 32.170676875297836 28.034746906896526 23.84672616139365 19.6378688383173 15.533190549654169 11.709796828162974 8.480226941802787 6.02158647317119 4.375547429213743 3.396258365910145 2.844106025380875 2.6461646546680853 2.7190905252927826 3.0003758211039733 3.4066767889444467 3.7817238500791746 4.05259119211806 4.1776069271421505 4.198442930815105 4.156771096456483 4.052591416298875
72.67064653052904 74.57649124504357 76.38918484373723 78.10700007810237 79.72928251921189 81.25634866843563 82.68937355771158 84.0302731010061 85.28158578193741 86.44635747221905 87.52803234747986 88.53035206178924 89.45726460382322 90.31284361398764 91.10121840696421 91.82651452090757 92.4928042975944 93.10406677655277 93.66415604696604 94.1767771292569 94.64546843928866 95.07358990881869 95.46431588462495 95.82063199590628 96.14533525733135 96.44103675744338 96.71016636453244 96.95497896140078 97.17756179456804 97.37984259114515 97.56359815723177 97.7304632251238 97.8819393630405 98.01940380089894 98.14411805941393 98.25723629808469 98.35981332107121 98.45281219917251 98.53711148167683 98.6135119842956 98.6827431491982 98.74546898076427 98.80229356644166 98.85376619636132 98.90038609840099 98.94260680743851 98.98084018879676 99.01546013651877 99.04680596726523 99.07518553040738 99.10003248341452 99.12392211177132 99.14449225896139 99.16415880950127 99.1809225563338 99.19710967506865 99.21090387975124 99.22341995390576 99.2353843233759 99.24563131639582 99.25547132093224 99.26389662775166 99.27149954629085 99.27880011168848 99.28505077751946 99.29102056529945 99.29613170634937 99.30074365940776 99.30517194247513 99.30896318726906 99.31258389439525 99.31566863443533 99.31846697510713 99.32115377627314 99.3234428149799 99.32563051237624 99.3274946944044 99.32928596853156 99.33081982954529 99.3322790032317 99.33352876137538 99.33472409125082 99.33574786648242 99.33672705087815 99.3375615808865 99.33836409923092 99.3390884458867 99.33970578226456 99.402801066351 99.497067138912 99.57047469229737 99.62300280444202 99.61296073073342 99.58206892573348 99.53028827120717 99.47849550389111 99.41625593896998 99.38522989899863 99.37503153984399 99.40647089768281 99.4587396600377 99.52139981064268 99.59447197948036 99.63626900324329 99.64680763726432 99.63649319687039 99.55324900153961 99.17828960727726 98.19908383572812 96.33435145859836 93.58408400169563 90.08372082916021 86.09370334657746 81.81197792645739 77.38439175942297 72.91512875016716 68.46669404607421 64.11201677039105 60.04903616904251 56.51736801535368 53.81913186902478 51.96474813718482 50.829200877589855 50.03744534770099 49.24568825713218 47.995540368658325 46.057805663067064 43.317887136378204 39.952889670424355 36.18159029027585 32.170676875297836 28.034746906896526 23.84672616139365 19.6378688383173 15.533190549654169 11.709796828162974 8.480226941802787 6.02158647317119 4.375547429213743 3.396258365910145 2.844106025380875 2.6461646546680853 2.7190905252927826 3.0003758211039733 3.4066767889444467 3.7817238500791746 4.05259119211806 4.1776069271421505 4.198442930815105 4.156771096456483 4.052591416298875
72.67064653052904 74.57649124504357 76.38918484373723 78.10700007810237 79.72928251921189 81.25634866843563 82.68937355771158 84.0302731010061 85.28158578193741 86.44635747221905 87.52803234747986 88.53035206178924 89.45726460382322 90.31284361398764 91.10121840696421 91.82651452090757 92.4928042975944 93.10406677655277 93.66415604696604 94.1767771292569 94.64546843928866 95.07358990881869 95.46431588462495 95.82063199590628 96.14533525733135 96.44103675744338 96.71016636453244 96.95497896140078 97.17756179456804 97.37984259114515 97.56359815723177 97.7304632251238 97.8819393630405 98.01940380089894 98.14411805941393 98.25723629808469 98.35981332107121 98.45281219917251 98.53711148167683 98.6135119842956 98.6827431491982 98.74546898076427 98.80229356644166 98.85376619636132 98.90038609840099 98.94260680743851 98.98084018879676 99.01546013651877 99.04680596726523 99.07518553040738 99.10003248341452 99.12392211177132 99.14449225896139 99.16415880950127 99.1809225563338 99.19710967506865 99.21090387975124 99.22341995390576 99.2353843233759 99.24563131639582 99.25547132093224 99.26389662775166 99.27149954629085 99.27880011168848 99.28505077751946 99.29102056529945 99.29613170634937 99.30074365940776 99.30517194247513 99.30896318726906 99.31258389439525 99.31566863443533 99.31846697510713 99.32115377627314 99.3234428149799 99.32563051237624 99.3274946944044 99.32928596853156 99.33081982954529 99.3322790032317 99.33352876137538 99.33472409125082 99.33574786648242 99.33672705087815 99.3375615808865 99.33836409923092 99.3390884458867 99.33970578226456 99.402801066351 99.497067138912 99.57047469229737 99.62300280444202 99.61296073073342 99.58206892573348 99.53028827120717 99.47849550389111 99.41625593896998 99.38522989899863 99.37503153984399 99.40647089768281 99.4587396600377 99.52139981064268 99.59447197948036 99.63626900324329 99.64680763726432 99.63649319687039 99.55324900153961 99.17828960727726 98.19908383572812 96.33435145859836 93.58408400169563 90.08372082916021 86.09370334657746 81.81197792645739 77.38439175942297 72.91512875016716 68.46669404607421 64.11201677039105 60.04903616904251 56.51736801535368 53.81913186902478 51.96474813718482 50.829200877589855 50.03744534770099 49.24568825713218 47.995540368658325 46.057805663067064 43.317887136378204 39.952889670424355 36.18159029027585 32.170676875297836 28.034746906896526 23.84672616139365 19.6378688383173 15.533190549654169 11.709796828162974 8.480226941802787 6.02158647317119 4.375547429213743 3.396258365910145 2.844106025380875 2.6461646546680853 2.7190905252927826 3.0003758211039733 3.4066767889444467 3.7817238500791746 4.05259119211806 4.1776069271421505 4.198442930815105 4.156771096456483 4.052591416298875